0 0.352417 0.678228 0.177655 0.153538
0 0.256987 0.480805 0.151749 0.133148
0 0.577545 0.462126 0.13763 0.16787
0 0.887511 0.721548 0.224977 0.205718
0 0.069583 0.294717 0.137548 0.189701
0 0.731417 0.513435 0.130355 0.148385
0 0.753511 0.710816 0.0795742 0.157845
0 0.316653 0.139628 0.149854 0.130024
0 0.352417 0.678228 0.177655 0.153538
0 0.256987 0.480805 0.151749 0.133148
0 0.577545 0.462126 0.13763 0.16787
0 0.887511 0.721548 0.224977 0.205718
0 0.069583 0.294717 0.137548 0.189701
0 0.731417 0.513435 0.130355 0.148385
0 0.753511 0.710816 0.0795742 0.157845
0 0.316653 0.139628 0.149854 0.130024
0 0.255193 0.475658 0.155067 0.149152
0 0.068706 0.302735 0.137412 0.201791
0 0.0869048 0.156454 0.103068 0.0659416
0 0.591681 0.454612 0.159096 0.193759
0 0.886207 0.738679 0.227587 0.269166
0 0.60102 0.651197 0.0759649 0.160302
0 0.71539 0.519144 0.0941444 0.127813
0 0.362513 0.170979 0.216995 0.177502
0 0.76203 0.709627 0.0969896 0.148467
0 0.702211 0.284014 0.0824696 0.106957
0 0.361152 0.67034 0.172947 0.167537
0 0.947099 0.401833 0.103107 0.126365
0 0.0634054 0.0405904 0.126811 0.0764985
0 0.334227 0.238906 0.0673129 0.0970361
0 0.12897 0.882271 0.25794 0.229837
