0 0.725958 0.664786 0.105462 0.222093
0 0.394493 0.607203 0.143439 0.268428
0 0.553559 0.525255 0.13557 0.24547
0 0.699649 0.903981 0.124813 0.192039
0 0.351474 0.226886 0.101393 0.106564
0 0.962526 0.799716 0.0749487 0.258549
0 0.826392 0.345921 0.0514359 0.111323
0 0.0572293 0.466576 0.101792 0.16888
0 0.669964 0.346042 0.0710407 0.0963238
0 0.256735 0.363699 0.0757701 0.0972403
0 0.725958 0.664786 0.105462 0.222093
0 0.394493 0.607203 0.143439 0.268428
0 0.553559 0.525255 0.13557 0.24547
0 0.699649 0.903981 0.124813 0.192039
0 0.351474 0.226886 0.101393 0.106564
0 0.962526 0.799716 0.0749487 0.258549
0 0.826392 0.345921 0.0514359 0.111323
0 0.0572293 0.466576 0.101792 0.16888
0 0.669964 0.346042 0.0710407 0.0963238
0 0.256735 0.363699 0.0757701 0.0972403
0 0.395035 0.613283 0.148367 0.245471
0 0.550119 0.518987 0.140929 0.2324
0 0.699434 0.892123 0.13734 0.215754
0 0.726838 0.661583 0.104825 0.233246
0 0.672444 0.348553 0.0658461 0.0904924
0 0.354786 0.219548 0.107228 0.0947078
0 0.962458 0.796681 0.0750841 0.225878
0 0.0708306 0.934372 0.0659342 0.0770396
