0 0.655503 0.769301 0.113421 0.194445
0 0.708949 0.461005 0.197868 0.15189
0 0.94195 0.932844 0.116099 0.134313
0 0.795768 0.697549 0.127201 0.145109
0 0.916335 0.696904 0.113148 0.114733
0 0.437243 0.506981 0.0370094 0.0974037
0 0.122916 0.531509 0.148147 0.112151
0 0.0936834 0.318154 0.0868187 0.086027
0 0.375182 0.630418 0.0560914 0.10324
0 0.355062 0.629906 0.0724087 0.115191
0 0.896201 0.534188 0.0824299 0.117615
0 0.289985 0.649225 0.0444376 0.105717
0 0.343314 0.626345 0.0558298 0.120828
0 0.072632 0.429705 0.0827599 0.0681507
0 0.278484 0.377021 0.132635 0.10324
0 0.342393 0.191411 0.0876013 0.0791974
0 0.349393 0.468106 0.0726621 0.0872774
0 0.655503 0.769301 0.113421 0.194445
0 0.708949 0.461005 0.197868 0.15189
0 0.94195 0.932844 0.116099 0.134313
0 0.795768 0.697549 0.127201 0.145109
0 0.916335 0.696904 0.113148 0.114733
0 0.437243 0.506981 0.0370094 0.0974037
0 0.122916 0.531509 0.148147 0.112151
0 0.0936834 0.318154 0.0868187 0.086027
0 0.375182 0.630418 0.0560914 0.10324
0 0.355062 0.629906 0.0724087 0.115191
0 0.896201 0.534188 0.0824299 0.117615
0 0.289985 0.649225 0.0444376 0.105717
0 0.343314 0.626345 0.0558298 0.120828
0 0.072632 0.429705 0.0827599 0.0681507
0 0.278484 0.377021 0.132635 0.10324
0 0.342393 0.191411 0.0876013 0.0791974
0 0.349393 0.468106 0.0726621 0.0872774
0 0.129904 0.536595 0.169571 0.125048
0 0.654742 0.762418 0.119251 0.179433
0 0.7968 0.698923 0.138163 0.152497
0 0.721242 0.470697 0.192128 0.150162
0 0.917842 0.691166 0.0946873 0.104689
0 0.936756 0.934035 0.119176 0.131929
0 0.0722522 0.431712 0.0863352 0.0637795
0 0.357385 0.468133 0.0708825 0.0666392
0 0.506349 0.40007 0.073604 0.0510217
0 0.340782 0.196625 0.0833632 0.0654165
0 0.281485 0.379005 0.100389 0.102645
0 0.703565 0.552454 0.0992325 0.0832805
0 0.712682 0.558509 0.082519 0.0714767
0 0.896971 0.537099 0.0808445 0.0876591
0 0.341084 0.62511 0.0409298 0.107137
0 0.437821 0.507856 0.039852 0.0900782
0 0.372348 0.635513 0.0555692 0.0910667
0 0.911816 0.277639 0.112663 0.0753607
0 0.353235 0.631762 0.0605866 0.105972
0 0.0989386 0.323403 0.10469 0.103933
