0 0.482893 0.126331 0.187355 0.176595
0 0.674278 0.270101 0.157434 0.128986
0 0.143979 0.0360656 0.0975633 0.0721313
0 0.755122 0.520974 0.126722 0.091885
0 0.927944 0.807676 0.144112 0.297971
0 0.0488785 0.282007 0.097757 0.211334
0 0.482893 0.126331 0.187355 0.176595
0 0.674278 0.270101 0.157434 0.128986
0 0.143979 0.0360656 0.0975633 0.0721313
0 0.755122 0.520974 0.126722 0.091885
0 0.927944 0.807676 0.144112 0.297971
0 0.0488785 0.282007 0.097757 0.211334
0 0.675727 0.273153 0.140738 0.115811
0 0.477908 0.134944 0.178443 0.178602
0 0.761009 0.524914 0.128869 0.103799
0 0.794553 0.251063 0.0871901 0.0777269
0 0.928793 0.827603 0.139965 0.241009
0 0.910766 0.260195 0.128281 0.133213
0 0.139195 0.0432895 0.0885087 0.061524
