0 0.321233 0.411511 0.227613 0.314461
0 0.514073 0.509502 0.186851 0.339439
0 0.548712 0.755082 0.167723 0.124687
0 0.524499 0.888525 0.312315 0.222951
0 0.871343 0.761907 0.211576 0.258703
0 0.409804 0.284365 0.109777 0.133191
0 0.221503 0.407593 0.0856729 0.202085
0 0.758982 0.543817 0.132231 0.137485
0 0.0932885 0.142447 0.0700244 0.105023
0 0.849799 0.235338 0.0951923 0.0979707
0 0.0497046 0.0536218 0.0983348 0.107244
0 0.321233 0.411511 0.227613 0.314461
0 0.514073 0.509502 0.186851 0.339439
0 0.548712 0.755082 0.167723 0.124687
0 0.524499 0.888525 0.312315 0.222951
0 0.871343 0.761907 0.211576 0.258703
0 0.409804 0.284365 0.109777 0.133191
0 0.221503 0.407593 0.0856729 0.202085
0 0.758982 0.543817 0.132231 0.137485
0 0.0932885 0.142447 0.0700244 0.105023
0 0.849799 0.235338 0.0951923 0.0979707
0 0.0497046 0.0536218 0.0983348 0.107244
0 0.547656 0.756888 0.160887 0.129544
0 0.404707 0.288852 0.109795 0.135028
0 0.325012 0.425956 0.201918 0.28777
0 0.510709 0.529412 0.218567 0.366504
0 0.761503 0.540617 0.1089 0.133916
0 0.561953 0.885723 0.231458 0.199462
0 0.0376814 0.570873 0.0753628 0.306295
0 0.610218 0.523833 0.0993796 0.120919
0 0.854001 0.233385 0.09352 0.0944894
0 0.516133 0.87916 0.328314 0.206381
0 0.590403 0.316972 0.188642 0.177343
0 0.928483 0.41504 0.079469 0.0874769
0 0.0513307 0.562185 0.102661 0.321312
