0 0.773274 0.417133 0.210989 0.300741
0 0.649054 0.0828824 0.180871 0.150567
0 0.822546 0.0784822 0.211474 0.156964
0 0.229257 0.308332 0.253811 0.271698
0 0.0633996 0.110968 0.120631 0.210773
0 0.846309 0.194047 0.0938587 0.0858294
0 0.869461 0.48092 0.261077 0.274499
0 0.234597 0.112307 0.276241 0.224615
0 0.95053 0.0953333 0.0945759 0.09455
0 0.704551 0.793243 0.147249 0.175623
0 0.773274 0.417133 0.210989 0.300741
0 0.649054 0.0828824 0.180871 0.150567
0 0.822546 0.0784822 0.211474 0.156964
0 0.229257 0.308332 0.253811 0.271698
0 0.0633996 0.110968 0.120631 0.210773
0 0.846309 0.194047 0.0938587 0.0858294
0 0.869461 0.48092 0.261077 0.274499
0 0.234597 0.112307 0.276241 0.224615
0 0.95053 0.0953333 0.0945759 0.09455
0 0.704551 0.793243 0.147249 0.175623
0 0.654586 0.0778554 0.179886 0.155711
0 0.82166 0.451052 0.314348 0.327868
0 0.837782 0.195303 0.112862 0.0796098
0 0.0692735 0.125466 0.138547 0.181469
0 0.220041 0.332306 0.284863 0.37799
0 0.222361 0.114621 0.309013 0.229243
0 0.829682 0.0868313 0.186461 0.173663
