0 0.803264 0.840588 0.296467 0.318824
0 0.939609 0.673949 0.0960922 0.178802
0 0.931726 0.336034 0.124088 0.114751
0 0.816393 0.497337 0.0623134 0.115701
0 0.857278 0.883158 0.136461 0.233683
0 0.803264 0.840588 0.296467 0.318824
0 0.939609 0.673949 0.0960922 0.178802
0 0.931726 0.336034 0.124088 0.114751
0 0.816393 0.497337 0.0623134 0.115701
0 0.857278 0.883158 0.136461 0.233683
0 0.788898 0.842832 0.255337 0.314336
0 0.930126 0.331043 0.125395 0.119222
0 0.931781 0.670293 0.103442 0.181346
0 0.864488 0.410146 0.0805752 0.0673891
0 0.815147 0.497562 0.0639459 0.107986
0 0.694055 0.447738 0.0901283 0.0678506
0 0.08119 0.661199 0.0373983 0.0526559
