0 0.180775 0.51277 0.236349 0.245541
0 0.449313 0.208203 0.186674 0.168446
0 0.666791 0.67854 0.141266 0.249889
0 0.862449 0.454396 0.0801994 0.170328
0 0.807471 0.250797 0.0812386 0.0577915
0 0.890362 0.325143 0.097961 0.0883634
0 0.369687 0.508364 0.0653301 0.136976
0 0.524615 0.661042 0.097407 0.141074
0 0.180775 0.51277 0.236349 0.245541
0 0.449313 0.208203 0.186674 0.168446
0 0.666791 0.67854 0.141266 0.249889
0 0.862449 0.454396 0.0801994 0.170328
0 0.807471 0.250797 0.0812386 0.0577915
0 0.890362 0.325143 0.097961 0.0883634
0 0.369687 0.508364 0.0653301 0.136976
0 0.524615 0.661042 0.097407 0.141074
0 0.166065 0.517225 0.25268 0.267386
0 0.661977 0.666815 0.138689 0.25447
0 0.463637 0.21595 0.210347 0.205426
0 0.620356 0.196534 0.0855164 0.0548584
0 0.655617 0.383514 0.327803 0.298192
0 0.867466 0.449196 0.0753958 0.177789
0 0.801924 0.251105 0.0900448 0.0544098
0 0.188056 0.0365829 0.153284 0.0728673
0 0.888577 0.321846 0.104842 0.0770574
