0 0.764076 0.313364 0.161109 0.126301
0 0.0788122 0.104199 0.157624 0.208398
0 0.412357 0.0772002 0.0940395 0.0909076
0 0.40361 0.421459 0.225941 0.178115
0 0.645988 0.0604658 0.125702 0.120932
0 0.950769 0.0513478 0.0984628 0.102696
0 0.267867 0.107297 0.0995983 0.214595
0 0.711388 0.627173 0.172163 0.423788
0 0.250087 0.603369 0.101075 0.193802
0 0.764076 0.313364 0.161109 0.126301
0 0.0788122 0.104199 0.157624 0.208398
0 0.412357 0.0772002 0.0940395 0.0909076
0 0.40361 0.421459 0.225941 0.178115
0 0.645988 0.0604658 0.125702 0.120932
0 0.950769 0.0513478 0.0984628 0.102696
0 0.267867 0.107297 0.0995983 0.214595
0 0.711388 0.627173 0.172163 0.423788
0 0.250087 0.603369 0.101075 0.193802
0 0.764353 0.314351 0.146709 0.13059
0 0.397385 0.439382 0.20031 0.242748
0 0.0750437 0.10202 0.150087 0.20404
0 0.655123 0.191761 0.0982149 0.0653117
0 0.94915 0.369971 0.101701 0.112638
0 0.264181 0.106068 0.112833 0.212135
0 0.734461 0.649882 0.154298 0.409276
0 0.938373 0.17797 0.0880482 0.0940812
0 0.949075 0.045046 0.10185 0.090092
