0 0.167157 0.301513 0.148714 0.131833
0 0.437019 0.080186 0.146281 0.115141
0 0.514899 0.457439 0.132215 0.240823
0 0.114635 0.0577224 0.177999 0.115445
0 0.228378 0.107312 0.116166 0.0838762
0 0.422981 0.421881 0.0558905 0.176157
0 0.284681 0.240092 0.0411162 0.0906496
0 0.947153 0.518468 0.100279 0.127901
0 0.296269 0.691613 0.0576865 0.183747
0 0.144353 0.43525 0.0930244 0.0791994
0 0.0911592 0.0641461 0.160384 0.104875
0 0.167157 0.301513 0.148714 0.131833
0 0.437019 0.080186 0.146281 0.115141
0 0.514899 0.457439 0.132215 0.240823
0 0.114635 0.0577224 0.177999 0.115445
0 0.228378 0.107312 0.116166 0.0838762
0 0.422981 0.421881 0.0558905 0.176157
0 0.284681 0.240092 0.0411162 0.0906496
0 0.947153 0.518468 0.100279 0.127901
0 0.296269 0.691613 0.0576865 0.183747
0 0.144353 0.43525 0.0930244 0.0791994
0 0.0911592 0.0641461 0.160384 0.104875
0 0.169482 0.301312 0.143796 0.136263
0 0.442624 0.0786679 0.156523 0.116639
0 0.108483 0.059503 0.189751 0.119006
0 0.612803 0.552903 0.138023 0.271019
0 0.519885 0.458516 0.124717 0.24017
0 0.252225 0.119769 0.154004 0.110595
0 0.192077 0.192332 0.071093 0.0781087
