0 0.122704 0.677324 0.209065 0.163624
0 0.88655 0.207441 0.226901 0.272738
0 0.811698 0.520624 0.207385 0.200046
0 0.58077 0.700505 0.414769 0.396885
0 0.307303 0.694931 0.151158 0.135925
0 0.525712 0.668842 0.342981 0.418361
0 0.168911 0.36646 0.105332 0.240195
0 0.650369 0.713646 0.399411 0.372447
0 0.253449 0.107967 0.179284 0.104408
0 0.9724 0.789103 0.0552008 0.1152
0 0.594389 0.287089 0.117459 0.120871
0 0.0304917 0.475317 0.0598733 0.164879
0 0.965112 0.91371 0.0563685 0.157276
0 0.702627 0.262808 0.108195 0.0911937
0 0.122704 0.677324 0.209065 0.163624
0 0.88655 0.207441 0.226901 0.272738
0 0.811698 0.520624 0.207385 0.200046
0 0.58077 0.700505 0.414769 0.396885
0 0.307303 0.694931 0.151158 0.135925
0 0.525712 0.668842 0.342981 0.418361
0 0.168911 0.36646 0.105332 0.240195
0 0.650369 0.713646 0.399411 0.372447
0 0.253449 0.107967 0.179284 0.104408
0 0.9724 0.789103 0.0552008 0.1152
0 0.594389 0.287089 0.117459 0.120871
0 0.0304917 0.475317 0.0598733 0.164879
0 0.965112 0.91371 0.0563685 0.157276
0 0.702627 0.262808 0.108195 0.0911937
0 0.109563 0.670161 0.197544 0.158949
0 0.250351 0.10926 0.169564 0.115801
0 0.428471 0.463315 0.18636 0.182008
0 0.896059 0.208722 0.207881 0.236941
0 0.804548 0.533845 0.225758 0.21051
0 0.954243 0.890756 0.0915148 0.133195
0 0.95958 0.758796 0.0808395 0.150614
0 0.171988 0.353555 0.125197 0.267198
0 0.312068 0.69977 0.156013 0.181241
0 0.0320146 0.442949 0.0624619 0.226377
0 0.634705 0.739142 0.453187 0.416984
0 0.444682 0.587819 0.181199 0.205017
0 0.562622 0.349959 0.0916133 0.125207
0 0.959153 0.571015 0.0734249 0.220655
