0 0.806923 0.79125 0.202037 0.189384
0 0.584689 0.347269 0.149797 0.108267
0 0.255177 0.0644088 0.158436 0.128818
0 0.331819 0.519616 0.293007 0.286732
0 0.494709 0.199514 0.145342 0.137998
0 0.804776 0.409377 0.390449 0.385956
0 0.751268 0.49635 0.099695 0.170046
0 0.24162 0.0438767 0.139758 0.0877534
0 0.906175 0.704091 0.0828533 0.12797
0 0.639211 0.213305 0.0766157 0.0614435
0 0.806923 0.79125 0.202037 0.189384
0 0.584689 0.347269 0.149797 0.108267
0 0.255177 0.0644088 0.158436 0.128818
0 0.331819 0.519616 0.293007 0.286732
0 0.494709 0.199514 0.145342 0.137998
0 0.804776 0.409377 0.390449 0.385956
0 0.751268 0.49635 0.099695 0.170046
0 0.24162 0.0438767 0.139758 0.0877534
0 0.906175 0.704091 0.0828533 0.12797
0 0.639211 0.213305 0.0766157 0.0614435
0 0.584319 0.347427 0.166893 0.126881
0 0.336713 0.551675 0.233999 0.228547
0 0.250717 0.0660721 0.168361 0.132144
0 0.508176 0.200772 0.160266 0.136524
0 0.799921 0.790755 0.200202 0.175106
0 0.807315 0.40745 0.385369 0.366187
0 0.637162 0.215105 0.0883106 0.0547079
0 0.143097 0.153639 0.0518361 0.042654
