0 0.176923 0.309157 0.134672 0.132627
0 0.43293 0.089329 0.134299 0.105788
0 0.101384 0.0724362 0.177122 0.118908
0 0.442766 0.601014 0.262098 0.304413
0 0.673954 0.167635 0.111475 0.114548
0 0.527412 0.485644 0.132712 0.260502
0 0.448108 0.583576 0.265495 0.419459
0 0.0693286 0.254917 0.0841112 0.100993
0 0.258206 0.117112 0.155385 0.10374
0 0.658833 0.580564 0.211965 0.362384
0 0.176923 0.309157 0.134672 0.132627
0 0.43293 0.089329 0.134299 0.105788
0 0.101384 0.0724362 0.177122 0.118908
0 0.442766 0.601014 0.262098 0.304413
0 0.673954 0.167635 0.111475 0.114548
0 0.527412 0.485644 0.132712 0.260502
0 0.448108 0.583576 0.265495 0.419459
0 0.0693286 0.254917 0.0841112 0.100993
0 0.258206 0.117112 0.155385 0.10374
0 0.658833 0.580564 0.211965 0.362384
0 0.181966 0.307984 0.134819 0.13952
0 0.434173 0.0864352 0.135737 0.108371
0 0.109785 0.0710249 0.183608 0.121581
0 0.270848 0.129361 0.191441 0.132153
0 0.623003 0.579892 0.10884 0.263353
0 0.530191 0.492996 0.118961 0.307187
