0 0.833671 0.91542 0.154278 0.169159
0 0.938468 0.893993 0.123064 0.212015
0 0.351014 0.814255 0.0643635 0.166603
0 0.612744 0.906249 0.0926326 0.186289
0 0.750518 0.847163 0.121992 0.206
0 0.654337 0.513558 0.139783 0.163735
0 0.20811 0.533877 0.0944332 0.294011
0 0.459233 0.507947 0.107572 0.216524
0 0.304712 0.504046 0.0923506 0.157245
0 0.576981 0.549056 0.103505 0.15726
0 0.0991802 0.426979 0.137727 0.0980124
0 0.966308 0.494251 0.0621326 0.139795
0 0.576088 0.654934 0.101487 0.107617
0 0.0448691 0.533082 0.0813463 0.208541
0 0.729068 0.628503 0.0829683 0.0854869
0 0.883095 0.765582 0.111665 0.168819
0 0.475443 0.854542 0.0500732 0.186935
0 0.322355 0.520202 0.0467527 0.119573
0 0.318314 0.508582 0.0627674 0.155436
0 0.502781 0.463968 0.0587481 0.101219
0 0.949903 0.903932 0.0983215 0.192135
0 0.378307 0.626047 0.0389315 0.131958
0 0.574915 0.764689 0.0836883 0.0749847
0 0.203656 0.499454 0.0818389 0.286518
0 0.206332 0.322897 0.179159 0.169288
0 0.833671 0.91542 0.154278 0.169159
0 0.938468 0.893993 0.123064 0.212015
0 0.351014 0.814255 0.0643635 0.166603
0 0.612744 0.906249 0.0926326 0.186289
0 0.750518 0.847163 0.121992 0.206
0 0.654337 0.513558 0.139783 0.163735
0 0.20811 0.533877 0.0944332 0.294011
0 0.459233 0.507947 0.107572 0.216524
0 0.304712 0.504046 0.0923506 0.157245
0 0.576981 0.549056 0.103505 0.15726
0 0.0991802 0.426979 0.137727 0.0980124
0 0.966308 0.494251 0.0621326 0.139795
0 0.576088 0.654934 0.101487 0.107617
0 0.0448691 0.533082 0.0813463 0.208541
0 0.729068 0.628503 0.0829683 0.0854869
0 0.883095 0.765582 0.111665 0.168819
0 0.475443 0.854542 0.0500732 0.186935
0 0.322355 0.520202 0.0467527 0.119573
0 0.318314 0.508582 0.0627674 0.155436
0 0.502781 0.463968 0.0587481 0.101219
0 0.949903 0.903932 0.0983215 0.192135
0 0.378307 0.626047 0.0389315 0.131958
0 0.574915 0.764689 0.0836883 0.0749847
0 0.203656 0.499454 0.0818389 0.286518
0 0.206332 0.322897 0.179159 0.169288
0 0.652587 0.520403 0.139447 0.155204
0 0.612864 0.907232 0.0867525 0.185207
0 0.354422 0.811328 0.0600095 0.15533
0 0.573754 0.654469 0.112637 0.103167
0 0.206148 0.48726 0.0904135 0.266614
0 0.0409744 0.538701 0.0708547 0.199115
0 0.933602 0.879564 0.12826 0.240873
0 0.75383 0.832354 0.132505 0.240663
0 0.836647 0.93133 0.145714 0.132596
0 0.884278 0.757649 0.100132 0.104294
0 0.0969681 0.429751 0.131177 0.0983454
0 0.180603 0.311126 0.0860636 0.102023
0 0.59859 0.577881 0.155836 0.198154
0 0.477721 0.527256 0.0728733 0.188612
0 0.726875 0.631111 0.0912073 0.0863247
0 0.963901 0.487678 0.0666798 0.146535
0 0.478498 0.85325 0.0471876 0.178667
0 0.921084 0.705622 0.0543217 0.073256
0 0.327541 0.508632 0.0368508 0.140355
0 0.344073 0.407012 0.0781281 0.0682985
0 0.314504 0.503666 0.0610141 0.140906
