0 0.455079 0.338386 0.1382 0.196292
0 0.815043 0.613386 0.141508 0.193757
0 0.56991 0.844827 0.24662 0.310347
0 0.256629 0.78169 0.121713 0.330868
0 0.083396 0.28665 0.13107 0.123058
0 0.168803 0.15754 0.125445 0.122001
0 0.672134 0.106695 0.11373 0.0803894
0 0.455079 0.338386 0.1382 0.196292
0 0.815043 0.613386 0.141508 0.193757
0 0.56991 0.844827 0.24662 0.310347
0 0.256629 0.78169 0.121713 0.330868
0 0.083396 0.28665 0.13107 0.123058
0 0.168803 0.15754 0.125445 0.122001
0 0.672134 0.106695 0.11373 0.0803894
0 0.44832 0.342488 0.146575 0.188362
0 0.810615 0.609015 0.14075 0.193597
0 0.160374 0.162105 0.115986 0.113508
0 0.0756906 0.284155 0.145154 0.132301
0 0.574266 0.849583 0.22695 0.300835
0 0.243798 0.778835 0.147524 0.321095
0 0.0506632 0.771413 0.0728005 0.254337
0 0.672993 0.10383 0.108457 0.0665683
0 0.193156 0.594174 0.0476752 0.0659989
0 0.248427 0.50536 0.0692062 0.0486077
0 0.267777 0.0656553 0.108579 0.0874613
0 0.785091 0.282039 0.0946882 0.0976353
0 0.0808425 0.105172 0.0797874 0.0876593
