0 0.304866 0.801248 0.132629 0.29615
0 0.626587 0.666162 0.108084 0.217352
0 0.58732 0.474225 0.0917374 0.183048
0 0.824625 0.833653 0.172588 0.150403
0 0.497208 0.804577 0.113458 0.329019
0 0.342984 0.53808 0.0792378 0.206521
0 0.564833 0.739551 0.105086 0.267707
0 0.506394 0.447613 0.0794746 0.128447
0 0.207893 0.578088 0.120208 0.131678
0 0.491072 0.559668 0.115122 0.140455
0 0.0623968 0.37209 0.124794 0.140441
0 0.137829 0.191201 0.139985 0.123844
0 0.310037 0.250895 0.089963 0.135324
0 0.402227 0.576587 0.0444888 0.123045
0 0.178114 0.395606 0.0884515 0.161406
0 0.812528 0.464514 0.078905 0.0844593
0 0.924524 0.652713 0.0851321 0.105656
0 0.677154 0.875868 0.113525 0.197198
0 0.0938149 0.894157 0.0754744 0.211686
0 0.64564 0.791394 0.0733283 0.17741
0 0.859878 0.582521 0.12415 0.20594
0 0.917547 0.899475 0.106294 0.20105
0 0.423426 0.430288 0.0627267 0.152483
0 0.163806 0.221787 0.213209 0.199532
0 0.297469 0.807414 0.165485 0.352484
0 0.434672 0.430092 0.0639268 0.151306
0 0.304866 0.801248 0.132629 0.29615
0 0.626587 0.666162 0.108084 0.217352
0 0.58732 0.474225 0.0917374 0.183048
0 0.824625 0.833653 0.172588 0.150403
0 0.497208 0.804577 0.113458 0.329019
0 0.342984 0.53808 0.0792378 0.206521
0 0.564833 0.739551 0.105086 0.267707
0 0.506394 0.447613 0.0794746 0.128447
0 0.207893 0.578088 0.120208 0.131678
0 0.491072 0.559668 0.115122 0.140455
0 0.0623968 0.37209 0.124794 0.140441
0 0.137829 0.191201 0.139985 0.123844
0 0.310037 0.250895 0.089963 0.135324
0 0.402227 0.576587 0.0444888 0.123045
0 0.178114 0.395606 0.0884515 0.161406
0 0.812528 0.464514 0.078905 0.0844593
0 0.924524 0.652713 0.0851321 0.105656
0 0.677154 0.875868 0.113525 0.197198
0 0.0938149 0.894157 0.0754744 0.211686
0 0.64564 0.791394 0.0733283 0.17741
0 0.859878 0.582521 0.12415 0.20594
0 0.917547 0.899475 0.106294 0.20105
0 0.423426 0.430288 0.0627267 0.152483
0 0.163806 0.221787 0.213209 0.199532
0 0.297469 0.807414 0.165485 0.352484
0 0.434672 0.430092 0.0639268 0.151306
0 0.623572 0.66468 0.111492 0.174076
0 0.302056 0.80993 0.144405 0.333754
0 0.507765 0.447523 0.0763309 0.121115
0 0.817387 0.834848 0.161555 0.149979
0 0.138262 0.201468 0.155305 0.148765
0 0.580802 0.46518 0.0810373 0.15326
0 0.344471 0.538585 0.0815151 0.156901
0 0.489077 0.565185 0.116973 0.142303
0 0.560684 0.738266 0.101736 0.251379
0 0.490389 0.803547 0.109297 0.306202
0 0.403762 0.573832 0.0460976 0.10765
0 0.310551 0.266945 0.111033 0.142407
0 0.210419 0.578881 0.104642 0.123399
0 0.0551003 0.379291 0.110107 0.101951
0 0.682391 0.880696 0.0974689 0.169343
0 0.81625 0.468644 0.0838574 0.0849397
0 0.102648 0.10568 0.137501 0.0943666
0 0.642371 0.769999 0.0658806 0.147858
0 0.866192 0.575856 0.116848 0.16619
0 0.916872 0.878573 0.117679 0.242853
0 0.374674 0.156495 0.0598606 0.0812567
0 0.925745 0.65056 0.0781303 0.0980298
0 0.704797 0.627394 0.0451656 0.161203
0 0.60501 0.389272 0.0617523 0.0595761
0 0.449912 0.401887 0.0528593 0.0917033
