0 0.112396 0.856437 0.224791 0.244919
0 0.836383 0.133669 0.121266 0.0973078
0 0.135748 0.111993 0.256345 0.205708
0 0.565808 0.546877 0.255107 0.41686
0 0.702934 0.348522 0.188654 0.155803
0 0.745631 0.541317 0.125305 0.129192
0 0.261357 0.459909 0.165018 0.30462
0 0.918467 0.462979 0.163066 0.191694
0 0.447687 0.439455 0.128821 0.199188
0 0.514206 0.149854 0.126081 0.127695
0 0.960209 0.736408 0.0715012 0.233433
0 0.374775 0.152606 0.117225 0.141007
0 0.112396 0.856437 0.224791 0.244919
0 0.836383 0.133669 0.121266 0.0973078
0 0.135748 0.111993 0.256345 0.205708
0 0.565808 0.546877 0.255107 0.41686
0 0.702934 0.348522 0.188654 0.155803
0 0.745631 0.541317 0.125305 0.129192
0 0.261357 0.459909 0.165018 0.30462
0 0.918467 0.462979 0.163066 0.191694
0 0.447687 0.439455 0.128821 0.199188
0 0.514206 0.149854 0.126081 0.127695
0 0.960209 0.736408 0.0715012 0.233433
0 0.374775 0.152606 0.117225 0.141007
0 0.11544 0.86433 0.230879 0.267038
0 0.698474 0.348854 0.159734 0.146048
0 0.118318 0.104495 0.210769 0.145366
0 0.433526 0.422665 0.106467 0.157614
0 0.261369 0.473039 0.176499 0.345587
0 0.835913 0.132924 0.126389 0.0797323
0 0.754416 0.545394 0.116225 0.108442
0 0.593152 0.543884 0.191668 0.398574
0 0.523822 0.162124 0.144813 0.141173
