0 0.536406 0.365082 0.184787 0.277597
0 0.0932191 0.429168 0.186438 0.247197
0 0.403045 0.562859 0.288898 0.24976
0 0.715019 0.345348 0.124791 0.114997
0 0.852219 0.435244 0.142019 0.108556
0 0.708653 0.0742524 0.131633 0.101834
0 0.371481 0.334479 0.0944967 0.0967172
0 0.446914 0.200127 0.118549 0.141109
0 0.145838 0.119624 0.066608 0.0691063
0 0.514682 0.106363 0.0752207 0.0586825
0 0.979588 0.444168 0.0406132 0.133111
0 0.536406 0.365082 0.184787 0.277597
0 0.0932191 0.429168 0.186438 0.247197
0 0.403045 0.562859 0.288898 0.24976
0 0.715019 0.345348 0.124791 0.114997
0 0.852219 0.435244 0.142019 0.108556
0 0.708653 0.0742524 0.131633 0.101834
0 0.371481 0.334479 0.0944967 0.0967172
0 0.446914 0.200127 0.118549 0.141109
0 0.145838 0.119624 0.066608 0.0691063
0 0.514682 0.106363 0.0752207 0.0586825
0 0.979588 0.444168 0.0406132 0.133111
0 0.371849 0.330656 0.0990479 0.108868
0 0.84487 0.442298 0.152108 0.101464
0 0.424339 0.563535 0.262823 0.222835
0 0.540159 0.376371 0.183884 0.282194
0 0.0959414 0.425587 0.190304 0.268259
0 0.708354 0.0797246 0.122585 0.0802232
0 0.710914 0.344648 0.119106 0.11685
0 0.356629 0.0482291 0.086091 0.0553321
0 0.45402 0.199777 0.119113 0.13451
0 0.400029 0.261346 0.0640808 0.0788697
0 0.142816 0.109354 0.0565054 0.0490111
0 0.172267 0.794156 0.344535 0.411688
