0 0.093423 0.420787 0.184721 0.111404
0 0.218013 0.67495 0.095117 0.173022
0 0.344837 0.695405 0.116464 0.155845
0 0.117515 0.193416 0.13047 0.0962561
0 0.0353814 0.802655 0.0696535 0.195257
0 0.430025 0.503999 0.130078 0.0926688
0 0.31377 0.863834 0.180184 0.272332
0 0.213536 0.428201 0.0871701 0.139342
0 0.194417 0.25957 0.0756153 0.0675476
0 0.964396 0.411955 0.064846 0.0710609
0 0.093423 0.420787 0.184721 0.111404
0 0.218013 0.67495 0.095117 0.173022
0 0.344837 0.695405 0.116464 0.155845
0 0.117515 0.193416 0.13047 0.0962561
0 0.0353814 0.802655 0.0696535 0.195257
0 0.430025 0.503999 0.130078 0.0926688
0 0.31377 0.863834 0.180184 0.272332
0 0.213536 0.428201 0.0871701 0.139342
0 0.194417 0.25957 0.0756153 0.0675476
0 0.964396 0.411955 0.064846 0.0710609
0 0.0852695 0.415789 0.166878 0.101875
0 0.217321 0.676365 0.0993531 0.157233
0 0.425452 0.505631 0.130578 0.0915403
0 0.115428 0.186504 0.120467 0.0974743
0 0.343931 0.695736 0.100899 0.149516
0 0.193971 0.260585 0.0829199 0.0677805
0 0.31481 0.862152 0.196763 0.275696
0 0.0324491 0.821097 0.0648982 0.208396
0 0.691826 0.377869 0.0701065 0.0686046
0 0.140934 0.342829 0.0823546 0.0618315
0 0.208144 0.430247 0.106505 0.14363
0 0.652837 0.500636 0.0838455 0.0702218
0 0.55514 0.513652 0.0949841 0.0597583
