0 0.345282 0.349831 0.278368 0.308566
0 0.184324 0.426278 0.0965822 0.194689
0 0.511393 0.113783 0.148226 0.0972821
0 0.353906 0.160984 0.148778 0.161289
0 0.827776 0.856838 0.296133 0.286323
0 0.756761 0.233998 0.111643 0.0781931
0 0.254765 0.0273989 0.104254 0.0547978
0 0.345282 0.349831 0.278368 0.308566
0 0.184324 0.426278 0.0965822 0.194689
0 0.511393 0.113783 0.148226 0.0972821
0 0.353906 0.160984 0.148778 0.161289
0 0.827776 0.856838 0.296133 0.286323
0 0.756761 0.233998 0.111643 0.0781931
0 0.254765 0.0273989 0.104254 0.0547978
0 0.760107 0.235437 0.108831 0.0742711
0 0.364241 0.344232 0.255665 0.291701
0 0.344054 0.158318 0.168641 0.178711
0 0.331471 0.443691 0.132846 0.106957
0 0.256452 0.02459 0.120635 0.0491801
0 0.896144 0.299585 0.11908 0.0969304
0 0.231179 0.32464 0.134297 0.223744
0 0.815358 0.855478 0.3245 0.263583
