0 0.748588 0.427184 0.222819 0.238467
0 0.0740293 0.547018 0.148059 0.280906
0 0.346237 0.161698 0.193666 0.152195
0 0.0841161 0.857493 0.168232 0.285014
0 0.65125 0.187392 0.210171 0.196702
0 0.959043 0.716803 0.0761021 0.219322
0 0.630317 0.804645 0.114565 0.195702
0 0.748588 0.427184 0.222819 0.238467
0 0.0740293 0.547018 0.148059 0.280906
0 0.346237 0.161698 0.193666 0.152195
0 0.0841161 0.857493 0.168232 0.285014
0 0.65125 0.187392 0.210171 0.196702
0 0.959043 0.716803 0.0761021 0.219322
0 0.630317 0.804645 0.114565 0.195702
0 0.0729887 0.552701 0.145977 0.246324
0 0.749383 0.436427 0.222791 0.254257
0 0.348678 0.169716 0.198223 0.158203
0 0.819918 0.875211 0.074201 0.137489
0 0.084723 0.86917 0.169446 0.241316
0 0.670319 0.191591 0.162912 0.183672
0 0.212185 0.116072 0.15434 0.133898
0 0.848687 0.232234 0.141786 0.192347
0 0.954859 0.708929 0.0863075 0.149674
0 0.60875 0.375149 0.103812 0.124935
