0 0.0688412 0.519619 0.137682 0.202321
0 0.078471 0.742538 0.156942 0.31386
0 0.0645538 0.258046 0.129108 0.159618
0 0.811665 0.831417 0.224626 0.277263
0 0.543325 0.851871 0.225538 0.296258
0 0.837357 0.495274 0.154848 0.119317
0 0.283098 0.212807 0.125228 0.156839
0 0.585357 0.413708 0.297702 0.274092
0 0.946448 0.551217 0.107103 0.162317
0 0.245333 0.16412 0.0874451 0.115453
0 0.19512 0.268404 0.0923568 0.132772
0 0.586969 0.669867 0.0929344 0.123354
0 0.288593 0.0488711 0.090643 0.0882504
0 0.439976 0.472132 0.259179 0.203962
0 0.109044 0.128157 0.136711 0.102025
0 0.0901439 0.767342 0.129451 0.291586
0 0.465644 0.0369222 0.0892326 0.0614237
0 0.0688412 0.519619 0.137682 0.202321
0 0.078471 0.742538 0.156942 0.31386
0 0.0645538 0.258046 0.129108 0.159618
0 0.811665 0.831417 0.224626 0.277263
0 0.543325 0.851871 0.225538 0.296258
0 0.837357 0.495274 0.154848 0.119317
0 0.283098 0.212807 0.125228 0.156839
0 0.585357 0.413708 0.297702 0.274092
0 0.946448 0.551217 0.107103 0.162317
0 0.245333 0.16412 0.0874451 0.115453
0 0.19512 0.268404 0.0923568 0.132772
0 0.586969 0.669867 0.0929344 0.123354
0 0.288593 0.0488711 0.090643 0.0882504
0 0.439976 0.472132 0.259179 0.203962
0 0.109044 0.128157 0.136711 0.102025
0 0.0901439 0.767342 0.129451 0.291586
0 0.465644 0.0369222 0.0892326 0.0614237
0 0.466801 0.0351064 0.100407 0.0647907
0 0.076537 0.528026 0.153074 0.190548
0 0.831375 0.487098 0.140002 0.1079
0 0.796262 0.836912 0.202057 0.231946
0 0.0680368 0.246351 0.134642 0.179467
0 0.94352 0.242545 0.0821072 0.0583697
0 0.589998 0.665909 0.091009 0.104652
0 0.0828352 0.743786 0.164834 0.303979
0 0.286176 0.217623 0.131195 0.161816
0 0.551854 0.463288 0.418987 0.406299
0 0.0600231 0.0272408 0.112397 0.0544815
0 0.308251 0.406422 0.0809384 0.114618
0 0.530507 0.86065 0.191323 0.275061
0 0.188295 0.268021 0.0820563 0.153447
0 0.947784 0.586319 0.104432 0.270114
0 0.242524 0.155611 0.0829751 0.116271
