0 0.777849 0.615621 0.15893 0.119853
0 0.899036 0.473104 0.153199 0.146613
0 0.935913 0.348933 0.128173 0.125601
0 0.923043 0.680957 0.137968 0.108179
0 0.362039 0.89851 0.200486 0.20298
0 0.0811471 0.494647 0.162294 0.268989
0 0.539139 0.31306 0.10746 0.119689
0 0.861481 0.226285 0.106448 0.0783541
0 0.362665 0.391629 0.0471022 0.131651
0 0.601616 0.878466 0.0940706 0.203494
0 0.193329 0.0602306 0.071606 0.114439
0 0.908853 0.851896 0.0789997 0.183644
0 0.624345 0.551639 0.0874687 0.110959
0 0.610671 0.156265 0.0938725 0.0697443
0 0.545569 0.736913 0.100727 0.138123
0 0.777849 0.615621 0.15893 0.119853
0 0.899036 0.473104 0.153199 0.146613
0 0.935913 0.348933 0.128173 0.125601
0 0.923043 0.680957 0.137968 0.108179
0 0.362039 0.89851 0.200486 0.20298
0 0.0811471 0.494647 0.162294 0.268989
0 0.539139 0.31306 0.10746 0.119689
0 0.861481 0.226285 0.106448 0.0783541
0 0.362665 0.391629 0.0471022 0.131651
0 0.601616 0.878466 0.0940706 0.203494
0 0.193329 0.0602306 0.071606 0.114439
0 0.908853 0.851896 0.0789997 0.183644
0 0.624345 0.551639 0.0874687 0.110959
0 0.610671 0.156265 0.0938725 0.0697443
0 0.545569 0.736913 0.100727 0.138123
0 0.771676 0.624647 0.175534 0.128437
0 0.923392 0.677561 0.11689 0.0963564
0 0.935022 0.354025 0.129957 0.125963
0 0.361119 0.899341 0.176737 0.201318
0 0.539225 0.32361 0.0958157 0.104767
0 0.0716413 0.500665 0.143283 0.2726
0 0.892394 0.476311 0.140262 0.150171
0 0.862845 0.236419 0.0937862 0.0649146
0 0.892568 0.836867 0.0889912 0.172862
0 0.607218 0.154395 0.0737843 0.0562314
0 0.274124 0.266984 0.0828129 0.0765236
0 0.325714 0.225522 0.0603636 0.0808889
0 0.0438692 0.159226 0.0828382 0.0607969
0 0.386066 0.268638 0.068123 0.0667242
0 0.0429672 0.174219 0.0829126 0.0579448
