0 0.904667 0.217903 0.166941 0.149363
0 0.745417 0.434088 0.117808 0.145459
0 0.851425 0.487675 0.161596 0.185466
0 0.459903 0.240995 0.211012 0.241095
0 0.0940467 0.381456 0.179754 0.128494
0 0.618606 0.505982 0.0917442 0.171622
0 0.115145 0.702748 0.230289 0.262606
0 0.569438 0.807662 0.207566 0.384677
0 0.510263 0.432746 0.0459486 0.151956
0 0.904102 0.386677 0.117139 0.0930778
0 0.714736 0.276685 0.109233 0.165817
0 0.813665 0.69824 0.0837595 0.169166
0 0.943943 0.478674 0.0974096 0.101324
0 0.632304 0.37268 0.0789459 0.113797
0 0.226386 0.345852 0.0800065 0.159301
0 0.183916 0.604032 0.0704592 0.246255
0 0.675891 0.318404 0.0528858 0.112509
0 0.920732 0.790166 0.154233 0.419669
0 0.560617 0.762407 0.250516 0.475185
0 0.177477 0.766293 0.0985238 0.154938
0 0.0589771 0.686059 0.112703 0.189044
0 0.17016 0.763639 0.124155 0.176215
0 0.501646 0.43369 0.0583014 0.139854
0 0.904667 0.217903 0.166941 0.149363
0 0.745417 0.434088 0.117808 0.145459
0 0.851425 0.487675 0.161596 0.185466
0 0.459903 0.240995 0.211012 0.241095
0 0.0940467 0.381456 0.179754 0.128494
0 0.618606 0.505982 0.0917442 0.171622
0 0.115145 0.702748 0.230289 0.262606
0 0.569438 0.807662 0.207566 0.384677
0 0.510263 0.432746 0.0459486 0.151956
0 0.904102 0.386677 0.117139 0.0930778
0 0.714736 0.276685 0.109233 0.165817
0 0.813665 0.69824 0.0837595 0.169166
0 0.943943 0.478674 0.0974096 0.101324
0 0.632304 0.37268 0.0789459 0.113797
0 0.226386 0.345852 0.0800065 0.159301
0 0.183916 0.604032 0.0704592 0.246255
0 0.675891 0.318404 0.0528858 0.112509
0 0.920732 0.790166 0.154233 0.419669
0 0.560617 0.762407 0.250516 0.475185
0 0.177477 0.766293 0.0985238 0.154938
0 0.0589771 0.686059 0.112703 0.189044
0 0.17016 0.763639 0.124155 0.176215
0 0.501646 0.43369 0.0583014 0.139854
0 0.90715 0.214697 0.175845 0.148036
0 0.85455 0.48635 0.163623 0.202134
0 0.103814 0.396 0.193444 0.194176
0 0.746855 0.428642 0.114472 0.134848
0 0.720408 0.264874 0.125704 0.122308
0 0.074279 0.161034 0.148558 0.124496
0 0.942779 0.477572 0.0955053 0.0815616
0 0.452808 0.24243 0.176197 0.246107
0 0.619206 0.502014 0.0909899 0.164767
0 0.814878 0.701935 0.0855185 0.163905
0 0.117514 0.709987 0.224453 0.273507
0 0.561726 0.774346 0.28402 0.451308
0 0.916351 0.742328 0.167298 0.379074
0 0.901289 0.392429 0.100475 0.0766032
0 0.191192 0.591017 0.0929938 0.268671
0 0.634832 0.374467 0.079771 0.0893709
0 0.549756 0.722971 0.234103 0.327182
0 0.243805 0.168023 0.0784967 0.0868919
