0 0.62045 0.910009 0.0682697 0.179982
0 0.310754 0.908892 0.0888668 0.182217
0 0.491101 0.644983 0.114966 0.230086
0 0.231036 0.71453 0.0757334 0.23159
0 0.359609 0.695314 0.0990207 0.302139
0 0.628391 0.509126 0.147684 0.140287
0 0.899954 0.898218 0.161861 0.139782
0 0.880354 0.535578 0.0891434 0.231782
0 0.873601 0.683846 0.163028 0.223794
0 0.837219 0.167412 0.141425 0.108633
0 0.621555 0.494843 0.121898 0.124937
0 0.0365484 0.604296 0.0717693 0.196505
0 0.356448 0.468389 0.113378 0.143359
0 0.0278659 0.747516 0.0557318 0.194447
0 0.184886 0.46891 0.0499506 0.150476
0 0.0993541 0.348871 0.186097 0.17912
0 0.102647 0.200725 0.101497 0.0963389
0 0.779971 0.378267 0.120106 0.0908
0 0.451736 0.815683 0.0893885 0.0919769
0 0.62045 0.910009 0.0682697 0.179982
0 0.310754 0.908892 0.0888668 0.182217
0 0.491101 0.644983 0.114966 0.230086
0 0.231036 0.71453 0.0757334 0.23159
0 0.359609 0.695314 0.0990207 0.302139
0 0.628391 0.509126 0.147684 0.140287
0 0.899954 0.898218 0.161861 0.139782
0 0.880354 0.535578 0.0891434 0.231782
0 0.873601 0.683846 0.163028 0.223794
0 0.837219 0.167412 0.141425 0.108633
0 0.621555 0.494843 0.121898 0.124937
0 0.0365484 0.604296 0.0717693 0.196505
0 0.356448 0.468389 0.113378 0.143359
0 0.0278659 0.747516 0.0557318 0.194447
0 0.184886 0.46891 0.0499506 0.150476
0 0.0993541 0.348871 0.186097 0.17912
0 0.102647 0.200725 0.101497 0.0963389
0 0.779971 0.378267 0.120106 0.0908
0 0.451736 0.815683 0.0893885 0.0919769
0 0.629501 0.511552 0.145632 0.151002
0 0.499317 0.663964 0.111113 0.261499
0 0.231776 0.721935 0.0833852 0.266633
0 0.362901 0.706347 0.0879155 0.243095
0 0.622831 0.911674 0.076199 0.173505
0 0.162848 0.203378 0.0893982 0.0800143
0 0.0962598 0.349871 0.19252 0.220144
0 0.779657 0.382344 0.114667 0.0741509
0 0.0326167 0.751632 0.0641786 0.210191
0 0.311911 0.905716 0.0850696 0.188567
0 0.100071 0.198504 0.0874804 0.090816
0 0.312112 0.579049 0.142988 0.187696
0 0.974612 0.742402 0.0507767 0.249313
0 0.487369 0.201707 0.0899315 0.093763
0 0.839747 0.172732 0.116163 0.0862268
0 0.881726 0.676437 0.154302 0.161247
0 0.447592 0.540995 0.0540192 0.173157
