0 0.202917 0.353672 0.182309 0.247636
0 0.622431 0.403091 0.328125 0.273062
0 0.760907 0.238683 0.11893 0.0914998
0 0.908257 0.115071 0.15434 0.0977636
0 0.49362 0.0764406 0.139798 0.120491
0 0.317511 0.083733 0.0932376 0.0671959
0 0.107068 0.218211 0.212696 0.229525
0 0.749632 0.354946 0.10932 0.154085
0 0.888083 0.567907 0.144445 0.138813
0 0.921884 0.339896 0.118194 0.130006
0 0.202917 0.353672 0.182309 0.247636
0 0.622431 0.403091 0.328125 0.273062
0 0.760907 0.238683 0.11893 0.0914998
0 0.908257 0.115071 0.15434 0.0977636
0 0.49362 0.0764406 0.139798 0.120491
0 0.317511 0.083733 0.0932376 0.0671959
0 0.107068 0.218211 0.212696 0.229525
0 0.749632 0.354946 0.10932 0.154085
0 0.888083 0.567907 0.144445 0.138813
0 0.921884 0.339896 0.118194 0.130006
0 0.643433 0.40245 0.303875 0.250384
0 0.319919 0.0937574 0.096224 0.0661764
0 0.496934 0.0766886 0.129685 0.116905
0 0.757601 0.240425 0.126247 0.0954662
0 0.179922 0.0972818 0.0984586 0.0955931
0 0.11586 0.221384 0.23172 0.224228
0 0.951472 0.274321 0.0970563 0.128256
0 0.0762348 0.350165 0.136831 0.150608
0 0.210223 0.372547 0.153389 0.233318
0 0.857861 0.199103 0.124781 0.062348
0 0.7611 0.358085 0.12108 0.191595
0 0.474709 0.132162 0.0684612 0.0467691
0 0.256219 0.270141 0.0728841 0.0616828
