0 0.850138 0.849791 0.219618 0.300419
0 0.302292 0.153262 0.220103 0.232527
0 0.80298 0.603755 0.132448 0.211669
0 0.438092 0.416888 0.0453601 0.130169
0 0.506161 0.257565 0.0908602 0.0918708
0 0.0463078 0.202744 0.0897123 0.193657
0 0.64795 0.335752 0.112082 0.0882256
0 0.488517 0.607859 0.175573 0.214747
0 0.719736 0.225178 0.0913767 0.0947556
0 0.850138 0.849791 0.219618 0.300419
0 0.302292 0.153262 0.220103 0.232527
0 0.80298 0.603755 0.132448 0.211669
0 0.438092 0.416888 0.0453601 0.130169
0 0.506161 0.257565 0.0908602 0.0918708
0 0.0463078 0.202744 0.0897123 0.193657
0 0.64795 0.335752 0.112082 0.0882256
0 0.488517 0.607859 0.175573 0.214747
0 0.719736 0.225178 0.0913767 0.0947556
0 0.803392 0.606654 0.139535 0.191407
0 0.853809 0.857736 0.20299 0.284529
0 0.901296 0.394243 0.0974756 0.0813271
0 0.305389 0.161721 0.21616 0.22976
0 0.439061 0.417657 0.046816 0.136796
0 0.507072 0.257874 0.0877015 0.0843499
0 0.64184 0.345523 0.116105 0.0871168
0 0.171876 0.354998 0.0544177 0.0464483
0 0.659895 0.40919 0.0888311 0.0662572
0 0.65008 0.350008 0.13779 0.108587
0 0.0422135 0.568685 0.0830062 0.242661
