0 0.786444 0.576489 0.157365 0.229306
0 0.487376 0.675574 0.279261 0.289918
0 0.0650595 0.54777 0.130119 0.254484
0 0.408491 0.375434 0.113666 0.127424
0 0.705526 0.893379 0.175462 0.213242
0 0.312284 0.466731 0.175129 0.18397
0 0.347586 0.183013 0.104615 0.130729
0 0.943928 0.787739 0.112145 0.238646
0 0.842992 0.817727 0.149929 0.313986
0 0.701532 0.381599 0.0546541 0.102676
0 0.109821 0.328567 0.211771 0.211029
0 0.660122 0.43894 0.0709734 0.158872
0 0.683292 0.263683 0.116016 0.125834
0 0.0936536 0.871671 0.169156 0.234166
0 0.268743 0.0866388 0.143053 0.10526
0 0.0764506 0.557834 0.152901 0.323614
0 0.786444 0.576489 0.157365 0.229306
0 0.487376 0.675574 0.279261 0.289918
0 0.0650595 0.54777 0.130119 0.254484
0 0.408491 0.375434 0.113666 0.127424
0 0.705526 0.893379 0.175462 0.213242
0 0.312284 0.466731 0.175129 0.18397
0 0.347586 0.183013 0.104615 0.130729
0 0.943928 0.787739 0.112145 0.238646
0 0.842992 0.817727 0.149929 0.313986
0 0.701532 0.381599 0.0546541 0.102676
0 0.109821 0.328567 0.211771 0.211029
0 0.660122 0.43894 0.0709734 0.158872
0 0.683292 0.263683 0.116016 0.125834
0 0.0936536 0.871671 0.169156 0.234166
0 0.268743 0.0866388 0.143053 0.10526
0 0.0764506 0.557834 0.152901 0.323614
0 0.477291 0.673638 0.280828 0.297966
0 0.704538 0.902566 0.157278 0.192534
0 0.846854 0.820847 0.15035 0.290629
0 0.315517 0.465355 0.175787 0.176998
0 0.0763608 0.546723 0.152722 0.25713
0 0.788302 0.579319 0.155678 0.214098
0 0.40819 0.371235 0.13321 0.136279
0 0.93464 0.777995 0.127102 0.222622
0 0.685319 0.256631 0.0890846 0.111231
0 0.344483 0.172129 0.104453 0.100528
0 0.867707 0.319913 0.0965205 0.145455
0 0.128505 0.37019 0.25701 0.315233
0 0.662875 0.441062 0.0701754 0.130109
0 0.417146 0.254027 0.0737006 0.0917884
