0 0.70458 0.764557 0.184146 0.395797
0 0.322079 0.26696 0.158599 0.12983
0 0.655774 0.275884 0.134261 0.120141
0 0.725732 0.508047 0.1161 0.2262
0 0.319252 0.738807 0.265022 0.389465
0 0.615189 0.421991 0.0639781 0.168938
0 0.910641 0.893332 0.128651 0.213336
0 0.791331 0.436886 0.0656248 0.109363
0 0.980063 0.4276 0.0374985 0.143831
0 0.0837885 0.268025 0.162618 0.17303
0 0.318361 0.505311 0.0859694 0.164942
0 0.70458 0.764557 0.184146 0.395797
0 0.322079 0.26696 0.158599 0.12983
0 0.655774 0.275884 0.134261 0.120141
0 0.725732 0.508047 0.1161 0.2262
0 0.319252 0.738807 0.265022 0.389465
0 0.615189 0.421991 0.0639781 0.168938
0 0.910641 0.893332 0.128651 0.213336
0 0.791331 0.436886 0.0656248 0.109363
0 0.980063 0.4276 0.0374985 0.143831
0 0.0837885 0.268025 0.162618 0.17303
0 0.318361 0.505311 0.0859694 0.164942
0 0.323023 0.268119 0.157899 0.135917
0 0.649005 0.281875 0.142637 0.122999
0 0.910303 0.895831 0.165178 0.206041
0 0.730881 0.508175 0.124786 0.22918
0 0.315746 0.721603 0.278048 0.39677
0 0.789766 0.439057 0.0591248 0.111237
0 0.0585158 0.264256 0.117032 0.150027
0 0.704206 0.766896 0.210193 0.389136
0 0.577953 0.86057 0.111672 0.251823
0 0.276318 0.479761 0.0623373 0.160553
0 0.414613 0.181666 0.143148 0.152856
0 0.513468 0.438464 0.034339 0.1117
