0 0.541945 0.439996 0.228602 0.329463
0 0.234998 0.269904 0.259503 0.229639
0 0.197366 0.905522 0.298007 0.188956
0 0.180493 0.432433 0.171339 0.140843
0 0.29343 0.814407 0.183726 0.212659
0 0.0859675 0.172135 0.159524 0.144063
0 0.541945 0.439996 0.228602 0.329463
0 0.234998 0.269904 0.259503 0.229639
0 0.197366 0.905522 0.298007 0.188956
0 0.180493 0.432433 0.171339 0.140843
0 0.29343 0.814407 0.183726 0.212659
0 0.0859675 0.172135 0.159524 0.144063
0 0.189815 0.423552 0.181875 0.130745
0 0.235647 0.277232 0.252778 0.219343
0 0.288711 0.813172 0.172133 0.1986
0 0.0904009 0.166915 0.166159 0.137711
0 0.198036 0.907608 0.299641 0.184784
0 0.550173 0.446345 0.225058 0.350023
0 0.0586968 0.0273066 0.115517 0.0546131
0 0.747592 0.101856 0.119174 0.125849
