0 0.23042 0.757918 0.198666 0.309337
0 0.786781 0.811405 0.158937 0.154978
0 0.637964 0.632293 0.125187 0.192142
0 0.479498 0.741397 0.12702 0.285428
0 0.142582 0.326263 0.157707 0.159329
0 0.0772447 0.211653 0.1344 0.149981
0 0.295636 0.47798 0.106268 0.118526
0 0.706064 0.888558 0.11983 0.19702
0 0.536024 0.61661 0.121406 0.237578
0 0.527537 0.328252 0.0458414 0.136165
0 0.274747 0.225265 0.103422 0.134545
0 0.741455 0.51425 0.0552635 0.124197
0 0.461114 0.366847 0.0979698 0.124227
0 0.387455 0.517228 0.0687625 0.131198
0 0.84626 0.478475 0.126482 0.168798
0 0.198053 0.583402 0.0793402 0.0905636
0 0.470566 0.36524 0.0747994 0.112014
0 0.23042 0.757918 0.198666 0.309337
0 0.786781 0.811405 0.158937 0.154978
0 0.637964 0.632293 0.125187 0.192142
0 0.479498 0.741397 0.12702 0.285428
0 0.142582 0.326263 0.157707 0.159329
0 0.0772447 0.211653 0.1344 0.149981
0 0.295636 0.47798 0.106268 0.118526
0 0.706064 0.888558 0.11983 0.19702
0 0.536024 0.61661 0.121406 0.237578
0 0.527537 0.328252 0.0458414 0.136165
0 0.274747 0.225265 0.103422 0.134545
0 0.741455 0.51425 0.0552635 0.124197
0 0.461114 0.366847 0.0979698 0.124227
0 0.387455 0.517228 0.0687625 0.131198
0 0.84626 0.478475 0.126482 0.168798
0 0.198053 0.583402 0.0793402 0.0905636
0 0.470566 0.36524 0.0747994 0.112014
0 0.776079 0.805988 0.162236 0.152291
0 0.133694 0.329653 0.149736 0.148725
0 0.635225 0.632627 0.126198 0.200457
0 0.473333 0.749171 0.14841 0.325063
0 0.272054 0.234238 0.104299 0.13812
0 0.716282 0.887859 0.123995 0.194926
0 0.294595 0.47361 0.096095 0.118728
0 0.847829 0.472356 0.116425 0.128586
0 0.0712209 0.206312 0.136446 0.138087
0 0.540575 0.615818 0.11667 0.248542
0 0.226221 0.764825 0.197166 0.301535
0 0.390946 0.523015 0.0633102 0.12178
0 0.471201 0.366744 0.0740757 0.102699
0 0.738853 0.516732 0.0495638 0.12493
0 0.933793 0.766809 0.132414 0.300962
0 0.185435 0.597385 0.107023 0.119958
0 0.527614 0.324493 0.0454187 0.121193
0 0.925124 0.573941 0.0751736 0.0792253
0 0.0386686 0.783306 0.0773371 0.332859
0 0.428685 0.262526 0.0712484 0.0947493
0 0.792359 0.40209 0.066407 0.0547585
