0 0.351103 0.910665 0.213074 0.178669
0 0.0663332 0.653957 0.132666 0.255824
0 0.307686 0.280989 0.115255 0.0987682
0 0.177088 0.226775 0.157182 0.146586
0 0.43297 0.301519 0.111607 0.104316
0 0.473157 0.589411 0.117986 0.231909
0 0.0835379 0.126141 0.0962849 0.0733882
0 0.943623 0.931339 0.0996149 0.137322
0 0.579488 0.378053 0.113658 0.107942
0 0.886016 0.56883 0.083254 0.232455
0 0.38796 0.211226 0.0959307 0.0812284
0 0.860255 0.506206 0.130602 0.174382
0 0.731727 0.252199 0.100697 0.0943794
0 0.193309 0.475854 0.0747454 0.0807146
0 0.170193 0.212557 0.135193 0.11308
0 0.863215 0.531914 0.16317 0.279789
0 0.351103 0.910665 0.213074 0.178669
0 0.0663332 0.653957 0.132666 0.255824
0 0.307686 0.280989 0.115255 0.0987682
0 0.177088 0.226775 0.157182 0.146586
0 0.43297 0.301519 0.111607 0.104316
0 0.473157 0.589411 0.117986 0.231909
0 0.0835379 0.126141 0.0962849 0.0733882
0 0.943623 0.931339 0.0996149 0.137322
0 0.579488 0.378053 0.113658 0.107942
0 0.886016 0.56883 0.083254 0.232455
0 0.38796 0.211226 0.0959307 0.0812284
0 0.860255 0.506206 0.130602 0.174382
0 0.731727 0.252199 0.100697 0.0943794
0 0.193309 0.475854 0.0747454 0.0807146
0 0.170193 0.212557 0.135193 0.11308
0 0.863215 0.531914 0.16317 0.279789
0 0.432299 0.302071 0.101808 0.0959784
0 0.722251 0.248854 0.0861107 0.0865338
0 0.0804768 0.12997 0.101779 0.0645959
0 0.169728 0.239299 0.183673 0.167427
0 0.583277 0.38587 0.102645 0.106591
0 0.853811 0.486265 0.120692 0.136229
0 0.479915 0.595017 0.129187 0.232324
0 0.0743561 0.655761 0.148712 0.276291
0 0.334833 0.911251 0.210765 0.177499
0 0.311375 0.283295 0.106876 0.0883301
0 0.943601 0.934077 0.0926544 0.131845
0 0.600027 0.24507 0.064603 0.0552218
