0 0.419153 0.140904 0.187064 0.155969
0 0.944254 0.858615 0.104444 0.282771
0 0.618493 0.253057 0.137222 0.134023
0 0.770524 0.552034 0.115888 0.103404
0 0.937241 0.624783 0.125492 0.269397
0 0.60107 0.053801 0.0854809 0.0691594
0 0.906026 0.230926 0.134326 0.147017
0 0.961309 0.42151 0.0625729 0.170438
0 0.419153 0.140904 0.187064 0.155969
0 0.944254 0.858615 0.104444 0.282771
0 0.618493 0.253057 0.137222 0.134023
0 0.770524 0.552034 0.115888 0.103404
0 0.937241 0.624783 0.125492 0.269397
0 0.60107 0.053801 0.0854809 0.0691594
0 0.906026 0.230926 0.134326 0.147017
0 0.961309 0.42151 0.0625729 0.170438
0 0.774606 0.554559 0.11895 0.0919238
0 0.418344 0.137582 0.210577 0.174879
0 0.907483 0.235023 0.13214 0.144286
0 0.616598 0.252397 0.119223 0.120157
0 0.935204 0.603503 0.124088 0.287145
0 0.942857 0.847688 0.107882 0.277894
0 0.148047 0.390864 0.100447 0.0947064
0 0.954009 0.407123 0.0831842 0.186806
0 0.339391 0.923467 0.0865244 0.133468
