0 0.892479 0.675426 0.215042 0.254498
0 0.657708 0.157325 0.174467 0.180337
0 0.11351 0.453995 0.12673 0.200221
0 0.844103 0.470638 0.136682 0.137004
0 0.717681 0.380743 0.208426 0.184961
0 0.631858 0.593381 0.0764018 0.209524
0 0.766216 0.61398 0.147754 0.115612
0 0.305724 0.323325 0.284986 0.26294
0 0.739553 0.348227 0.127802 0.13214
0 0.696647 0.38342 0.15969 0.167545
0 0.0932824 0.203425 0.136941 0.0982834
0 0.892479 0.675426 0.215042 0.254498
0 0.657708 0.157325 0.174467 0.180337
0 0.11351 0.453995 0.12673 0.200221
0 0.844103 0.470638 0.136682 0.137004
0 0.717681 0.380743 0.208426 0.184961
0 0.631858 0.593381 0.0764018 0.209524
0 0.766216 0.61398 0.147754 0.115612
0 0.305724 0.323325 0.284986 0.26294
0 0.739553 0.348227 0.127802 0.13214
0 0.696647 0.38342 0.15969 0.167545
0 0.0932824 0.203425 0.136941 0.0982834
0 0.851939 0.47555 0.149259 0.139369
0 0.891644 0.666812 0.216711 0.23087
0 0.684796 0.396228 0.127418 0.150507
0 0.318123 0.32156 0.313349 0.264529
0 0.739905 0.613661 0.136519 0.139392
0 0.748908 0.338676 0.116323 0.112429
0 0.0879146 0.405715 0.173244 0.281111
0 0.632681 0.59756 0.0775736 0.161064
0 0.82633 0.770115 0.0582637 0.12761
0 0.0926806 0.215605 0.157723 0.108663
0 0.965772 0.604353 0.0584618 0.161174
0 0.893672 0.25714 0.101296 0.117743
0 0.666457 0.173798 0.185458 0.153618
0 0.911066 0.858064 0.166047 0.147278
0 0.694379 0.936468 0.0609585 0.118638
0 0.620387 0.219651 0.0574875 0.0668126
