0 0.117475 0.846139 0.234951 0.244804
0 0.594453 0.56527 0.201946 0.374072
0 0.446014 0.419635 0.136849 0.197294
0 0.139204 0.112403 0.248443 0.182694
0 0.263816 0.47162 0.163538 0.336008
0 0.477822 0.71107 0.121484 0.173117
0 0.743108 0.534334 0.119533 0.136309
0 0.687415 0.352962 0.203082 0.181718
0 0.280422 0.0636445 0.111356 0.118181
0 0.48121 0.319916 0.101231 0.176692
0 0.831582 0.130286 0.131095 0.111309
0 0.697652 0.333606 0.182362 0.134733
0 0.518779 0.150198 0.12307 0.132996
0 0.934416 0.431144 0.12211 0.14888
0 0.463992 0.717536 0.100527 0.239109
0 0.81871 0.770443 0.09355 0.199431
0 0.730807 0.0359818 0.0881801 0.0719636
0 0.953755 0.751888 0.0663143 0.133212
0 0.624857 0.625285 0.13806 0.246998
0 0.117475 0.846139 0.234951 0.244804
0 0.594453 0.56527 0.201946 0.374072
0 0.446014 0.419635 0.136849 0.197294
0 0.139204 0.112403 0.248443 0.182694
0 0.263816 0.47162 0.163538 0.336008
0 0.477822 0.71107 0.121484 0.173117
0 0.743108 0.534334 0.119533 0.136309
0 0.687415 0.352962 0.203082 0.181718
0 0.280422 0.0636445 0.111356 0.118181
0 0.48121 0.319916 0.101231 0.176692
0 0.831582 0.130286 0.131095 0.111309
0 0.697652 0.333606 0.182362 0.134733
0 0.518779 0.150198 0.12307 0.132996
0 0.934416 0.431144 0.12211 0.14888
0 0.463992 0.717536 0.100527 0.239109
0 0.81871 0.770443 0.09355 0.199431
0 0.730807 0.0359818 0.0881801 0.0719636
0 0.953755 0.751888 0.0663143 0.133212
0 0.624857 0.625285 0.13806 0.246998
0 0.117045 0.850451 0.233404 0.264551
0 0.690172 0.338611 0.172697 0.146589
0 0.437609 0.418494 0.112024 0.157027
0 0.129154 0.102484 0.20217 0.149991
0 0.854039 0.132875 0.085318 0.0601884
0 0.261755 0.484763 0.172544 0.345638
0 0.6031 0.568452 0.182782 0.382482
0 0.128344 0.125883 0.252898 0.205221
0 0.48136 0.313398 0.0824938 0.147276
0 0.747338 0.531426 0.128954 0.112867
