0 0.106424 0.863811 0.212849 0.257055
0 0.123433 0.109854 0.246458 0.190044
0 0.699427 0.357868 0.176982 0.157545
0 0.566099 0.536027 0.219654 0.427659
0 0.442953 0.447827 0.140332 0.219196
0 0.841317 0.129399 0.125939 0.0990938
0 0.916593 0.468459 0.166813 0.174669
0 0.25876 0.449001 0.157328 0.341544
0 0.748266 0.546441 0.134183 0.115611
0 0.603636 0.596771 0.120451 0.257259
0 0.591278 0.54058 0.164766 0.354359
0 0.520982 0.154153 0.119704 0.137632
0 0.444788 0.4674 0.159405 0.284901
0 0.106424 0.863811 0.212849 0.257055
0 0.123433 0.109854 0.246458 0.190044
0 0.699427 0.357868 0.176982 0.157545
0 0.566099 0.536027 0.219654 0.427659
0 0.442953 0.447827 0.140332 0.219196
0 0.841317 0.129399 0.125939 0.0990938
0 0.916593 0.468459 0.166813 0.174669
0 0.25876 0.449001 0.157328 0.341544
0 0.748266 0.546441 0.134183 0.115611
0 0.603636 0.596771 0.120451 0.257259
0 0.591278 0.54058 0.164766 0.354359
0 0.520982 0.154153 0.119704 0.137632
0 0.444788 0.4674 0.159405 0.284901
0 0.690634 0.352518 0.174363 0.150362
0 0.110004 0.867027 0.220009 0.265946
0 0.116 0.101012 0.21818 0.153462
0 0.259951 0.462193 0.175727 0.326322
0 0.837021 0.131269 0.125095 0.0925125
0 0.587928 0.537365 0.176819 0.394255
0 0.751722 0.550628 0.12604 0.117643
0 0.449071 0.747902 0.110022 0.298892
0 0.523159 0.155535 0.147823 0.135279
