0 0.595981 0.421955 0.12139 0.0881236
0 0.826816 0.251266 0.208764 0.144541
0 0.668515 0.257816 0.162686 0.137056
0 0.967554 0.391601 0.0648872 0.102296
0 0.0983801 0.0796096 0.145847 0.105279
0 0.652836 0.349953 0.0921528 0.0746128
0 0.932888 0.220702 0.11558 0.1165
0 0.595981 0.421955 0.12139 0.0881236
0 0.826816 0.251266 0.208764 0.144541
0 0.668515 0.257816 0.162686 0.137056
0 0.967554 0.391601 0.0648872 0.102296
0 0.0983801 0.0796096 0.145847 0.105279
0 0.652836 0.349953 0.0921528 0.0746128
0 0.932888 0.220702 0.11558 0.1165
0 0.59596 0.421422 0.131307 0.0942695
0 0.668145 0.251583 0.169949 0.134169
0 0.830727 0.253658 0.212818 0.155431
0 0.104216 0.0842393 0.156689 0.105492
0 0.659856 0.347957 0.0942065 0.060202
0 0.965287 0.388598 0.0674854 0.118254
0 0.397813 0.112934 0.0757167 0.0496478
