0 0.947287 0.685383 0.0908669 0.195502
0 0.771693 0.680103 0.0860153 0.190727
0 0.489435 0.158735 0.133913 0.146269
0 0.150119 0.210883 0.151513 0.128649
0 0.636806 0.30287 0.0872458 0.185511
0 0.500514 0.3786 0.0824225 0.122237
0 0.854571 0.439364 0.105651 0.129778
0 0.865484 0.683308 0.0588257 0.137817
0 0.726302 0.381483 0.0511887 0.0925379
0 0.0743836 0.976611 0.148767 0.0467779
0 0.927132 0.342962 0.0487068 0.0893442
0 0.489086 0.371467 0.066732 0.112919
0 0.639012 0.442629 0.0630924 0.13932
0 0.785175 0.858508 0.194587 0.233261
0 0.953841 0.558983 0.0891521 0.0798901
0 0.787007 0.350199 0.0783743 0.0979332
0 0.341429 0.572314 0.0743398 0.124261
0 0.947287 0.685383 0.0908669 0.195502
0 0.771693 0.680103 0.0860153 0.190727
0 0.489435 0.158735 0.133913 0.146269
0 0.150119 0.210883 0.151513 0.128649
0 0.636806 0.30287 0.0872458 0.185511
0 0.500514 0.3786 0.0824225 0.122237
0 0.854571 0.439364 0.105651 0.129778
0 0.865484 0.683308 0.0588257 0.137817
0 0.726302 0.381483 0.0511887 0.0925379
0 0.0743836 0.976611 0.148767 0.0467779
0 0.927132 0.342962 0.0487068 0.0893442
0 0.489086 0.371467 0.066732 0.112919
0 0.639012 0.442629 0.0630924 0.13932
0 0.785175 0.858508 0.194587 0.233261
0 0.953841 0.558983 0.0891521 0.0798901
0 0.787007 0.350199 0.0783743 0.0979332
0 0.341429 0.572314 0.0743398 0.124261
0 0.479474 0.162819 0.140921 0.151153
0 0.521642 0.321954 0.131639 0.311228
0 0.954549 0.687671 0.079303 0.172542
0 0.138552 0.212883 0.187933 0.158241
0 0.641954 0.316467 0.101599 0.257831
0 0.878458 0.451432 0.151816 0.144911
0 0.337099 0.560302 0.0590382 0.12999
0 0.784023 0.83878 0.213451 0.2454
0 0.19974 0.451133 0.087498 0.104866
0 0.775955 0.677714 0.0642817 0.175918
0 0.54923 0.102961 0.0824663 0.0595158
0 0.36052 0.725094 0.0482007 0.0911801
0 0.778074 0.576687 0.0618935 0.0574627
0 0.0532506 0.811258 0.103268 0.276353
