0 0.899571 0.5095 0.197116 0.210591
0 0.677421 0.737216 0.14889 0.215208
0 0.797252 0.54433 0.177616 0.24697
0 0.258603 0.0724445 0.154308 0.144889
0 0.641628 0.503603 0.128121 0.219417
0 0.559195 0.408369 0.0776159 0.137974
0 0.336368 0.571369 0.105307 0.209112
0 0.313294 0.275027 0.130911 0.160412
0 0.222154 0.329558 0.269939 0.279868
0 0.498841 0.728612 0.103882 0.135091
0 0.128996 0.866336 0.257547 0.267328
0 0.226306 0.686157 0.126065 0.125394
0 0.282874 0.229655 0.103367 0.0756488
0 0.941925 0.893705 0.104844 0.192194
0 0.351063 0.607337 0.146472 0.336368
0 0.465578 0.342896 0.0763418 0.13061
0 0.294514 0.162245 0.0958964 0.0783683
0 0.346915 0.594652 0.110261 0.24245
0 0.476335 0.353111 0.0976894 0.159648
0 0.520263 0.269429 0.0431541 0.119049
0 0.319333 0.43955 0.0733833 0.104854
0 0.658687 0.748333 0.119636 0.183673
0 0.302607 0.247925 0.144065 0.123922
0 0.692201 0.727497 0.125447 0.164843
0 0.899571 0.5095 0.197116 0.210591
0 0.677421 0.737216 0.14889 0.215208
0 0.797252 0.54433 0.177616 0.24697
0 0.258603 0.0724445 0.154308 0.144889
0 0.641628 0.503603 0.128121 0.219417
0 0.559195 0.408369 0.0776159 0.137974
0 0.336368 0.571369 0.105307 0.209112
0 0.313294 0.275027 0.130911 0.160412
0 0.222154 0.329558 0.269939 0.279868
0 0.498841 0.728612 0.103882 0.135091
0 0.128996 0.866336 0.257547 0.267328
0 0.226306 0.686157 0.126065 0.125394
0 0.282874 0.229655 0.103367 0.0756488
0 0.941925 0.893705 0.104844 0.192194
0 0.351063 0.607337 0.146472 0.336368
0 0.465578 0.342896 0.0763418 0.13061
0 0.294514 0.162245 0.0958964 0.0783683
0 0.346915 0.594652 0.110261 0.24245
0 0.476335 0.353111 0.0976894 0.159648
0 0.520263 0.269429 0.0431541 0.119049
0 0.319333 0.43955 0.0733833 0.104854
0 0.658687 0.748333 0.119636 0.183673
0 0.302607 0.247925 0.144065 0.123922
0 0.692201 0.727497 0.125447 0.164843
0 0.898953 0.520072 0.202095 0.215381
0 0.464295 0.339975 0.0783862 0.12456
0 0.241898 0.317411 0.292984 0.26542
0 0.0895791 0.91257 0.179158 0.172781
0 0.802471 0.554329 0.160216 0.247603
0 0.261334 0.0910475 0.197014 0.182095
0 0.554868 0.41509 0.0910243 0.161497
0 0.501685 0.722961 0.0848132 0.127469
0 0.350692 0.603958 0.175282 0.303517
0 0.204629 0.323471 0.221654 0.24789
0 0.675568 0.740931 0.147884 0.222044
0 0.639355 0.515394 0.118286 0.225485
0 0.0398259 0.606486 0.0769885 0.256729
