0 0.619558 0.906791 0.173193 0.171347
0 0.928715 0.700182 0.14257 0.192363
0 0.709894 0.361334 0.143488 0.104245
0 0.191226 0.729955 0.105071 0.181491
0 0.40839 0.828314 0.0805186 0.189287
0 0.471289 0.649833 0.250958 0.194081
0 0.619558 0.906791 0.173193 0.171347
0 0.928715 0.700182 0.14257 0.192363
0 0.709894 0.361334 0.143488 0.104245
0 0.191226 0.729955 0.105071 0.181491
0 0.40839 0.828314 0.0805186 0.189287
0 0.471289 0.649833 0.250958 0.194081
0 0.704694 0.363702 0.149105 0.10271
0 0.192522 0.727749 0.11506 0.167356
0 0.917468 0.697044 0.159087 0.199817
0 0.625569 0.903985 0.183972 0.175491
0 0.477623 0.655706 0.287121 0.243233
0 0.410855 0.819265 0.0873689 0.192982
0 0.775154 0.79538 0.0941232 0.106921
0 0.167448 0.28873 0.0711987 0.0732235
0 0.344034 0.582731 0.0564138 0.0824602
0 0.445077 0.666384 0.221324 0.185553
0 0.393754 0.507569 0.0475052 0.0702803
0 0.23573 0.568831 0.0624411 0.0695575
