0 0.179674 0.244605 0.234627 0.212487
0 0.165939 0.859354 0.295136 0.238849
0 0.270173 0.752793 0.196822 0.200251
0 0.165143 0.410825 0.17012 0.142465
0 0.792227 0.326285 0.140027 0.171322
0 0.534501 0.45227 0.114475 0.239808
0 0.673763 0.278334 0.0616709 0.131296
0 0.937838 0.400161 0.124324 0.157156
0 0.179674 0.244605 0.234627 0.212487
0 0.165939 0.859354 0.295136 0.238849
0 0.270173 0.752793 0.196822 0.200251
0 0.165143 0.410825 0.17012 0.142465
0 0.792227 0.326285 0.140027 0.171322
0 0.534501 0.45227 0.114475 0.239808
0 0.673763 0.278334 0.0616709 0.131296
0 0.937838 0.400161 0.124324 0.157156
0 0.170121 0.854427 0.286149 0.225619
0 0.169415 0.407878 0.17103 0.131008
0 0.279918 0.767233 0.199453 0.207914
0 0.191268 0.2516 0.245228 0.246765
0 0.772854 0.343499 0.0930383 0.138101
0 0.540408 0.452159 0.123651 0.228887
0 0.674561 0.277477 0.0551058 0.119261
0 0.176704 0.259638 0.234382 0.18353
0 0.0807634 0.710653 0.048025 0.0524889
0 0.14396 0.167389 0.138241 0.117656
