0 0.812333 0.0821414 0.216887 0.164283
0 0.76686 0.42021 0.21003 0.25855
0 0.642671 0.0861035 0.188768 0.147678
0 0.244183 0.116603 0.277007 0.233206
0 0.885148 0.48986 0.229705 0.275715
0 0.692672 0.784719 0.174497 0.183758
0 0.842344 0.199314 0.0819998 0.0783661
0 0.0593875 0.126128 0.111757 0.228351
0 0.95065 0.115882 0.0959679 0.102419
0 0.812333 0.0821414 0.216887 0.164283
0 0.76686 0.42021 0.21003 0.25855
0 0.642671 0.0861035 0.188768 0.147678
0 0.244183 0.116603 0.277007 0.233206
0 0.885148 0.48986 0.229705 0.275715
0 0.692672 0.784719 0.174497 0.183758
0 0.842344 0.199314 0.0819998 0.0783661
0 0.0593875 0.126128 0.111757 0.228351
0 0.95065 0.115882 0.0959679 0.102419
0 0.657748 0.0849435 0.185411 0.158348
0 0.816766 0.4532 0.316731 0.328483
0 0.0741747 0.129643 0.148349 0.181087
0 0.232523 0.117394 0.316897 0.234788
0 0.828358 0.0991598 0.197432 0.19832
0 0.229481 0.29367 0.269509 0.304321
0 0.62247 0.379699 0.0835978 0.0995666
