0 0.517228 0.617402 0.166156 0.252603
0 0.453831 0.311461 0.120852 0.102425
0 0.211403 0.25563 0.160301 0.17957
0 0.344465 0.917963 0.218992 0.164074
0 0.596319 0.394416 0.106417 0.116711
0 0.0662507 0.683517 0.132501 0.262532
0 0.891154 0.592231 0.0817581 0.193984
0 0.095495 0.130017 0.0984354 0.0773346
0 0.39363 0.21834 0.079845 0.076633
0 0.855567 0.496672 0.123677 0.143792
0 0.517228 0.617402 0.166156 0.252603
0 0.453831 0.311461 0.120852 0.102425
0 0.211403 0.25563 0.160301 0.17957
0 0.344465 0.917963 0.218992 0.164074
0 0.596319 0.394416 0.106417 0.116711
0 0.0662507 0.683517 0.132501 0.262532
0 0.891154 0.592231 0.0817581 0.193984
0 0.095495 0.130017 0.0984354 0.0773346
0 0.39363 0.21834 0.079845 0.076633
0 0.855567 0.496672 0.123677 0.143792
0 0.715472 0.265981 0.090235 0.0879124
0 0.451346 0.314383 0.107338 0.0993942
0 0.207274 0.26536 0.163883 0.183652
0 0.097797 0.131834 0.094251 0.0634318
0 0.520159 0.637452 0.163743 0.236932
0 0.329958 0.910234 0.213695 0.179531
0 0.851462 0.489937 0.120053 0.130679
0 0.593651 0.399973 0.0989494 0.115578
0 0.072991 0.696997 0.145982 0.279582
0 0.620733 0.25807 0.0815423 0.065265
0 0.0854551 0.0327613 0.108113 0.0655226
0 0.653727 0.213863 0.0874405 0.0547742
0 0.417459 0.744061 0.0441784 0.0715318
0 0.953986 0.949245 0.0850938 0.10151
0 0.049638 0.180261 0.068894 0.0485038
