0 0.804476 0.76959 0.290128 0.281267
0 0.572959 0.409335 0.195736 0.181659
0 0.172054 0.499521 0.177329 0.118552
0 0.218388 0.360458 0.142598 0.128382
0 0.670438 0.853143 0.153278 0.110311
0 0.149821 0.5092 0.222797 0.14673
0 0.548253 0.625567 0.115806 0.190038
0 0.0599875 0.415745 0.110275 0.224458
0 0.408823 0.527504 0.0647711 0.146987
0 0.804476 0.76959 0.290128 0.281267
0 0.572959 0.409335 0.195736 0.181659
0 0.172054 0.499521 0.177329 0.118552
0 0.218388 0.360458 0.142598 0.128382
0 0.670438 0.853143 0.153278 0.110311
0 0.149821 0.5092 0.222797 0.14673
0 0.548253 0.625567 0.115806 0.190038
0 0.0599875 0.415745 0.110275 0.224458
0 0.408823 0.527504 0.0647711 0.146987
0 0.795316 0.784965 0.285358 0.274682
0 0.56832 0.401319 0.196787 0.175994
0 0.215835 0.365565 0.147726 0.125231
0 0.168843 0.509145 0.184008 0.149746
0 0.0605043 0.439582 0.121009 0.263133
0 0.06295 0.286762 0.117711 0.134935
0 0.535916 0.63509 0.140662 0.222105
0 0.173543 0.795526 0.347086 0.408947
