0 0.73152 0.661845 0.131056 0.178101
0 0.213918 0.16003 0.273521 0.257522
0 0.812558 0.469603 0.14419 0.13073
0 0.788407 0.882857 0.100379 0.179252
0 0.599336 0.855587 0.0669483 0.156747
0 0.664511 0.556946 0.0762266 0.0941347
0 0.945648 0.780194 0.104664 0.214767
0 0.0668069 0.17417 0.127222 0.168423
0 0.950895 0.823825 0.0982103 0.17136
0 0.951733 0.858117 0.0965346 0.112633
0 0.222294 0.470817 0.292271 0.241606
0 0.102893 0.292962 0.147801 0.099456
0 0.73152 0.661845 0.131056 0.178101
0 0.213918 0.16003 0.273521 0.257522
0 0.812558 0.469603 0.14419 0.13073
0 0.788407 0.882857 0.100379 0.179252
0 0.599336 0.855587 0.0669483 0.156747
0 0.664511 0.556946 0.0762266 0.0941347
0 0.945648 0.780194 0.104664 0.214767
0 0.0668069 0.17417 0.127222 0.168423
0 0.950895 0.823825 0.0982103 0.17136
0 0.951733 0.858117 0.0965346 0.112633
0 0.222294 0.470817 0.292271 0.241606
0 0.102893 0.292962 0.147801 0.099456
0 0.811457 0.468063 0.143211 0.141442
0 0.733625 0.663891 0.140468 0.176986
0 0.602549 0.85203 0.0615674 0.149593
0 0.521056 0.321908 0.0839565 0.0799203
0 0.0634805 0.174425 0.123528 0.151605
0 0.199599 0.154734 0.306514 0.23699
0 0.0647921 0.423439 0.129584 0.289843
0 0.240597 0.162485 0.230487 0.257664
