0 0.728969 0.594636 0.256884 0.219835
0 0.22155 0.264423 0.227147 0.200139
0 0.535862 0.345342 0.219045 0.188773
0 0.5516 0.329056 0.196184 0.140598
0 0.526094 0.803371 0.10977 0.299264
0 0.0713587 0.416733 0.142717 0.140993
0 0.467084 0.484554 0.130854 0.204067
0 0.721126 0.137518 0.0975918 0.111438
0 0.728969 0.594636 0.256884 0.219835
0 0.22155 0.264423 0.227147 0.200139
0 0.535862 0.345342 0.219045 0.188773
0 0.5516 0.329056 0.196184 0.140598
0 0.526094 0.803371 0.10977 0.299264
0 0.0713587 0.416733 0.142717 0.140993
0 0.467084 0.484554 0.130854 0.204067
0 0.721126 0.137518 0.0975918 0.111438
0 0.728121 0.604837 0.248457 0.215393
0 0.544928 0.325759 0.170427 0.152325
0 0.0707751 0.430547 0.14155 0.1376
0 0.461995 0.485776 0.136771 0.188583
0 0.521795 0.810691 0.124479 0.268537
0 0.208057 0.225277 0.175421 0.0944067
0 0.211789 0.265067 0.165622 0.159882
0 0.0351627 0.217477 0.0700884 0.127494
