0 0.402526 0.3237 0.158882 0.20199
0 0.49412 0.831986 0.249972 0.333331
0 0.779041 0.594156 0.137694 0.197468
0 0.205331 0.780889 0.127764 0.337859
0 0.0988342 0.162498 0.118777 0.115262
0 0.645406 0.0997486 0.111466 0.0722551
0 0.771731 0.272405 0.12681 0.0927133
0 0.0566502 0.722385 0.1133 0.178979
0 0.0517822 0.289938 0.0983321 0.16717
0 0.402526 0.3237 0.158882 0.20199
0 0.49412 0.831986 0.249972 0.333331
0 0.779041 0.594156 0.137694 0.197468
0 0.205331 0.780889 0.127764 0.337859
0 0.0988342 0.162498 0.118777 0.115262
0 0.645406 0.0997486 0.111466 0.0722551
0 0.771731 0.272405 0.12681 0.0927133
0 0.0566502 0.722385 0.1133 0.178979
0 0.0517822 0.289938 0.0983321 0.16717
0 0.401932 0.326811 0.151524 0.189706
0 0.0969902 0.162906 0.113362 0.106194
0 0.776515 0.589972 0.132114 0.188122
0 0.499905 0.840822 0.241493 0.313422
0 0.201918 0.772903 0.117684 0.292838
0 0.0538832 0.290969 0.104557 0.143197
0 0.765258 0.280774 0.115168 0.101869
0 0.0400096 0.108406 0.076967 0.0919128
0 0.648477 0.097068 0.103666 0.0649045
0 0.231442 0.0619796 0.106191 0.0881445
0 0.96991 0.375609 0.0601793 0.106858
