0 0.643909 0.384417 0.1506 0.212163
0 0.306706 0.187862 0.135564 0.105947
0 0.437873 0.886861 0.204738 0.226277
0 0.196116 0.232273 0.113061 0.104209
0 0.429857 0.209561 0.115486 0.148834
0 0.178546 0.072284 0.130693 0.144568
0 0.774437 0.0377935 0.0814442 0.0631773
0 0.825258 0.487671 0.151606 0.130853
0 0.403308 0.435132 0.208794 0.151483
0 0.97156 0.702624 0.0568792 0.154695
0 0.679451 0.571482 0.293961 0.280734
0 0.629489 0.87823 0.2212 0.243541
0 0.402235 0.414747 0.195408 0.113546
0 0.643909 0.384417 0.1506 0.212163
0 0.306706 0.187862 0.135564 0.105947
0 0.437873 0.886861 0.204738 0.226277
0 0.196116 0.232273 0.113061 0.104209
0 0.429857 0.209561 0.115486 0.148834
0 0.178546 0.072284 0.130693 0.144568
0 0.774437 0.0377935 0.0814442 0.0631773
0 0.825258 0.487671 0.151606 0.130853
0 0.403308 0.435132 0.208794 0.151483
0 0.97156 0.702624 0.0568792 0.154695
0 0.679451 0.571482 0.293961 0.280734
0 0.629489 0.87823 0.2212 0.243541
0 0.402235 0.414747 0.195408 0.113546
0 0.317125 0.204383 0.165633 0.153587
0 0.406417 0.427818 0.18922 0.150115
0 0.631051 0.381207 0.179865 0.223649
0 0.438922 0.232709 0.170201 0.210364
0 0.434139 0.878468 0.201378 0.243064
0 0.926589 0.325322 0.134776 0.117702
0 0.533997 0.181528 0.120169 0.121203
0 0.0342042 0.0434958 0.0684084 0.0690817
0 0.170098 0.0787243 0.146018 0.157449
0 0.776284 0.0350893 0.0745653 0.0598678
0 0.769151 0.369777 0.148163 0.163724
0 0.189075 0.238623 0.125188 0.086428
