0 0.555193 0.39531 0.232602 0.222429
0 0.75704 0.688349 0.275216 0.240657
0 0.100918 0.475265 0.196346 0.140392
0 0.163433 0.342362 0.115586 0.107342
0 0.552872 0.819675 0.0923367 0.136682
0 0.495381 0.564092 0.0988324 0.221607
0 0.555193 0.39531 0.232602 0.222429
0 0.75704 0.688349 0.275216 0.240657
0 0.100918 0.475265 0.196346 0.140392
0 0.163433 0.342362 0.115586 0.107342
0 0.552872 0.819675 0.0923367 0.136682
0 0.495381 0.564092 0.0988324 0.221607
0 0.758543 0.700829 0.259004 0.233903
0 0.5517 0.373284 0.189203 0.166126
0 0.0953706 0.478541 0.190741 0.156129
0 0.49201 0.553443 0.132637 0.202247
0 0.564599 0.822896 0.106092 0.176513
0 0.159969 0.343204 0.121302 0.106448
0 0.0427269 0.253956 0.085157 0.126082
0 0.292818 0.0569502 0.107549 0.110231
