0 0.0972864 0.121997 0.194573 0.20716
0 0.518342 0.147093 0.211257 0.178557
0 0.810198 0.58557 0.0655797 0.172429
0 0.942017 0.548292 0.115224 0.167127
0 0.250183 0.562755 0.0987128 0.185271
0 0.960841 0.819984 0.078319 0.178682
0 0.707432 0.391117 0.0775147 0.10079
0 0.614555 0.37874 0.0713186 0.129958
0 0.98085 0.297134 0.035999 0.106112
0 0.67345 0.438512 0.0993214 0.100551
0 0.0972864 0.121997 0.194573 0.20716
0 0.518342 0.147093 0.211257 0.178557
0 0.810198 0.58557 0.0655797 0.172429
0 0.942017 0.548292 0.115224 0.167127
0 0.250183 0.562755 0.0987128 0.185271
0 0.960841 0.819984 0.078319 0.178682
0 0.707432 0.391117 0.0775147 0.10079
0 0.614555 0.37874 0.0713186 0.129958
0 0.98085 0.297134 0.035999 0.106112
0 0.67345 0.438512 0.0993214 0.100551
0 0.088205 0.125136 0.17641 0.205517
0 0.943121 0.557237 0.110615 0.164611
0 0.812036 0.585313 0.0637465 0.178988
0 0.525253 0.150596 0.199565 0.205905
0 0.669242 0.443603 0.0937781 0.085458
0 0.704629 0.391277 0.0740937 0.0795615
0 0.885122 0.89752 0.229756 0.182796
