0 0.835839 0.793568 0.200907 0.140583
0 0.634991 0.451524 0.176093 0.199532
0 0.0471508 0.410366 0.0943016 0.13383
0 0.861144 0.534141 0.107396 0.104847
0 0.807245 0.397794 0.0933108 0.0950009
0 0.969672 0.726159 0.0533642 0.152889
0 0.0521971 0.243902 0.104394 0.0951162
0 0.744608 0.299512 0.0846691 0.0697703
0 0.0572561 0.641629 0.111679 0.14573
0 0.627396 0.772886 0.0940733 0.105678
0 0.370857 0.376142 0.116206 0.114393
0 0.538607 0.88474 0.130495 0.163822
0 0.689111 0.5022 0.0590017 0.120247
0 0.251775 0.181362 0.105153 0.0711717
0 0.630106 0.433298 0.158994 0.140044
0 0.0726158 0.917558 0.145232 0.135188
0 0.896137 0.496423 0.0686831 0.111952
0 0.835839 0.793568 0.200907 0.140583
0 0.634991 0.451524 0.176093 0.199532
0 0.0471508 0.410366 0.0943016 0.13383
0 0.861144 0.534141 0.107396 0.104847
0 0.807245 0.397794 0.0933108 0.0950009
0 0.969672 0.726159 0.0533642 0.152889
0 0.0521971 0.243902 0.104394 0.0951162
0 0.744608 0.299512 0.0846691 0.0697703
0 0.0572561 0.641629 0.111679 0.14573
0 0.627396 0.772886 0.0940733 0.105678
0 0.370857 0.376142 0.116206 0.114393
0 0.538607 0.88474 0.130495 0.163822
0 0.689111 0.5022 0.0590017 0.120247
0 0.251775 0.181362 0.105153 0.0711717
0 0.630106 0.433298 0.158994 0.140044
0 0.0726158 0.917558 0.145232 0.135188
0 0.896137 0.496423 0.0686831 0.111952
0 0.248312 0.18394 0.0982333 0.0606372
0 0.844676 0.787689 0.218271 0.15813
0 0.853528 0.534078 0.0918635 0.0927375
0 0.633295 0.439796 0.135861 0.160628
0 0.746527 0.296942 0.0874245 0.0639675
0 0.0518453 0.417562 0.0999444 0.151817
0 0.0575645 0.242642 0.115129 0.0875772
0 0.805036 0.393867 0.100422 0.106655
0 0.0303969 0.936283 0.0607937 0.127433
0 0.686588 0.378047 0.0782423 0.0875779
0 0.194151 0.0582473 0.108087 0.064475
0 0.968429 0.717315 0.056459 0.150476
