0 0.301217 0.202275 0.223024 0.172731
0 0.565839 0.354127 0.166566 0.258109
0 0.431898 0.365189 0.260658 0.283757
0 0.844893 0.421015 0.0583378 0.134048
0 0.919177 0.662188 0.106293 0.20787
0 0.650354 0.0867685 0.113235 0.129367
0 0.522938 0.520922 0.103923 0.143101
0 0.923951 0.967018 0.152099 0.0659636
0 0.301217 0.202275 0.223024 0.172731
0 0.565839 0.354127 0.166566 0.258109
0 0.431898 0.365189 0.260658 0.283757
0 0.844893 0.421015 0.0583378 0.134048
0 0.919177 0.662188 0.106293 0.20787
0 0.650354 0.0867685 0.113235 0.129367
0 0.522938 0.520922 0.103923 0.143101
0 0.923951 0.967018 0.152099 0.0659636
0 0.57115 0.365984 0.158166 0.2705
0 0.303039 0.203244 0.222234 0.187727
0 0.779179 0.24406 0.0926293 0.0550016
0 0.430594 0.374176 0.267331 0.283537
0 0.848122 0.307712 0.0762323 0.0621874
0 0.577603 0.170145 0.100394 0.0661553
0 0.652838 0.0854848 0.101114 0.121887
