0 0.275073 0.785673 0.166348 0.320112
0 0.800219 0.834731 0.157226 0.142076
0 0.924102 0.8965 0.118002 0.207001
0 0.556927 0.705132 0.101763 0.265027
0 0.630041 0.679848 0.114553 0.21562
0 0.199345 0.597249 0.125132 0.142716
0 0.0635453 0.853845 0.118507 0.292311
0 0.325651 0.525489 0.0853742 0.169558
0 0.561863 0.423858 0.0935698 0.170278
0 0.690928 0.896665 0.102521 0.173038
0 0.132749 0.229441 0.191535 0.182172
0 0.489658 0.782349 0.125957 0.322116
0 0.290643 0.253176 0.11436 0.14339
0 0.644409 0.247764 0.0727288 0.0770498
0 0.804199 0.450768 0.0760222 0.0724365
0 0.49553 0.436803 0.08463 0.130157
0 0.394545 0.55607 0.0445665 0.119094
0 0.924966 0.633033 0.0801621 0.106832
0 0.978262 0.801459 0.0434759 0.132831
0 0.85015 0.547265 0.115603 0.176981
0 0.630953 0.700539 0.103871 0.291495
0 0.47849 0.564542 0.0847916 0.107455
0 0.623079 0.663688 0.10332 0.154083
0 0.0448458 0.384157 0.0884598 0.143733
0 0.712496 0.595814 0.0486566 0.146263
0 0.275073 0.785673 0.166348 0.320112
0 0.800219 0.834731 0.157226 0.142076
0 0.924102 0.8965 0.118002 0.207001
0 0.556927 0.705132 0.101763 0.265027
0 0.630041 0.679848 0.114553 0.21562
0 0.199345 0.597249 0.125132 0.142716
0 0.0635453 0.853845 0.118507 0.292311
0 0.325651 0.525489 0.0853742 0.169558
0 0.561863 0.423858 0.0935698 0.170278
0 0.690928 0.896665 0.102521 0.173038
0 0.132749 0.229441 0.191535 0.182172
0 0.489658 0.782349 0.125957 0.322116
0 0.290643 0.253176 0.11436 0.14339
0 0.644409 0.247764 0.0727288 0.0770498
0 0.804199 0.450768 0.0760222 0.0724365
0 0.49553 0.436803 0.08463 0.130157
0 0.394545 0.55607 0.0445665 0.119094
0 0.924966 0.633033 0.0801621 0.106832
0 0.978262 0.801459 0.0434759 0.132831
0 0.85015 0.547265 0.115603 0.176981
0 0.630953 0.700539 0.103871 0.291495
0 0.47849 0.564542 0.0847916 0.107455
0 0.623079 0.663688 0.10332 0.154083
0 0.0448458 0.384157 0.0884598 0.143733
0 0.712496 0.595814 0.0486566 0.146263
0 0.278086 0.804084 0.173689 0.298932
0 0.626637 0.670392 0.115946 0.173939
0 0.80072 0.835324 0.162853 0.142407
0 0.501838 0.442097 0.080502 0.128579
0 0.696347 0.897818 0.113836 0.180734
0 0.483053 0.789073 0.125561 0.288736
0 0.321093 0.523417 0.0912666 0.151433
0 0.128322 0.219752 0.16061 0.161704
0 0.292404 0.26346 0.0942413 0.135499
0 0.56053 0.417779 0.0901728 0.160316
0 0.19683 0.60111 0.115895 0.127657
0 0.853086 0.541676 0.107211 0.139285
0 0.550941 0.704711 0.104973 0.260633
0 0.17441 0.34082 0.111907 0.140312
0 0.921169 0.875532 0.151089 0.24845
0 0.806211 0.45525 0.076552 0.0706489
0 0.0646933 0.834709 0.118559 0.330581
0 0.0466515 0.395418 0.0907713 0.114083
0 0.3984 0.569941 0.0451711 0.123712
0 0.0646702 0.102706 0.12934 0.11665
0 0.928631 0.636388 0.0810989 0.0967814
