0 0.754628 0.432714 0.209793 0.231674
0 0.0690217 0.547343 0.138043 0.309026
0 0.656292 0.188251 0.224383 0.208135
0 0.333069 0.162169 0.227715 0.170021
0 0.0793655 0.860349 0.158731 0.279302
0 0.63596 0.808197 0.127891 0.196264
0 0.956826 0.704667 0.0796022 0.197411
0 0.174373 0.361576 0.161277 0.1324
0 0.190109 0.370142 0.198227 0.162702
0 0.754628 0.432714 0.209793 0.231674
0 0.0690217 0.547343 0.138043 0.309026
0 0.656292 0.188251 0.224383 0.208135
0 0.333069 0.162169 0.227715 0.170021
0 0.0793655 0.860349 0.158731 0.279302
0 0.63596 0.808197 0.127891 0.196264
0 0.956826 0.704667 0.0796022 0.197411
0 0.174373 0.361576 0.161277 0.1324
0 0.190109 0.370142 0.198227 0.162702
0 0.0699637 0.555807 0.139927 0.252356
0 0.751182 0.438328 0.22223 0.251286
0 0.827012 0.879288 0.077717 0.138881
0 0.214097 0.115941 0.15747 0.13248
0 0.675698 0.190684 0.158766 0.181671
0 0.0812379 0.867331 0.162476 0.242525
0 0.343234 0.169707 0.212984 0.167209
0 0.84556 0.230851 0.143427 0.188712
0 0.962721 0.438608 0.0745577 0.130387
0 0.0729081 0.198575 0.107146 0.144067
0 0.950645 0.70682 0.0959385 0.157395
0 0.949552 0.116771 0.100897 0.127787
0 0.260517 0.328541 0.395088 0.396255
