0 0.189033 0.254988 0.241927 0.186379
0 0.185058 0.883701 0.299546 0.232598
0 0.177875 0.415011 0.175782 0.128373
0 0.274849 0.765145 0.184626 0.189153
0 0.547749 0.457985 0.159465 0.314978
0 0.752757 0.0823942 0.11379 0.100153
0 0.112602 0.16432 0.128665 0.113041
0 0.945559 0.414937 0.108882 0.147369
0 0.680792 0.273775 0.0493841 0.121578
0 0.189033 0.254988 0.241927 0.186379
0 0.185058 0.883701 0.299546 0.232598
0 0.177875 0.415011 0.175782 0.128373
0 0.274849 0.765145 0.184626 0.189153
0 0.547749 0.457985 0.159465 0.314978
0 0.752757 0.0823942 0.11379 0.100153
0 0.112602 0.16432 0.128665 0.113041
0 0.945559 0.414937 0.108882 0.147369
0 0.680792 0.273775 0.0493841 0.121578
0 0.183303 0.873463 0.289407 0.21948
0 0.28043 0.772174 0.172885 0.192321
0 0.179961 0.413725 0.174667 0.126934
0 0.189156 0.256296 0.24242 0.191323
0 0.542443 0.454262 0.149034 0.293397
0 0.8133 0.344831 0.0644603 0.147677
0 0.125829 0.165717 0.144676 0.119888
