0 0.114909 0.700627 0.128399 0.232032
0 0.828939 0.674582 0.109551 0.15564
0 0.6002 0.57479 0.111561 0.114583
0 0.282489 0.295996 0.11459 0.0988047
0 0.772624 0.548227 0.0864545 0.0923396
0 0.303624 0.457636 0.0622218 0.0669842
0 0.0313233 0.742355 0.0581812 0.157226
0 0.838804 0.545462 0.115829 0.103445
0 0.114909 0.700627 0.128399 0.232032
0 0.828939 0.674582 0.109551 0.15564
0 0.6002 0.57479 0.111561 0.114583
0 0.282489 0.295996 0.11459 0.0988047
0 0.772624 0.548227 0.0864545 0.0923396
0 0.303624 0.457636 0.0622218 0.0669842
0 0.0313233 0.742355 0.0581812 0.157226
0 0.838804 0.545462 0.115829 0.103445
0 0.597882 0.572301 0.083016 0.0954827
0 0.11124 0.698125 0.1223 0.22107
0 0.835499 0.66896 0.0924259 0.140183
0 0.4169 0.386819 0.0954789 0.0639209
0 0.771449 0.547705 0.0808404 0.0813858
0 0.276438 0.301629 0.123002 0.0983835
0 0.830844 0.54398 0.0800089 0.0910682
0 0.126241 0.0762399 0.113709 0.0714692
0 0.59388 0.844444 0.0721912 0.0968859
0 0.386812 0.940353 0.0662581 0.0730472
0 0.823621 0.34729 0.088739 0.061482
0 0.456034 0.265857 0.0740416 0.055031
