0 0.766965 0.595085 0.147053 0.130539
0 0.39559 0.869927 0.167862 0.260147
0 0.379713 0.504451 0.171125 0.129929
0 0.840889 0.255847 0.154014 0.113421
0 0.884539 0.494506 0.0832958 0.168597
0 0.7416 0.0497113 0.102347 0.087909
0 0.496499 0.273053 0.111328 0.105963
0 0.976139 0.50142 0.0477229 0.174209
0 0.337335 0.264311 0.048562 0.104583
0 0.0803674 0.146924 0.134482 0.120106
0 0.977422 0.635457 0.0451559 0.117094
0 0.826272 0.141811 0.0830865 0.0671714
0 0.607853 0.559983 0.0811775 0.123514
0 0.212112 0.14649 0.0762774 0.0861643
0 0.766965 0.595085 0.147053 0.130539
0 0.39559 0.869927 0.167862 0.260147
0 0.379713 0.504451 0.171125 0.129929
0 0.840889 0.255847 0.154014 0.113421
0 0.884539 0.494506 0.0832958 0.168597
0 0.7416 0.0497113 0.102347 0.087909
0 0.496499 0.273053 0.111328 0.105963
0 0.976139 0.50142 0.0477229 0.174209
0 0.337335 0.264311 0.048562 0.104583
0 0.0803674 0.146924 0.134482 0.120106
0 0.977422 0.635457 0.0451559 0.117094
0 0.826272 0.141811 0.0830865 0.0671714
0 0.607853 0.559983 0.0811775 0.123514
0 0.212112 0.14649 0.0762774 0.0861643
0 0.0870584 0.155059 0.174117 0.131871
0 0.765398 0.595685 0.144863 0.125078
0 0.83437 0.251644 0.157368 0.107433
0 0.370051 0.513379 0.189845 0.139194
0 0.391497 0.866166 0.137404 0.264237
0 0.498327 0.279882 0.112775 0.109271
0 0.189004 0.911406 0.21626 0.177189
0 0.243972 0.221505 0.115928 0.118489
0 0.211058 0.149495 0.0842235 0.0815916
0 0.687613 0.751702 0.176982 0.224291
0 0.604865 0.144963 0.0557409 0.0561565
0 0.0269351 0.361254 0.0538702 0.163687
0 0.879337 0.490725 0.0711453 0.141701
