0 0.871654 0.50384 0.178532 0.168906
0 0.762366 0.0986834 0.105048 0.0910315
0 0.0532781 0.849758 0.106556 0.300485
0 0.956124 0.470106 0.0877531 0.097919
0 0.44815 0.573701 0.167341 0.266844
0 0.944931 0.795921 0.0998745 0.190724
0 0.214368 0.390621 0.12223 0.304602
0 0.417456 0.282547 0.124156 0.188479
0 0.485458 0.672361 0.0830175 0.196853
0 0.228728 0.354948 0.162611 0.334812
0 0.401741 0.748324 0.107825 0.146194
0 0.440562 0.549836 0.147823 0.20001
0 0.948366 0.808896 0.10015 0.256734
0 0.33641 0.857459 0.133946 0.211158
0 0.639986 0.386069 0.11186 0.175695
0 0.319609 0.849281 0.202948 0.283113
0 0.924139 0.613388 0.0796137 0.0705192
0 0.791503 0.369934 0.127829 0.112227
0 0.718957 0.617511 0.154906 0.131691
0 0.573881 0.278791 0.08435 0.0835421
0 0.290563 0.793066 0.259495 0.412329
0 0.965378 0.262734 0.0649193 0.10379
0 0.871654 0.50384 0.178532 0.168906
0 0.762366 0.0986834 0.105048 0.0910315
0 0.0532781 0.849758 0.106556 0.300485
0 0.956124 0.470106 0.0877531 0.097919
0 0.44815 0.573701 0.167341 0.266844
0 0.944931 0.795921 0.0998745 0.190724
0 0.214368 0.390621 0.12223 0.304602
0 0.417456 0.282547 0.124156 0.188479
0 0.485458 0.672361 0.0830175 0.196853
0 0.228728 0.354948 0.162611 0.334812
0 0.401741 0.748324 0.107825 0.146194
0 0.440562 0.549836 0.147823 0.20001
0 0.948366 0.808896 0.10015 0.256734
0 0.33641 0.857459 0.133946 0.211158
0 0.639986 0.386069 0.11186 0.175695
0 0.319609 0.849281 0.202948 0.283113
0 0.924139 0.613388 0.0796137 0.0705192
0 0.791503 0.369934 0.127829 0.112227
0 0.718957 0.617511 0.154906 0.131691
0 0.573881 0.278791 0.08435 0.0835421
0 0.290563 0.793066 0.259495 0.412329
0 0.965378 0.262734 0.0649193 0.10379
0 0.884385 0.530185 0.230598 0.225002
0 0.448372 0.59554 0.179759 0.325182
0 0.327642 0.859479 0.15738 0.266512
0 0.225701 0.356271 0.124401 0.306811
0 0.0637712 0.856109 0.127542 0.253442
0 0.792153 0.389173 0.1356 0.133256
0 0.63849 0.392411 0.123802 0.185996
0 0.272356 0.110722 0.143534 0.140079
0 0.91897 0.618871 0.0855415 0.0632472
0 0.760481 0.0998698 0.0960239 0.0730987
0 0.383386 0.246573 0.172909 0.311357
0 0.288101 0.691532 0.0543366 0.0476462
