0 0.801241 0.476802 0.235078 0.205107
0 0.627723 0.811029 0.173297 0.377942
0 0.373538 0.0733282 0.156732 0.136071
0 0.435357 0.40886 0.38158 0.440492
0 0.615283 0.238855 0.136482 0.156992
0 0.679772 0.352046 0.116677 0.0947728
0 0.977179 0.445669 0.0419708 0.114968
0 0.76281 0.308829 0.0993717 0.0914043
0 0.468996 0.449135 0.317517 0.384364
0 0.235094 0.282272 0.0992825 0.281188
0 0.801241 0.476802 0.235078 0.205107
0 0.627723 0.811029 0.173297 0.377942
0 0.373538 0.0733282 0.156732 0.136071
0 0.435357 0.40886 0.38158 0.440492
0 0.615283 0.238855 0.136482 0.156992
0 0.679772 0.352046 0.116677 0.0947728
0 0.977179 0.445669 0.0419708 0.114968
0 0.76281 0.308829 0.0993717 0.0914043
0 0.468996 0.449135 0.317517 0.384364
0 0.235094 0.282272 0.0992825 0.281188
0 0.786797 0.480297 0.174211 0.18661
0 0.3794 0.0696118 0.143059 0.130251
0 0.673329 0.356301 0.114101 0.0952776
0 0.451521 0.429845 0.333548 0.436186
0 0.534919 0.231286 0.0985807 0.0936573
0 0.63115 0.825538 0.167699 0.348924
0 0.62478 0.241587 0.135598 0.173129
0 0.753707 0.303492 0.112916 0.0924584
