0 0.393434 0.257116 0.143579 0.155519
0 0.651026 0.815231 0.161251 0.349168
0 0.25377 0.691901 0.174504 0.179385
0 0.163776 0.779528 0.236288 0.166261
0 0.209393 0.413193 0.118847 0.129025
0 0.216308 0.279959 0.14373 0.198386
0 0.135103 0.0785949 0.118206 0.122799
0 0.72249 0.387108 0.0763035 0.129748
0 0.393434 0.257116 0.143579 0.155519
0 0.651026 0.815231 0.161251 0.349168
0 0.25377 0.691901 0.174504 0.179385
0 0.163776 0.779528 0.236288 0.166261
0 0.209393 0.413193 0.118847 0.129025
0 0.216308 0.279959 0.14373 0.198386
0 0.135103 0.0785949 0.118206 0.122799
0 0.72249 0.387108 0.0763035 0.129748
0 0.206768 0.411038 0.103415 0.132633
0 0.390563 0.260041 0.149562 0.154929
0 0.134305 0.0790475 0.115917 0.1137
0 0.261831 0.703199 0.169084 0.185258
0 0.166178 0.785642 0.242346 0.193781
0 0.205371 0.293471 0.126926 0.194554
0 0.724817 0.397974 0.0678009 0.121712
0 0.908286 0.456979 0.113822 0.0852242
0 0.653927 0.819997 0.168228 0.327355
0 0.697787 0.308201 0.0838415 0.0888918
0 0.490334 0.0354988 0.109636 0.0709976
0 0.913864 0.35045 0.0838468 0.0759293
0 0.632822 0.105933 0.0817989 0.0651671
