0 0.410177 0.572813 0.0878549 0.270029
0 0.861026 0.384289 0.0920177 0.136319
0 0.436364 0.307177 0.103644 0.136675
0 0.649495 0.203684 0.151379 0.11359
0 0.196536 0.112583 0.14884 0.12947
0 0.590832 0.0980818 0.143879 0.108665
0 0.941873 0.897723 0.113346 0.155776
0 0.0534136 0.461121 0.104814 0.219245
0 0.971961 0.564995 0.0560773 0.131057
0 0.142422 0.38002 0.0874526 0.128411
0 0.0634839 0.150808 0.099668 0.121308
0 0.725379 0.0415879 0.125538 0.077302
0 0.445478 0.927739 0.114009 0.144523
0 0.410177 0.572813 0.0878549 0.270029
0 0.861026 0.384289 0.0920177 0.136319
0 0.436364 0.307177 0.103644 0.136675
0 0.649495 0.203684 0.151379 0.11359
0 0.196536 0.112583 0.14884 0.12947
0 0.590832 0.0980818 0.143879 0.108665
0 0.941873 0.897723 0.113346 0.155776
0 0.0534136 0.461121 0.104814 0.219245
0 0.971961 0.564995 0.0560773 0.131057
0 0.142422 0.38002 0.0874526 0.128411
0 0.0634839 0.150808 0.099668 0.121308
0 0.725379 0.0415879 0.125538 0.077302
0 0.445478 0.927739 0.114009 0.144523
0 0.195463 0.120615 0.150309 0.140239
0 0.58383 0.0981792 0.126938 0.106367
0 0.446335 0.917611 0.153245 0.164778
0 0.43791 0.299961 0.090116 0.124095
0 0.72284 0.0451462 0.114002 0.0872314
0 0.0625351 0.440551 0.106513 0.143999
0 0.552239 0.45612 0.0798807 0.202054
0 0.832846 0.239601 0.082216 0.107461
0 0.648271 0.200765 0.152938 0.120764
0 0.920294 0.947967 0.145821 0.104067
0 0.416769 0.571201 0.101501 0.263807
0 0.150047 0.381592 0.0966446 0.138967
0 0.0633739 0.148562 0.10609 0.138223
0 0.0358796 0.723483 0.0708444 0.2407
0 0.34019 0.222482 0.110327 0.188709
0 0.970382 0.576664 0.0592354 0.175427
0 0.0752155 0.222268 0.0914492 0.122141
