0 0.895978 0.0699249 0.173314 0.13985
0 0.854878 0.220273 0.121695 0.113553
0 0.660313 0.063544 0.159224 0.127088
0 0.751849 0.466754 0.114635 0.323066
0 0.674862 0.292999 0.11201 0.106211
0 0.929719 0.441874 0.140563 0.163247
0 0.455008 0.490572 0.33346 0.324542
0 0.134793 0.332284 0.25066 0.255647
0 0.942373 0.92374 0.115254 0.148343
0 0.630415 0.0761351 0.195677 0.15227
0 0.58157 0.522622 0.0931899 0.109412
0 0.557027 0.719651 0.0897104 0.104051
0 0.428087 0.453791 0.337741 0.36661
0 0.895978 0.0699249 0.173314 0.13985
0 0.854878 0.220273 0.121695 0.113553
0 0.660313 0.063544 0.159224 0.127088
0 0.751849 0.466754 0.114635 0.323066
0 0.674862 0.292999 0.11201 0.106211
0 0.929719 0.441874 0.140563 0.163247
0 0.455008 0.490572 0.33346 0.324542
0 0.134793 0.332284 0.25066 0.255647
0 0.942373 0.92374 0.115254 0.148343
0 0.630415 0.0761351 0.195677 0.15227
0 0.58157 0.522622 0.0931899 0.109412
0 0.557027 0.719651 0.0897104 0.104051
0 0.428087 0.453791 0.337741 0.36661
0 0.944153 0.932936 0.106338 0.134128
0 0.133084 0.368263 0.233189 0.317039
0 0.747708 0.453673 0.111075 0.269209
0 0.893906 0.0745074 0.168147 0.140932
0 0.933757 0.433207 0.132486 0.148712
0 0.851519 0.23344 0.13654 0.0920123
0 0.559537 0.215513 0.179335 0.204618
0 0.473605 0.507795 0.384642 0.303918
0 0.676036 0.293512 0.118447 0.107378
0 0.661233 0.0497982 0.119781 0.0995964
0 0.200416 0.137349 0.0891686 0.0617672
0 0.848696 0.386251 0.0651903 0.100376
0 0.618206 0.686176 0.0624381 0.0634603
