0 0.204447 0.695002 0.195522 0.144428
0 0.216517 0.562125 0.182233 0.1692
0 0.946857 0.945102 0.106286 0.109796
0 0.202387 0.931742 0.115664 0.126332
0 0.405398 0.752689 0.0785698 0.170485
0 0.515145 0.708357 0.107648 0.0784669
0 0.0702752 0.193362 0.14055 0.106365
0 0.396979 0.521152 0.104357 0.191027
0 0.204447 0.695002 0.195522 0.144428
0 0.216517 0.562125 0.182233 0.1692
0 0.946857 0.945102 0.106286 0.109796
0 0.202387 0.931742 0.115664 0.126332
0 0.405398 0.752689 0.0785698 0.170485
0 0.515145 0.708357 0.107648 0.0784669
0 0.0702752 0.193362 0.14055 0.106365
0 0.396979 0.521152 0.104357 0.191027
0 0.215717 0.553951 0.173747 0.154533
0 0.941409 0.944142 0.117182 0.108724
0 0.407473 0.74996 0.0874414 0.171152
0 0.0881539 0.52145 0.0726568 0.186314
0 0.191455 0.699687 0.228557 0.1906
0 0.512455 0.706283 0.102283 0.0686207
0 0.0416665 0.187366 0.083333 0.0817834
0 0.403079 0.541292 0.0970972 0.139377
0 0.571866 0.569738 0.080224 0.116592
0 0.0280027 0.63562 0.0560054 0.120207
