0 0.785584 0.447073 0.235084 0.20306
0 0.454281 0.370506 0.355433 0.345485
0 0.382246 0.0793847 0.13679 0.125994
0 0.464914 0.366199 0.436488 0.415876
0 0.738789 0.826273 0.331237 0.284541
0 0.670028 0.323752 0.0979347 0.0926189
0 0.553832 0.115222 0.100681 0.0694705
0 0.767008 0.429645 0.20137 0.162658
0 0.785584 0.447073 0.235084 0.20306
0 0.454281 0.370506 0.355433 0.345485
0 0.382246 0.0793847 0.13679 0.125994
0 0.464914 0.366199 0.436488 0.415876
0 0.738789 0.826273 0.331237 0.284541
0 0.670028 0.323752 0.0979347 0.0926189
0 0.553832 0.115222 0.100681 0.0694705
0 0.767008 0.429645 0.20137 0.162658
0 0.771023 0.437988 0.184531 0.187334
0 0.449209 0.393837 0.34951 0.423842
0 0.744137 0.833969 0.344605 0.332063
0 0.382312 0.0779517 0.133897 0.121236
0 0.18879 0.280414 0.170431 0.143251
0 0.599296 0.228579 0.127042 0.149406
0 0.765673 0.801527 0.316463 0.219465
0 0.783971 0.88067 0.0693548 0.0486343
0 0.733992 0.281202 0.100549 0.0816936
0 0.815909 0.800145 0.200551 0.217602
0 0.648666 0.0876906 0.0674615 0.0488201
0 0.0281856 0.301851 0.0550712 0.138122
0 0.553029 0.108808 0.0931633 0.0664974
0 0.0267345 0.147405 0.0534691 0.118585
0 0.66316 0.326683 0.0955648 0.0890201
