0 0.428355 0.335621 0.11553 0.133225
0 0.360593 0.589014 0.144045 0.216213
0 0.913857 0.498076 0.172285 0.159508
0 0.734053 0.10334 0.140415 0.110122
0 0.544707 0.484963 0.0959207 0.165102
0 0.878428 0.906144 0.122218 0.187712
0 0.588995 0.334939 0.112761 0.0925407
0 0.572353 0.152703 0.136254 0.109937
0 0.656597 0.81386 0.0705628 0.260454
0 0.949442 0.585719 0.0934393 0.0935238
0 0.157719 0.176666 0.157495 0.163261
0 0.276899 0.927324 0.150897 0.145352
0 0.0498565 0.46198 0.0997131 0.148914
0 0.0615168 0.219475 0.123034 0.171834
0 0.651516 0.833035 0.0940903 0.254466
0 0.428355 0.335621 0.11553 0.133225
0 0.360593 0.589014 0.144045 0.216213
0 0.913857 0.498076 0.172285 0.159508
0 0.734053 0.10334 0.140415 0.110122
0 0.544707 0.484963 0.0959207 0.165102
0 0.878428 0.906144 0.122218 0.187712
0 0.588995 0.334939 0.112761 0.0925407
0 0.572353 0.152703 0.136254 0.109937
0 0.656597 0.81386 0.0705628 0.260454
0 0.949442 0.585719 0.0934393 0.0935238
0 0.157719 0.176666 0.157495 0.163261
0 0.276899 0.927324 0.150897 0.145352
0 0.0498565 0.46198 0.0997131 0.148914
0 0.0615168 0.219475 0.123034 0.171834
0 0.651516 0.833035 0.0940903 0.254466
0 0.589803 0.341502 0.11604 0.0908206
0 0.419996 0.330753 0.0957559 0.125219
0 0.14664 0.171018 0.15207 0.159984
0 0.54211 0.48913 0.0958521 0.169089
0 0.909198 0.505166 0.181605 0.174443
0 0.0532915 0.490286 0.106583 0.22212
0 0.282079 0.91985 0.163485 0.1603
0 0.362649 0.598052 0.15919 0.253041
0 0.869437 0.888088 0.115907 0.223824
0 0.58361 0.15715 0.148376 0.1087
0 0.0752477 0.220412 0.150495 0.169335
0 0.731411 0.107711 0.128851 0.112173
0 0.647501 0.841296 0.127355 0.314249
0 0.0394961 0.129603 0.0775862 0.139286
0 0.383671 0.268074 0.076826 0.0672232
0 0.943683 0.838582 0.112634 0.228284
0 0.0857998 0.0384381 0.0860692 0.0753961
0 0.820833 0.945046 0.216123 0.109907
