0 0.884512 0.70087 0.230975 0.182622
0 0.21777 0.181147 0.15667 0.128986
0 0.293994 0.831334 0.144979 0.337333
0 0.626373 0.394703 0.154636 0.114756
0 0.17304 0.327629 0.145722 0.1368
0 0.834686 0.214991 0.135176 0.0975865
0 0.884512 0.70087 0.230975 0.182622
0 0.21777 0.181147 0.15667 0.128986
0 0.293994 0.831334 0.144979 0.337333
0 0.626373 0.394703 0.154636 0.114756
0 0.17304 0.327629 0.145722 0.1368
0 0.834686 0.214991 0.135176 0.0975865
0 0.8876 0.704061 0.224801 0.197595
0 0.937069 0.216106 0.113009 0.106494
0 0.83817 0.230195 0.156548 0.12145
0 0.213067 0.172455 0.131764 0.106476
0 0.703514 0.289328 0.133073 0.160523
0 0.296631 0.841597 0.13692 0.313599
0 0.179283 0.340752 0.160856 0.184208
0 0.945573 0.436577 0.101077 0.123031
0 0.972108 0.569493 0.0557831 0.116865
0 0.789037 0.59328 0.0895412 0.115963
0 0.298015 0.216426 0.10837 0.0735933
0 0.0669905 0.293292 0.133981 0.173516
0 0.525704 0.189858 0.135103 0.107953
0 0.666751 0.492285 0.0647406 0.116332
0 0.983122 0.881739 0.0337561 0.158478
0 0.365704 0.684766 0.112077 0.105893
0 0.612064 0.321946 0.0591824 0.0670622
