0 0.945118 0.511728 0.0989048 0.187533
0 0.569293 0.824725 0.15207 0.152594
0 0.733234 0.502131 0.153963 0.21311
0 0.428614 0.492106 0.113047 0.150125
0 0.836879 0.8299 0.252249 0.340201
0 0.202404 0.289332 0.197392 0.183141
0 0.518072 0.707779 0.0902514 0.242115
0 0.0948068 0.837099 0.18531 0.325801
0 0.28571 0.156875 0.102013 0.0870199
0 0.318054 0.495914 0.060212 0.168106
0 0.680461 0.244596 0.104122 0.112407
0 0.0421912 0.266951 0.0800053 0.133378
0 0.0398483 0.651341 0.072722 0.26333
0 0.233421 0.0858882 0.0828142 0.0752792
0 0.0524605 0.0934745 0.0960273 0.105094
0 0.945118 0.511728 0.0989048 0.187533
0 0.569293 0.824725 0.15207 0.152594
0 0.733234 0.502131 0.153963 0.21311
0 0.428614 0.492106 0.113047 0.150125
0 0.836879 0.8299 0.252249 0.340201
0 0.202404 0.289332 0.197392 0.183141
0 0.518072 0.707779 0.0902514 0.242115
0 0.0948068 0.837099 0.18531 0.325801
0 0.28571 0.156875 0.102013 0.0870199
0 0.318054 0.495914 0.060212 0.168106
0 0.680461 0.244596 0.104122 0.112407
0 0.0421912 0.266951 0.0800053 0.133378
0 0.0398483 0.651341 0.072722 0.26333
0 0.233421 0.0858882 0.0828142 0.0752792
0 0.0524605 0.0934745 0.0960273 0.105094
0 0.832671 0.823033 0.258033 0.353933
0 0.199367 0.283797 0.196396 0.189586
0 0.739302 0.503702 0.150409 0.232532
0 0.420423 0.488422 0.119567 0.1554
0 0.569185 0.836335 0.169177 0.189497
0 0.945534 0.515582 0.100898 0.188055
0 0.283623 0.15924 0.0994765 0.0882495
0 0.0931042 0.843141 0.186208 0.292375
0 0.515155 0.709488 0.0956869 0.262334
0 0.323957 0.49412 0.0602458 0.167356
0 0.0472575 0.269122 0.0908891 0.143049
0 0.539287 0.265421 0.0624655 0.0566881
0 0.4438 0.172451 0.0966321 0.11552
0 0.502775 0.46101 0.0437349 0.12624
0 0.678305 0.245958 0.100214 0.111166
