0 0.421152 0.272898 0.159165 0.154992
0 0.256296 0.440196 0.198272 0.146904
0 0.630397 0.480442 0.149573 0.154153
0 0.69398 0.338946 0.227426 0.214147
0 0.829551 0.837199 0.340897 0.325601
0 0.418635 0.803862 0.159808 0.388898
0 0.0431492 0.782333 0.0862985 0.215229
0 0.338006 0.200765 0.134155 0.122509
0 0.851988 0.428162 0.137652 0.131591
0 0.309409 0.619441 0.291757 0.211859
0 0.773781 0.23616 0.166833 0.116271
0 0.570323 0.317105 0.160527 0.112745
0 0.409778 0.0758534 0.221289 0.151707
0 0.791842 0.844577 0.38333 0.310412
0 0.93508 0.520644 0.0836586 0.141212
0 0.250959 0.065427 0.146196 0.118076
0 0.835055 0.0821412 0.239161 0.164282
0 0.421152 0.272898 0.159165 0.154992
0 0.256296 0.440196 0.198272 0.146904
0 0.630397 0.480442 0.149573 0.154153
0 0.69398 0.338946 0.227426 0.214147
0 0.829551 0.837199 0.340897 0.325601
0 0.418635 0.803862 0.159808 0.388898
0 0.0431492 0.782333 0.0862985 0.215229
0 0.338006 0.200765 0.134155 0.122509
0 0.851988 0.428162 0.137652 0.131591
0 0.309409 0.619441 0.291757 0.211859
0 0.773781 0.23616 0.166833 0.116271
0 0.570323 0.317105 0.160527 0.112745
0 0.409778 0.0758534 0.221289 0.151707
0 0.791842 0.844577 0.38333 0.310412
0 0.93508 0.520644 0.0836586 0.141212
0 0.250959 0.065427 0.146196 0.118076
0 0.835055 0.0821412 0.239161 0.164282
0 0.423281 0.286275 0.145132 0.171753
0 0.846984 0.431388 0.128131 0.140276
0 0.625091 0.484939 0.177722 0.173571
0 0.25819 0.434878 0.219089 0.168368
0 0.342689 0.196447 0.154768 0.115126
0 0.802119 0.837631 0.395761 0.324739
0 0.293913 0.614682 0.286961 0.238311
0 0.703896 0.356853 0.204496 0.23329
0 0.422824 0.783533 0.165358 0.343621
0 0.0465897 0.779494 0.0931794 0.232045
0 0.554751 0.331816 0.108813 0.103551
0 0.0493694 0.798935 0.0987387 0.313093
0 0.168142 0.205444 0.20599 0.174887
0 0.774897 0.238301 0.156254 0.132441
0 0.0366773 0.104981 0.0733547 0.209962
0 0.968555 0.568814 0.0618008 0.0562789
0 0.0494125 0.497368 0.0940301 0.112346
