0 0.0530401 0.553056 0.104695 0.226264
0 0.393764 0.638725 0.158377 0.177109
0 0.165177 0.890194 0.133184 0.219612
0 0.0643656 0.699509 0.128731 0.17097
0 0.563223 0.409941 0.0655985 0.134022
0 0.22041 0.418904 0.163143 0.140679
0 0.676391 0.309585 0.0868987 0.105495
0 0.947346 0.910279 0.0745987 0.179442
0 0.320743 0.0879669 0.112553 0.109548
0 0.0530401 0.553056 0.104695 0.226264
0 0.393764 0.638725 0.158377 0.177109
0 0.165177 0.890194 0.133184 0.219612
0 0.0643656 0.699509 0.128731 0.17097
0 0.563223 0.409941 0.0655985 0.134022
0 0.22041 0.418904 0.163143 0.140679
0 0.676391 0.309585 0.0868987 0.105495
0 0.947346 0.910279 0.0745987 0.179442
0 0.320743 0.0879669 0.112553 0.109548
0 0.218326 0.431322 0.152673 0.152539
0 0.166913 0.889122 0.126653 0.221756
0 0.383116 0.639524 0.10807 0.167263
0 0.069398 0.711466 0.138796 0.171578
0 0.563137 0.410654 0.0614909 0.127777
0 0.672963 0.309794 0.0794554 0.0857938
0 0.0408507 0.796513 0.0817013 0.128342
0 0.058197 0.573531 0.108623 0.20586
