0 0.746237 0.581038 0.157841 0.140053
0 0.491404 0.269649 0.121122 0.114911
0 0.325586 0.491142 0.190974 0.137443
0 0.394572 0.858538 0.15812 0.282924
0 0.819322 0.235549 0.139229 0.108709
0 0.880972 0.492615 0.09356 0.202396
0 0.329423 0.250781 0.0540183 0.118637
0 0.0721104 0.136173 0.131263 0.129775
0 0.733754 0.0380337 0.102973 0.0737782
0 0.236279 0.211037 0.0985035 0.104122
0 0.977042 0.501258 0.0454647 0.164638
0 0.595421 0.561498 0.0867401 0.122258
0 0.864351 0.212799 0.0941231 0.085729
0 0.97774 0.634822 0.0445192 0.118487
0 0.746237 0.581038 0.157841 0.140053
0 0.491404 0.269649 0.121122 0.114911
0 0.325586 0.491142 0.190974 0.137443
0 0.394572 0.858538 0.15812 0.282924
0 0.819322 0.235549 0.139229 0.108709
0 0.880972 0.492615 0.09356 0.202396
0 0.329423 0.250781 0.0540183 0.118637
0 0.0721104 0.136173 0.131263 0.129775
0 0.733754 0.0380337 0.102973 0.0737782
0 0.236279 0.211037 0.0985035 0.104122
0 0.977042 0.501258 0.0454647 0.164638
0 0.595421 0.561498 0.0867401 0.122258
0 0.864351 0.212799 0.0941231 0.085729
0 0.97774 0.634822 0.0445192 0.118487
0 0.316906 0.49776 0.195666 0.143474
0 0.0974047 0.148758 0.194809 0.145194
0 0.821582 0.236794 0.152848 0.0999032
0 0.392933 0.860542 0.139707 0.267034
0 0.742602 0.581354 0.149716 0.125969
0 0.489498 0.270421 0.123878 0.126089
0 0.170147 0.91186 0.220322 0.176279
0 0.870139 0.475613 0.0792702 0.124859
0 0.735048 0.0377701 0.0979244 0.0656414
0 0.562846 0.10059 0.0801705 0.0613072
0 0.60744 0.13599 0.0568413 0.0546918
