0 0.824346 0.430332 0.177308 0.18659
0 0.792908 0.11658 0.138522 0.115665
0 0.284514 0.60107 0.145769 0.234637
0 0.757953 0.867279 0.213707 0.192057
0 0.665641 0.660952 0.118865 0.214022
0 0.389859 0.285721 0.098819 0.0882616
0 0.620354 0.18995 0.106813 0.105971
0 0.115714 0.42626 0.13061 0.213286
0 0.918933 0.546582 0.108904 0.121043
0 0.555437 0.388057 0.140509 0.149261
0 0.0396578 0.0495228 0.0793157 0.0811384
0 0.957517 0.47527 0.0791695 0.118511
0 0.714852 0.401101 0.0820446 0.0883989
0 0.95224 0.343552 0.0955202 0.101963
0 0.150118 0.859257 0.114624 0.281485
0 0.34347 0.432133 0.0955467 0.0991653
0 0.0454416 0.18866 0.0908831 0.170391
0 0.567654 0.402403 0.162496 0.203762
0 0.824346 0.430332 0.177308 0.18659
0 0.792908 0.11658 0.138522 0.115665
0 0.284514 0.60107 0.145769 0.234637
0 0.757953 0.867279 0.213707 0.192057
0 0.665641 0.660952 0.118865 0.214022
0 0.389859 0.285721 0.098819 0.0882616
0 0.620354 0.18995 0.106813 0.105971
0 0.115714 0.42626 0.13061 0.213286
0 0.918933 0.546582 0.108904 0.121043
0 0.555437 0.388057 0.140509 0.149261
0 0.0396578 0.0495228 0.0793157 0.0811384
0 0.957517 0.47527 0.0791695 0.118511
0 0.714852 0.401101 0.0820446 0.0883989
0 0.95224 0.343552 0.0955202 0.101963
0 0.150118 0.859257 0.114624 0.281485
0 0.34347 0.432133 0.0955467 0.0991653
0 0.0454416 0.18866 0.0908831 0.170391
0 0.567654 0.402403 0.162496 0.203762
0 0.665323 0.656281 0.129127 0.191341
0 0.829256 0.444621 0.170251 0.190102
0 0.793906 0.118893 0.132611 0.110807
0 0.547295 0.375337 0.114944 0.108133
0 0.282174 0.597898 0.128598 0.226411
0 0.142359 0.866983 0.111863 0.266033
0 0.959553 0.471854 0.075935 0.108466
0 0.83318 0.735218 0.114071 0.130523
0 0.385674 0.28292 0.0978043 0.0865832
0 0.624563 0.189998 0.119062 0.109279
0 0.720354 0.410205 0.0806477 0.0766435
0 0.275707 0.318591 0.0418674 0.119634
0 0.0371304 0.0493765 0.071402 0.0757341
0 0.773925 0.873287 0.260221 0.253426
0 0.601578 0.469481 0.0464481 0.183004
0 0.455494 0.102984 0.107304 0.116382
0 0.116952 0.422809 0.147576 0.217044
