0 0.818578 0.419885 0.171182 0.184935
0 0.282601 0.603833 0.128209 0.226658
0 0.760664 0.872086 0.230934 0.255829
0 0.547341 0.369617 0.117139 0.108229
0 0.924276 0.529533 0.111889 0.160147
0 0.798176 0.113074 0.131236 0.11853
0 0.391579 0.285442 0.100741 0.0896268
0 0.608934 0.459645 0.0563043 0.164244
0 0.12579 0.409989 0.132733 0.189966
0 0.627463 0.188615 0.102428 0.108083
0 0.665426 0.663661 0.128495 0.193186
0 0.135854 0.849294 0.120935 0.269267
0 0.0396942 0.0453223 0.0793884 0.0820343
0 0.713052 0.393 0.0842682 0.0960987
0 0.280257 0.30941 0.0552321 0.124849
0 0.957282 0.461132 0.0786247 0.142821
0 0.95195 0.897767 0.0852608 0.204467
0 0.467548 0.307574 0.0411722 0.108076
0 0.816091 0.723785 0.090515 0.152458
0 0.644233 0.272543 0.0788229 0.109344
0 0.0478946 0.179697 0.0957892 0.157254
0 0.818578 0.419885 0.171182 0.184935
0 0.282601 0.603833 0.128209 0.226658
0 0.760664 0.872086 0.230934 0.255829
0 0.547341 0.369617 0.117139 0.108229
0 0.924276 0.529533 0.111889 0.160147
0 0.798176 0.113074 0.131236 0.11853
0 0.391579 0.285442 0.100741 0.0896268
0 0.608934 0.459645 0.0563043 0.164244
0 0.12579 0.409989 0.132733 0.189966
0 0.627463 0.188615 0.102428 0.108083
0 0.665426 0.663661 0.128495 0.193186
0 0.135854 0.849294 0.120935 0.269267
0 0.0396942 0.0453223 0.0793884 0.0820343
0 0.713052 0.393 0.0842682 0.0960987
0 0.280257 0.30941 0.0552321 0.124849
0 0.957282 0.461132 0.0786247 0.142821
0 0.95195 0.897767 0.0852608 0.204467
0 0.467548 0.307574 0.0411722 0.108076
0 0.816091 0.723785 0.090515 0.152458
0 0.644233 0.272543 0.0788229 0.109344
0 0.0478946 0.179697 0.0957892 0.157254
0 0.822421 0.430915 0.159531 0.180132
0 0.547355 0.370757 0.118382 0.11066
0 0.761643 0.867106 0.245882 0.265789
0 0.133666 0.866407 0.133457 0.267185
0 0.28088 0.594941 0.117868 0.224281
0 0.396959 0.280124 0.0928951 0.0774163
0 0.799025 0.119326 0.118636 0.111999
0 0.836569 0.725185 0.123655 0.167019
0 0.721279 0.403849 0.0839807 0.0789722
0 0.96281 0.460992 0.072635 0.111534
0 0.951548 0.344592 0.0785599 0.0741369
0 0.93993 0.872384 0.12014 0.193101
0 0.672502 0.651982 0.12783 0.168052
0 0.632683 0.189185 0.121019 0.11899
0 0.277012 0.316331 0.0435497 0.125322
0 0.0376527 0.17359 0.0753054 0.145425
0 0.0392544 0.0479399 0.0757924 0.0680376
0 0.900218 0.527982 0.157226 0.157645
