0 0.414456 0.80932 0.201064 0.320812
0 0.401753 0.259644 0.14655 0.147195
0 0.623802 0.143662 0.148036 0.114076
0 0.0844101 0.188169 0.117718 0.103723
0 0.81178 0.38776 0.140425 0.132706
0 0.799914 0.156859 0.112489 0.090205
0 0.39282 0.153901 0.107374 0.0965203
0 0.503299 0.0675912 0.104143 0.0753932
0 0.566595 0.563182 0.179942 0.145712
0 0.307318 0.132175 0.0492706 0.111371
0 0.311473 0.0428096 0.083524 0.0559774
0 0.414456 0.80932 0.201064 0.320812
0 0.401753 0.259644 0.14655 0.147195
0 0.623802 0.143662 0.148036 0.114076
0 0.0844101 0.188169 0.117718 0.103723
0 0.81178 0.38776 0.140425 0.132706
0 0.799914 0.156859 0.112489 0.090205
0 0.39282 0.153901 0.107374 0.0965203
0 0.503299 0.0675912 0.104143 0.0753932
0 0.566595 0.563182 0.179942 0.145712
0 0.307318 0.132175 0.0492706 0.111371
0 0.311473 0.0428096 0.083524 0.0559774
0 0.403783 0.262334 0.140815 0.141326
0 0.561814 0.558511 0.165934 0.138438
0 0.492691 0.0692575 0.126378 0.0800222
0 0.612143 0.160769 0.191345 0.176052
0 0.411891 0.809446 0.185784 0.276781
0 0.808336 0.390063 0.145205 0.13505
0 0.0422517 0.0853975 0.0799945 0.074429
0 0.0973029 0.0651791 0.105369 0.0575135
0 0.801467 0.160488 0.102772 0.0834377
0 0.0815068 0.196683 0.0958427 0.100069
0 0.0887887 0.0582106 0.132428 0.06291
0 0.124701 0.763258 0.0701907 0.0791467
0 0.32818 0.607975 0.043793 0.0513119
