0 0.894389 0.695747 0.211222 0.258372
0 0.82942 0.474795 0.12744 0.137268
0 0.702442 0.387348 0.224999 0.184938
0 0.266714 0.330419 0.312382 0.237611
0 0.753229 0.620658 0.154457 0.13687
0 0.617611 0.606996 0.0752569 0.1864
0 0.635213 0.1606 0.171089 0.168162
0 0.672293 0.390976 0.164061 0.159123
0 0.0889249 0.445439 0.152468 0.200321
0 0.0768093 0.210074 0.146458 0.115355
0 0.0697957 0.932428 0.132562 0.135144
0 0.383892 0.190607 0.110417 0.104887
0 0.894389 0.695747 0.211222 0.258372
0 0.82942 0.474795 0.12744 0.137268
0 0.702442 0.387348 0.224999 0.184938
0 0.266714 0.330419 0.312382 0.237611
0 0.753229 0.620658 0.154457 0.13687
0 0.617611 0.606996 0.0752569 0.1864
0 0.635213 0.1606 0.171089 0.168162
0 0.672293 0.390976 0.164061 0.159123
0 0.0889249 0.445439 0.152468 0.200321
0 0.0768093 0.210074 0.146458 0.115355
0 0.0697957 0.932428 0.132562 0.135144
0 0.383892 0.190607 0.110417 0.104887
0 0.893733 0.687316 0.211934 0.247466
0 0.835419 0.475116 0.147502 0.1376
0 0.676627 0.394073 0.135912 0.169032
0 0.26478 0.308948 0.26841 0.209162
0 0.731232 0.344576 0.115626 0.116696
0 0.0934459 0.932977 0.0878803 0.119236
0 0.739163 0.620063 0.155588 0.131938
0 0.0978389 0.442674 0.138307 0.178536
0 0.0915957 0.427347 0.156199 0.231118
0 0.621037 0.601825 0.0718172 0.164245
0 0.641883 0.169898 0.191904 0.174069
0 0.89164 0.853893 0.147052 0.131195
0 0.515372 0.451208 0.0868014 0.174345
0 0.0784112 0.21793 0.156822 0.116695
0 0.804417 0.769659 0.0493899 0.119396
0 0.876477 0.259039 0.099176 0.120301
