0 0.801121 0.504856 0.214127 0.218344
0 0.384748 0.445245 0.374278 0.481239
0 0.683976 0.365243 0.140322 0.103674
0 0.542645 0.642109 0.17767 0.382471
0 0.535502 0.394568 0.129454 0.1176
0 0.364963 0.436233 0.306723 0.40059
0 0.640632 0.244342 0.13223 0.192553
0 0.357064 0.0457889 0.124813 0.0915779
0 0.410864 0.500865 0.533179 0.474576
0 0.165998 0.186203 0.114951 0.0963649
0 0.555316 0.217033 0.0941398 0.0801612
0 0.801121 0.504856 0.214127 0.218344
0 0.384748 0.445245 0.374278 0.481239
0 0.683976 0.365243 0.140322 0.103674
0 0.542645 0.642109 0.17767 0.382471
0 0.535502 0.394568 0.129454 0.1176
0 0.364963 0.436233 0.306723 0.40059
0 0.640632 0.244342 0.13223 0.192553
0 0.357064 0.0457889 0.124813 0.0915779
0 0.410864 0.500865 0.533179 0.474576
0 0.165998 0.186203 0.114951 0.0963649
0 0.555316 0.217033 0.0941398 0.0801612
0 0.809278 0.514429 0.207492 0.219474
0 0.678598 0.3685 0.134951 0.10449
0 0.55286 0.233851 0.123009 0.107205
0 0.390304 0.471981 0.314556 0.457399
0 0.521882 0.393817 0.154453 0.132178
0 0.548152 0.655188 0.17618 0.381578
0 0.640313 0.228195 0.121899 0.193627
0 0.370099 0.2014 0.150104 0.223649
