0 0.798881 0.564154 0.18245 0.253879
0 0.19396 0.332548 0.166934 0.173229
0 0.534083 0.735995 0.0693634 0.214477
0 0.362874 0.555676 0.0531264 0.189211
0 0.321777 0.372577 0.0788391 0.16179
0 0.600956 0.811206 0.122121 0.143271
0 0.14474 0.76176 0.120543 0.316949
0 0.323925 0.157078 0.107426 0.0924746
0 0.724592 0.265151 0.112352 0.121378
0 0.534903 0.501964 0.0601905 0.129752
0 0.396761 0.3312 0.0479086 0.130299
0 0.247276 0.0799157 0.101458 0.0914873
0 0.963161 0.567737 0.0736775 0.145528
0 0.470594 0.496424 0.115403 0.146331
0 0.0799858 0.101447 0.131734 0.111442
0 0.874185 0.880088 0.21638 0.239823
0 0.497791 0.192325 0.0794796 0.138122
0 0.496824 0.37225 0.0480423 0.0953219
0 0.0258354 0.522964 0.0475042 0.097188
0 0.180158 0.0538 0.0719115 0.0551804
0 0.798881 0.564154 0.18245 0.253879
0 0.19396 0.332548 0.166934 0.173229
0 0.534083 0.735995 0.0693634 0.214477
0 0.362874 0.555676 0.0531264 0.189211
0 0.321777 0.372577 0.0788391 0.16179
0 0.600956 0.811206 0.122121 0.143271
0 0.14474 0.76176 0.120543 0.316949
0 0.323925 0.157078 0.107426 0.0924746
0 0.724592 0.265151 0.112352 0.121378
0 0.534903 0.501964 0.0601905 0.129752
0 0.396761 0.3312 0.0479086 0.130299
0 0.247276 0.0799157 0.101458 0.0914873
0 0.963161 0.567737 0.0736775 0.145528
0 0.470594 0.496424 0.115403 0.146331
0 0.0799858 0.101447 0.131734 0.111442
0 0.874185 0.880088 0.21638 0.239823
0 0.497791 0.192325 0.0794796 0.138122
0 0.496824 0.37225 0.0480423 0.0953219
0 0.0258354 0.522964 0.0475042 0.097188
0 0.180158 0.0538 0.0719115 0.0551804
0 0.200438 0.337722 0.169724 0.18631
0 0.469698 0.504631 0.108436 0.147152
0 0.790335 0.566384 0.184293 0.263589
0 0.600448 0.818556 0.138404 0.137063
0 0.731242 0.268358 0.0994085 0.116251
0 0.538637 0.500017 0.0628753 0.116486
0 0.493851 0.196684 0.0817156 0.122538
0 0.859569 0.884653 0.181877 0.230693
0 0.964376 0.568097 0.0708008 0.171599
0 0.529124 0.759288 0.0822115 0.248896
0 0.323101 0.15621 0.104473 0.0825779
0 0.143933 0.762427 0.119736 0.318728
0 0.320798 0.374638 0.0770742 0.161774
0 0.241386 0.0798678 0.0960924 0.0808472
0 0.569908 0.279716 0.0529028 0.0648022
0 0.556883 0.591033 0.0743687 0.108321
0 0.364282 0.557207 0.044646 0.182499
0 0.400282 0.330085 0.0501118 0.13971
0 0.0276748 0.934472 0.0553496 0.131056
0 0.476619 0.573677 0.0711988 0.0439612
0 0.929824 0.389333 0.0654106 0.0754224
