0 0.405047 0.508591 0.172884 0.29572
0 0.528442 0.78236 0.150743 0.199277
0 0.323789 0.843894 0.236411 0.309638
0 0.57816 0.581588 0.0921059 0.202511
0 0.0820337 0.312777 0.127983 0.168198
0 0.698142 0.699821 0.120972 0.138508
0 0.194238 0.459862 0.0711915 0.178648
0 0.735547 0.576023 0.131166 0.173147
0 0.957211 0.653534 0.0855787 0.1538
0 0.128952 0.573446 0.112276 0.141697
0 0.829094 0.250855 0.0937579 0.0950559
0 0.604652 0.888865 0.0994667 0.202033
0 0.720973 0.647082 0.0865417 0.144854
0 0.0438571 0.158243 0.0784029 0.129556
0 0.36677 0.324442 0.118864 0.189389
0 0.511071 0.593266 0.0729937 0.16783
0 0.405047 0.508591 0.172884 0.29572
0 0.528442 0.78236 0.150743 0.199277
0 0.323789 0.843894 0.236411 0.309638
0 0.57816 0.581588 0.0921059 0.202511
0 0.0820337 0.312777 0.127983 0.168198
0 0.698142 0.699821 0.120972 0.138508
0 0.194238 0.459862 0.0711915 0.178648
0 0.735547 0.576023 0.131166 0.173147
0 0.957211 0.653534 0.0855787 0.1538
0 0.128952 0.573446 0.112276 0.141697
0 0.829094 0.250855 0.0937579 0.0950559
0 0.604652 0.888865 0.0994667 0.202033
0 0.720973 0.647082 0.0865417 0.144854
0 0.0438571 0.158243 0.0784029 0.129556
0 0.36677 0.324442 0.118864 0.189389
0 0.511071 0.593266 0.0729937 0.16783
0 0.406739 0.510626 0.156007 0.30647
0 0.584267 0.578145 0.0932224 0.180598
0 0.0776235 0.30568 0.13529 0.172066
0 0.313581 0.843925 0.239662 0.304793
0 0.537569 0.797348 0.187058 0.236307
0 0.516972 0.609068 0.101374 0.212925
0 0.9577 0.655375 0.0845999 0.150018
0 0.694315 0.706155 0.117107 0.132152
0 0.180025 0.45459 0.0830457 0.174834
0 0.918542 0.439123 0.0749065 0.0873247
0 0.373762 0.339435 0.10351 0.163315
0 0.731146 0.603434 0.113691 0.182327
0 0.924647 0.824549 0.15 0.282792
0 0.62373 0.387272 0.0856651 0.0932922
0 0.120246 0.570763 0.0884775 0.162915
0 0.731987 0.579969 0.125433 0.135575
0 0.629703 0.971217 0.205947 0.0575668
0 0.717741 0.623879 0.078509 0.18849
0 0.0446438 0.1642 0.0750949 0.084366
