0 0.462638 0.338578 0.142377 0.199423
0 0.583792 0.848154 0.242564 0.303692
0 0.257375 0.773391 0.148295 0.334392
0 0.824302 0.614525 0.135291 0.186231
0 0.0917995 0.281114 0.127946 0.120925
0 0.2683 0.97878 0.173871 0.0424396
0 0.177541 0.153772 0.1146 0.117651
0 0.621366 0.180614 0.0760811 0.11968
0 0.0861435 0.105889 0.0775866 0.0844295
0 0.0790524 0.722908 0.151236 0.313468
0 0.790885 0.270201 0.102916 0.0949956
0 0.0645504 0.755206 0.111306 0.351116
0 0.462638 0.338578 0.142377 0.199423
0 0.583792 0.848154 0.242564 0.303692
0 0.257375 0.773391 0.148295 0.334392
0 0.824302 0.614525 0.135291 0.186231
0 0.0917995 0.281114 0.127946 0.120925
0 0.2683 0.97878 0.173871 0.0424396
0 0.177541 0.153772 0.1146 0.117651
0 0.621366 0.180614 0.0760811 0.11968
0 0.0861435 0.105889 0.0775866 0.0844295
0 0.0790524 0.722908 0.151236 0.313468
0 0.790885 0.270201 0.102916 0.0949956
0 0.0645504 0.755206 0.111306 0.351116
0 0.17284 0.15762 0.112739 0.110385
0 0.58461 0.847772 0.241258 0.302503
0 0.460197 0.33625 0.138405 0.179649
0 0.818496 0.60593 0.142362 0.191008
0 0.0848401 0.277773 0.139675 0.128199
0 0.251398 0.773882 0.15172 0.315696
0 0.272435 0.0625634 0.108895 0.0843722
0 0.0615624 0.765971 0.0746274 0.250152
0 0.0873089 0.100704 0.0822051 0.0925567
0 0.677117 0.10231 0.109244 0.0647105
0 0.197991 0.586837 0.0418582 0.0639269
