0 0.209398 0.363781 0.202343 0.234368
0 0.24106 0.0633232 0.112135 0.0955096
0 0.812626 0.449743 0.0812646 0.120135
0 0.871639 0.312226 0.0470051 0.105714
0 0.97308 0.597958 0.0538395 0.16158
0 0.0228508 0.234095 0.0435298 0.105713
0 0.117581 0.288904 0.0874125 0.263965
0 0.764259 0.233099 0.0778973 0.176148
0 0.0602278 0.940064 0.087393 0.112508
0 0.209398 0.363781 0.202343 0.234368
0 0.24106 0.0633232 0.112135 0.0955096
0 0.812626 0.449743 0.0812646 0.120135
0 0.871639 0.312226 0.0470051 0.105714
0 0.97308 0.597958 0.0538395 0.16158
0 0.0228508 0.234095 0.0435298 0.105713
0 0.117581 0.288904 0.0874125 0.263965
0 0.764259 0.233099 0.0778973 0.176148
0 0.0602278 0.940064 0.087393 0.112508
0 0.208382 0.353199 0.195525 0.227344
0 0.973579 0.610013 0.0528429 0.171394
0 0.809679 0.445833 0.0837488 0.109678
0 0.0299815 0.23409 0.0593122 0.125308
0 0.249065 0.0686406 0.102617 0.095223
0 0.875169 0.303991 0.045931 0.114121
0 0.0435073 0.0249313 0.0809726 0.0487584
0 0.766265 0.231093 0.0636945 0.165524
