0 0.345897 0.131478 0.188827 0.191707
0 0.0910168 0.442567 0.172648 0.24567
0 0.773102 0.607673 0.083591 0.192785
0 0.440323 0.379639 0.0633949 0.111319
0 0.946124 0.89724 0.105068 0.202653
0 0.702682 0.174692 0.11891 0.0962145
0 0.166117 0.170912 0.0607528 0.123315
0 0.49308 0.20465 0.0929615 0.0896113
0 0.906838 0.32735 0.10702 0.0862788
0 0.345897 0.131478 0.188827 0.191707
0 0.0910168 0.442567 0.172648 0.24567
0 0.773102 0.607673 0.083591 0.192785
0 0.440323 0.379639 0.0633949 0.111319
0 0.946124 0.89724 0.105068 0.202653
0 0.702682 0.174692 0.11891 0.0962145
0 0.166117 0.170912 0.0607528 0.123315
0 0.49308 0.20465 0.0929615 0.0896113
0 0.906838 0.32735 0.10702 0.0862788
0 0.909308 0.331143 0.107421 0.0732672
0 0.349081 0.134635 0.200904 0.201167
0 0.945609 0.899793 0.103674 0.18212
0 0.439955 0.362221 0.0475809 0.13119
0 0.776127 0.601164 0.0784622 0.201988
0 0.17686 0.295309 0.072273 0.0502339
0 0.0942238 0.420882 0.188448 0.29537
0 0.869495 0.0383702 0.0774354 0.0599626
