0 0.161617 0.142599 0.190554 0.233167
0 0.846271 0.747834 0.307458 0.450431
0 0.921179 0.204958 0.118456 0.119758
0 0.875465 0.793195 0.249071 0.413611
0 0.321086 0.139973 0.165431 0.277403
0 0.976864 0.398707 0.042148 0.149773
0 0.793668 0.324432 0.106759 0.113795
0 0.0677035 0.451799 0.125497 0.164591
0 0.891796 0.815012 0.196197 0.369976
0 0.460798 0.750592 0.12 0.171262
0 0.161617 0.142599 0.190554 0.233167
0 0.846271 0.747834 0.307458 0.450431
0 0.921179 0.204958 0.118456 0.119758
0 0.875465 0.793195 0.249071 0.413611
0 0.321086 0.139973 0.165431 0.277403
0 0.976864 0.398707 0.042148 0.149773
0 0.793668 0.324432 0.106759 0.113795
0 0.0677035 0.451799 0.125497 0.164591
0 0.891796 0.815012 0.196197 0.369976
0 0.460798 0.750592 0.12 0.171262
0 0.160098 0.148467 0.190389 0.236504
0 0.689495 0.192185 0.100683 0.0636104
0 0.917659 0.195624 0.107803 0.125879
0 0.422365 0.413445 0.194743 0.21853
0 0.787553 0.323153 0.0954351 0.137755
0 0.336645 0.162614 0.130789 0.289754
0 0.832345 0.736995 0.335309 0.451706
0 0.451723 0.0905643 0.0887667 0.0655691
0 0.85374 0.797285 0.29252 0.405429
0 0.0541477 0.576615 0.0460154 0.0514069
0 0.620589 0.0457086 0.164174 0.0914172
