0 0.630201 0.383381 0.203226 0.148944
0 0.27173 0.318452 0.108588 0.227277
0 0.835811 0.443417 0.0650066 0.0897451
0 0.478485 0.862971 0.0880152 0.100357
0 0.900194 0.202523 0.0922409 0.0746148
0 0.646929 0.893864 0.0560457 0.175984
0 0.965725 0.554858 0.0650963 0.191998
0 0.630201 0.383381 0.203226 0.148944
0 0.27173 0.318452 0.108588 0.227277
0 0.835811 0.443417 0.0650066 0.0897451
0 0.478485 0.862971 0.0880152 0.100357
0 0.900194 0.202523 0.0922409 0.0746148
0 0.646929 0.893864 0.0560457 0.175984
0 0.965725 0.554858 0.0650963 0.191998
0 0.636479 0.394456 0.198624 0.165897
0 0.272366 0.294582 0.093293 0.217471
0 0.904808 0.204537 0.0880421 0.0683569
0 0.0672493 0.684231 0.0498491 0.0540115
0 0.369464 0.572653 0.339995 0.304815
0 0.284174 0.463482 0.105639 0.113191
