0 0.205648 0.404392 0.205915 0.213067
0 0.245699 0.0654393 0.124982 0.0978558
0 0.780927 0.27639 0.0639833 0.184952
0 0.866849 0.310457 0.0509312 0.132461
0 0.816914 0.447382 0.0845512 0.122136
0 0.976126 0.608057 0.0477474 0.170506
0 0.141954 0.278634 0.0789495 0.258474
0 0.205648 0.404392 0.205915 0.213067
0 0.245699 0.0654393 0.124982 0.0978558
0 0.780927 0.27639 0.0639833 0.184952
0 0.866849 0.310457 0.0509312 0.132461
0 0.816914 0.447382 0.0845512 0.122136
0 0.976126 0.608057 0.0477474 0.170506
0 0.141954 0.278634 0.0789495 0.258474
0 0.205354 0.39481 0.196643 0.219046
0 0.816003 0.443388 0.0861638 0.104016
0 0.267824 0.0689182 0.0822521 0.0826112
0 0.869069 0.309348 0.0485121 0.123368
