0 0.525948 0.592813 0.122568 0.238016
0 0.213882 0.781505 0.182216 0.350154
0 0.467267 0.755885 0.159741 0.270581
0 0.283653 0.497992 0.107783 0.138806
0 0.784592 0.854446 0.159615 0.163662
0 0.754017 0.530862 0.0560669 0.128888
0 0.117396 0.345912 0.133614 0.124868
0 0.646628 0.651225 0.132357 0.199642
0 0.200558 0.612767 0.0802732 0.104214
0 0.272757 0.251319 0.12034 0.154625
0 0.428777 0.412547 0.0995926 0.116174
0 0.0529309 0.220765 0.105862 0.137351
0 0.937981 0.74122 0.124037 0.257085
0 0.723203 0.921126 0.11177 0.157748
0 0.84679 0.494978 0.139003 0.175224
0 0.528808 0.325918 0.0445358 0.112699
0 0.437928 0.319514 0.120634 0.194994
0 0.466609 0.336171 0.0558749 0.167749
0 0.525948 0.592813 0.122568 0.238016
0 0.213882 0.781505 0.182216 0.350154
0 0.467267 0.755885 0.159741 0.270581
0 0.283653 0.497992 0.107783 0.138806
0 0.784592 0.854446 0.159615 0.163662
0 0.754017 0.530862 0.0560669 0.128888
0 0.117396 0.345912 0.133614 0.124868
0 0.646628 0.651225 0.132357 0.199642
0 0.200558 0.612767 0.0802732 0.104214
0 0.272757 0.251319 0.12034 0.154625
0 0.428777 0.412547 0.0995926 0.116174
0 0.0529309 0.220765 0.105862 0.137351
0 0.937981 0.74122 0.124037 0.257085
0 0.723203 0.921126 0.11177 0.157748
0 0.84679 0.494978 0.139003 0.175224
0 0.528808 0.325918 0.0445358 0.112699
0 0.437928 0.319514 0.120634 0.194994
0 0.466609 0.336171 0.0558749 0.167749
0 0.524144 0.598647 0.126257 0.233822
0 0.775822 0.845195 0.15995 0.160183
0 0.465463 0.75062 0.165026 0.256304
0 0.121796 0.359847 0.151765 0.155715
0 0.642487 0.638313 0.122909 0.208887
0 0.285126 0.495157 0.0977305 0.121333
0 0.0575809 0.228055 0.115162 0.136066
0 0.204315 0.792131 0.202007 0.336504
0 0.266866 0.246137 0.116575 0.129896
0 0.845854 0.493847 0.13343 0.148897
0 0.433857 0.322428 0.116156 0.210557
0 0.933854 0.747985 0.132292 0.282928
0 0.753073 0.526529 0.0577852 0.120866
0 0.924364 0.591381 0.0697491 0.0635986
0 0.427751 0.410695 0.0768585 0.108595
0 0.0454885 0.0972188 0.090977 0.082213
0 0.529809 0.326598 0.0510804 0.111345
