0 0.463268 0.338174 0.204342 0.23586
0 0.359829 0.567254 0.13646 0.130951
0 0.651493 0.34741 0.139962 0.126197
0 0.832979 0.477024 0.15083 0.118428
0 0.205715 0.597795 0.267585 0.218421
0 0.407785 0.189723 0.13038 0.148252
0 0.684126 0.0946963 0.108048 0.0991368
0 0.30596 0.0870582 0.0910153 0.0636733
0 0.337073 0.292944 0.061008 0.085198
0 0.312737 0.383922 0.0466251 0.0864157
0 0.155599 0.0316909 0.0964666 0.0633819
0 0.205264 0.199885 0.0716074 0.0704786
0 0.145245 0.240362 0.060944 0.0747409
0 0.552797 0.147731 0.0952784 0.0719052
0 0.463268 0.338174 0.204342 0.23586
0 0.359829 0.567254 0.13646 0.130951
0 0.651493 0.34741 0.139962 0.126197
0 0.832979 0.477024 0.15083 0.118428
0 0.205715 0.597795 0.267585 0.218421
0 0.407785 0.189723 0.13038 0.148252
0 0.684126 0.0946963 0.108048 0.0991368
0 0.30596 0.0870582 0.0910153 0.0636733
0 0.337073 0.292944 0.061008 0.085198
0 0.312737 0.383922 0.0466251 0.0864157
0 0.155599 0.0316909 0.0964666 0.0633819
0 0.205264 0.199885 0.0716074 0.0704786
0 0.145245 0.240362 0.060944 0.0747409
0 0.552797 0.147731 0.0952784 0.0719052
0 0.401522 0.196393 0.134191 0.142064
0 0.64652 0.356657 0.136195 0.122895
0 0.359016 0.575081 0.147566 0.118879
0 0.47344 0.345369 0.208759 0.246221
0 0.229121 0.605244 0.278496 0.219968
0 0.691655 0.101305 0.0936993 0.0690269
0 0.828851 0.475394 0.130558 0.116498
0 0.200765 0.196247 0.0838827 0.0692842
0 0.145394 0.23463 0.0695641 0.0733635
0 0.3061 0.0900474 0.09445 0.0559356
0 0.156496 0.0348138 0.0943128 0.06389
0 0.0873885 0.206689 0.0529769 0.0530245
