0 0.336438 0.111718 0.19776 0.195809
0 0.693987 0.150598 0.11349 0.0987391
0 0.745649 0.596586 0.0960804 0.183515
0 0.954103 0.892249 0.0917933 0.198259
0 0.458743 0.180486 0.112992 0.100007
0 0.42383 0.358053 0.0479552 0.113969
0 0.890808 0.310466 0.104993 0.0847744
0 0.157315 0.160468 0.0524767 0.105423
0 0.336438 0.111718 0.19776 0.195809
0 0.693987 0.150598 0.11349 0.0987391
0 0.745649 0.596586 0.0960804 0.183515
0 0.954103 0.892249 0.0917933 0.198259
0 0.458743 0.180486 0.112992 0.100007
0 0.42383 0.358053 0.0479552 0.113969
0 0.890808 0.310466 0.104993 0.0847744
0 0.157315 0.160468 0.0524767 0.105423
0 0.893866 0.318136 0.10369 0.0711934
0 0.337714 0.120757 0.198507 0.193785
0 0.122108 0.417806 0.222022 0.302533
0 0.954499 0.898009 0.0845173 0.18746
0 0.45376 0.183497 0.126367 0.0896844
0 0.42477 0.341134 0.0397188 0.11951
