0 0.780434 0.420821 0.119808 0.146619
0 0.461702 0.237498 0.186432 0.211931
0 0.119868 0.147743 0.213293 0.156562
0 0.305811 0.804031 0.290506 0.390321
0 0.837944 0.724878 0.101279 0.236701
0 0.86856 0.503921 0.151953 0.206301
0 0.628003 0.481341 0.0842869 0.158719
0 0.63905 0.77951 0.243115 0.370649
0 0.0760333 0.384097 0.152067 0.172622
0 0.643414 0.817821 0.225602 0.364358
0 0.104859 0.129217 0.183628 0.130723
0 0.956249 0.466436 0.0866493 0.096884
0 0.865039 0.16069 0.142627 0.121229
0 0.264978 0.337629 0.0898368 0.161269
0 0.933835 0.377158 0.0977562 0.0853177
0 0.65778 0.33548 0.0842068 0.128395
0 0.486426 0.334417 0.0407103 0.108754
0 0.925784 0.80526 0.146899 0.38948
0 0.538252 0.415291 0.0912859 0.132104
0 0.298565 0.795111 0.25101 0.30426
0 0.684918 0.222511 0.0814907 0.0983955
0 0.126846 0.160264 0.237227 0.212872
0 0.780434 0.420821 0.119808 0.146619
0 0.461702 0.237498 0.186432 0.211931
0 0.119868 0.147743 0.213293 0.156562
0 0.305811 0.804031 0.290506 0.390321
0 0.837944 0.724878 0.101279 0.236701
0 0.86856 0.503921 0.151953 0.206301
0 0.628003 0.481341 0.0842869 0.158719
0 0.63905 0.77951 0.243115 0.370649
0 0.0760333 0.384097 0.152067 0.172622
0 0.643414 0.817821 0.225602 0.364358
0 0.104859 0.129217 0.183628 0.130723
0 0.956249 0.466436 0.0866493 0.096884
0 0.865039 0.16069 0.142627 0.121229
0 0.264978 0.337629 0.0898368 0.161269
0 0.933835 0.377158 0.0977562 0.0853177
0 0.65778 0.33548 0.0842068 0.128395
0 0.486426 0.334417 0.0407103 0.108754
0 0.925784 0.80526 0.146899 0.38948
0 0.538252 0.415291 0.0912859 0.132104
0 0.298565 0.795111 0.25101 0.30426
0 0.684918 0.222511 0.0814907 0.0983955
0 0.126846 0.160264 0.237227 0.212872
0 0.307207 0.80332 0.285812 0.378731
0 0.78221 0.42145 0.115882 0.142944
0 0.116799 0.143737 0.192742 0.154826
0 0.866419 0.51049 0.176005 0.212755
0 0.937728 0.382987 0.0936468 0.0728503
0 0.839717 0.728097 0.10926 0.259961
0 0.455391 0.245273 0.172396 0.249062
0 0.927898 0.808051 0.144205 0.383898
0 0.876562 0.16563 0.159653 0.125242
0 0.635047 0.489576 0.0735865 0.167563
0 0.0906561 0.397336 0.181312 0.204594
0 0.959398 0.468393 0.0812032 0.0849574
0 0.261287 0.336028 0.078888 0.145944
0 0.63619 0.787313 0.241118 0.425373
0 0.0483029 0.825007 0.0913316 0.312841
0 0.661544 0.347219 0.079267 0.073468
0 0.703158 0.377503 0.0424137 0.0517604
0 0.0425402 0.0350599 0.0748376 0.0530531
