0 0.340847 0.139886 0.190721 0.223756
0 0.922493 0.880336 0.155013 0.239329
0 0.448891 0.388345 0.0677321 0.115678
0 0.809343 0.594221 0.0700565 0.207516
0 0.186599 0.14351 0.0748147 0.135674
0 0.0558627 0.486058 0.110015 0.315355
0 0.523531 0.161993 0.0894607 0.0940153
0 0.713637 0.178741 0.115463 0.0967515
0 0.0564807 0.175404 0.102661 0.235008
0 0.340847 0.139886 0.190721 0.223756
0 0.922493 0.880336 0.155013 0.239329
0 0.448891 0.388345 0.0677321 0.115678
0 0.809343 0.594221 0.0700565 0.207516
0 0.186599 0.14351 0.0748147 0.135674
0 0.0558627 0.486058 0.110015 0.315355
0 0.523531 0.161993 0.0894607 0.0940153
0 0.713637 0.178741 0.115463 0.0967515
0 0.0564807 0.175404 0.102661 0.235008
0 0.926591 0.887226 0.146818 0.223271
0 0.920075 0.344195 0.104749 0.072883
0 0.338686 0.134699 0.186014 0.213913
0 0.450424 0.377315 0.0573147 0.127867
0 0.869369 0.0452615 0.0802792 0.0557189
0 0.193521 0.310324 0.0545526 0.0460871
0 0.814286 0.591475 0.0838011 0.215426
0 0.696309 0.195394 0.156959 0.125876
0 0.0512193 0.42188 0.0960399 0.357797
