0 0.517751 0.105096 0.15349 0.121834
0 0.346535 0.235176 0.138134 0.157956
0 0.404608 0.804973 0.150748 0.208278
0 0.772434 0.135574 0.103033 0.0966084
0 0.726942 0.331671 0.155653 0.157811
0 0.470718 0.579232 0.180763 0.144663
0 0.517751 0.105096 0.15349 0.121834
0 0.346535 0.235176 0.138134 0.157956
0 0.404608 0.804973 0.150748 0.208278
0 0.772434 0.135574 0.103033 0.0966084
0 0.726942 0.331671 0.155653 0.157811
0 0.470718 0.579232 0.180763 0.144663
0 0.33946 0.234313 0.129903 0.15697
0 0.521225 0.104201 0.14453 0.116082
0 0.727602 0.33166 0.147023 0.148949
0 0.406572 0.787749 0.146716 0.254249
0 0.0833818 0.84613 0.0526942 0.0574719
0 0.0393516 0.793202 0.0728018 0.0852987
0 0.770636 0.141773 0.0945213 0.100381
0 0.458749 0.621342 0.191003 0.235058
0 0.118238 0.156641 0.104276 0.137625
