0 0.60125 0.347216 0.252044 0.286402
0 0.413694 0.279337 0.125641 0.161875
0 0.852686 0.55125 0.294628 0.319675
0 0.60125 0.347216 0.252044 0.286402
0 0.413694 0.279337 0.125641 0.161875
0 0.852686 0.55125 0.294628 0.319675
0 0.864732 0.562841 0.270536 0.321957
0 0.911818 0.38249 0.176364 0.147442
0 0.419437 0.279055 0.128604 0.154852
0 0.609688 0.36166 0.226355 0.308222
0 0.743987 0.350462 0.0664995 0.157594
0 0.042735 0.783229 0.0831639 0.0954941
0 0.638616 0.232543 0.0754579 0.0764257
0 0.701516 0.168684 0.0941467 0.0686299
0 0.537582 0.120117 0.135668 0.10088
0 0.931372 0.714781 0.0759697 0.129098
