0 0.847834 0.401456 0.150317 0.107592
0 0.579636 0.370599 0.174953 0.273884
0 0.491257 0.534482 0.269237 0.222524
0 0.339999 0.481321 0.145672 0.112338
0 0.478972 0.190022 0.111861 0.147647
0 0.393811 0.310056 0.0844493 0.099779
0 0.135599 0.36562 0.271197 0.24024
0 0.737005 0.30912 0.120088 0.100868
0 0.720339 0.0601222 0.119425 0.0905103
0 0.97503 0.415444 0.0427122 0.130414
0 0.425108 0.246348 0.0717054 0.0718759
0 0.240641 0.193783 0.0776907 0.066532
0 0.927832 0.52337 0.117783 0.159511
0 0.847834 0.401456 0.150317 0.107592
0 0.579636 0.370599 0.174953 0.273884
0 0.491257 0.534482 0.269237 0.222524
0 0.339999 0.481321 0.145672 0.112338
0 0.478972 0.190022 0.111861 0.147647
0 0.393811 0.310056 0.0844493 0.099779
0 0.135599 0.36562 0.271197 0.24024
0 0.737005 0.30912 0.120088 0.100868
0 0.720339 0.0601222 0.119425 0.0905103
0 0.97503 0.415444 0.0427122 0.130414
0 0.425108 0.246348 0.0717054 0.0718759
0 0.240641 0.193783 0.0776907 0.066532
0 0.927832 0.52337 0.117783 0.159511
0 0.13345 0.381187 0.260457 0.259113
0 0.846572 0.408125 0.150564 0.108959
0 0.581276 0.377435 0.198138 0.279562
0 0.39311 0.308065 0.0917363 0.107947
0 0.505678 0.536063 0.242998 0.210439
0 0.330153 0.488998 0.116019 0.121028
0 0.481259 0.194515 0.13572 0.146708
0 0.731209 0.312994 0.124379 0.101313
0 0.423671 0.249051 0.0773801 0.071836
0 0.713121 0.0534544 0.111163 0.0977162
0 0.126317 0.0870114 0.0595019 0.0462265
0 0.916726 0.513372 0.129768 0.172186
