0 0.686687 0.280301 0.117589 0.105345
0 0.679164 0.0531836 0.144066 0.106367
0 0.479958 0.479799 0.356457 0.330171
0 0.866938 0.206623 0.131071 0.105936
0 0.757164 0.448543 0.120719 0.315128
0 0.140282 0.312635 0.256294 0.270402
0 0.121281 0.443528 0.241662 0.292097
0 0.915272 0.0707401 0.165329 0.14148
0 0.924541 0.411537 0.150917 0.166838
0 0.167444 0.475503 0.149299 0.237446
0 0.94335 0.918657 0.113299 0.162686
0 0.644753 0.0786422 0.193126 0.157284
0 0.686687 0.280301 0.117589 0.105345
0 0.679164 0.0531836 0.144066 0.106367
0 0.479958 0.479799 0.356457 0.330171
0 0.866938 0.206623 0.131071 0.105936
0 0.757164 0.448543 0.120719 0.315128
0 0.140282 0.312635 0.256294 0.270402
0 0.121281 0.443528 0.241662 0.292097
0 0.915272 0.0707401 0.165329 0.14148
0 0.924541 0.411537 0.150917 0.166838
0 0.167444 0.475503 0.149299 0.237446
0 0.94335 0.918657 0.113299 0.162686
0 0.644753 0.0786422 0.193126 0.157284
0 0.137678 0.332976 0.244171 0.272855
0 0.867416 0.213401 0.140385 0.0955904
0 0.950746 0.922947 0.0953915 0.154106
0 0.690662 0.285851 0.124784 0.100067
0 0.911462 0.0699707 0.166518 0.139941
0 0.752341 0.448675 0.104902 0.299023
0 0.504728 0.470274 0.339608 0.293459
0 0.936492 0.404482 0.127017 0.137752
0 0.680748 0.0502024 0.120893 0.100405
0 0.235582 0.649229 0.0938959 0.252063
