0 0.769203 0.423739 0.167503 0.129346
0 0.454584 0.390829 0.261273 0.251941
0 0.133168 0.522257 0.21435 0.179487
0 0.674581 0.827177 0.309935 0.345646
0 0.265049 0.782821 0.279657 0.412777
0 0.0901385 0.725309 0.171348 0.306982
0 0.763468 0.619454 0.169117 0.210882
0 0.79204 0.520876 0.110789 0.0904002
0 0.870184 0.584464 0.110005 0.113332
0 0.899712 0.858769 0.103238 0.18093
0 0.34755 0.245827 0.141168 0.165329
0 0.644931 0.567555 0.0708103 0.115361
0 0.406914 0.5339 0.0455275 0.140651
0 0.53234 0.622051 0.0644877 0.173712
0 0.545883 0.487091 0.0620313 0.136896
0 0.769203 0.423739 0.167503 0.129346
0 0.454584 0.390829 0.261273 0.251941
0 0.133168 0.522257 0.21435 0.179487
0 0.674581 0.827177 0.309935 0.345646
0 0.265049 0.782821 0.279657 0.412777
0 0.0901385 0.725309 0.171348 0.306982
0 0.763468 0.619454 0.169117 0.210882
0 0.79204 0.520876 0.110789 0.0904002
0 0.870184 0.584464 0.110005 0.113332
0 0.899712 0.858769 0.103238 0.18093
0 0.34755 0.245827 0.141168 0.165329
0 0.644931 0.567555 0.0708103 0.115361
0 0.406914 0.5339 0.0455275 0.140651
0 0.53234 0.622051 0.0644877 0.173712
0 0.545883 0.487091 0.0620313 0.136896
0 0.765926 0.627497 0.174371 0.213461
0 0.668653 0.824331 0.283637 0.351339
0 0.787384 0.528027 0.115673 0.0773339
0 0.458088 0.392783 0.241882 0.236829
0 0.132289 0.527276 0.214462 0.196395
0 0.336925 0.243985 0.110036 0.136743
0 0.762063 0.427804 0.182136 0.142071
0 0.279261 0.797184 0.286906 0.405632
0 0.868482 0.585811 0.101627 0.113411
0 0.530742 0.626443 0.0708256 0.162753
0 0.0953054 0.718732 0.190611 0.295719
0 0.899874 0.85583 0.112684 0.167506
0 0.645467 0.570243 0.0696817 0.119121
0 0.707602 0.842334 0.367674 0.315331
0 0.548555 0.480357 0.067294 0.114774
0 0.938462 0.386377 0.10827 0.0929167
0 0.40951 0.534914 0.0433258 0.0998359
