0 0.905534 0.506573 0.188529 0.175123
0 0.802625 0.541016 0.180643 0.220008
0 0.3335 0.276245 0.151683 0.173401
0 0.155854 0.847269 0.311707 0.305462
0 0.35898 0.571215 0.122231 0.201238
0 0.745928 0.20981 0.122405 0.108801
0 0.217318 0.335217 0.200104 0.242594
0 0.685979 0.707325 0.124192 0.174969
0 0.287032 0.100801 0.244835 0.201603
0 0.473748 0.349674 0.0809088 0.11805
0 0.240026 0.673059 0.105655 0.104007
0 0.478876 0.715179 0.0967118 0.113318
0 0.608515 0.501817 0.190954 0.233686
0 0.569424 0.470479 0.105106 0.172152
0 0.939523 0.883857 0.10558 0.232286
0 0.297322 0.168528 0.098375 0.0762422
0 0.93584 0.236735 0.0863541 0.114812
0 0.361918 0.584522 0.148821 0.286095
0 0.905534 0.506573 0.188529 0.175123
0 0.802625 0.541016 0.180643 0.220008
0 0.3335 0.276245 0.151683 0.173401
0 0.155854 0.847269 0.311707 0.305462
0 0.35898 0.571215 0.122231 0.201238
0 0.745928 0.20981 0.122405 0.108801
0 0.217318 0.335217 0.200104 0.242594
0 0.685979 0.707325 0.124192 0.174969
0 0.287032 0.100801 0.244835 0.201603
0 0.473748 0.349674 0.0809088 0.11805
0 0.240026 0.673059 0.105655 0.104007
0 0.478876 0.715179 0.0967118 0.113318
0 0.608515 0.501817 0.190954 0.233686
0 0.569424 0.470479 0.105106 0.172152
0 0.939523 0.883857 0.10558 0.232286
0 0.297322 0.168528 0.098375 0.0762422
0 0.93584 0.236735 0.0863541 0.114812
0 0.361918 0.584522 0.148821 0.286095
0 0.904628 0.517414 0.190744 0.214449
0 0.470595 0.348605 0.0777468 0.121211
0 0.321687 0.286839 0.182833 0.209516
0 0.136403 0.875749 0.272806 0.225834
0 0.820259 0.548778 0.216401 0.239164
0 0.37496 0.603894 0.154517 0.321104
0 0.319078 0.0948559 0.13458 0.141417
0 0.938351 0.240917 0.0784153 0.0980597
0 0.60984 0.515706 0.2187 0.247447
0 0.629786 0.54755 0.230782 0.303456
0 0.485968 0.71759 0.0832384 0.0981493
0 0.549324 0.406057 0.0795881 0.121736
0 0.0487116 0.714431 0.0966759 0.26211
