0 0.333766 0.259308 0.142047 0.0987054
0 0.924228 0.644669 0.143589 0.138315
0 0.726805 0.544736 0.12441 0.0992562
0 0.837649 0.562092 0.0464699 0.171591
0 0.333766 0.259308 0.142047 0.0987054
0 0.924228 0.644669 0.143589 0.138315
0 0.726805 0.544736 0.12441 0.0992562
0 0.837649 0.562092 0.0464699 0.171591
0 0.328524 0.261426 0.141758 0.0985414
0 0.928513 0.647114 0.131285 0.121321
0 0.727123 0.549086 0.121168 0.091831
0 0.193611 0.190198 0.0863614 0.0602409
0 0.838078 0.558223 0.0436577 0.170667
