0 0.846107 0.534965 0.136396 0.131326
0 0.467001 0.404385 0.14676 0.137015
0 0.783715 0.874818 0.214317 0.203341
0 0.329318 0.293542 0.12288 0.103061
0 0.901722 0.328964 0.175206 0.202792
0 0.0749176 0.065337 0.149835 0.111873
0 0.640424 0.487736 0.126003 0.214749
0 0.434988 0.109744 0.111879 0.0920318
0 0.34113 0.163193 0.0976049 0.0762581
0 0.488013 0.209555 0.0878114 0.0679221
0 0.846107 0.534965 0.136396 0.131326
0 0.467001 0.404385 0.14676 0.137015
0 0.783715 0.874818 0.214317 0.203341
0 0.329318 0.293542 0.12288 0.103061
0 0.901722 0.328964 0.175206 0.202792
0 0.0749176 0.065337 0.149835 0.111873
0 0.640424 0.487736 0.126003 0.214749
0 0.434988 0.109744 0.111879 0.0920318
0 0.34113 0.163193 0.0976049 0.0762581
0 0.488013 0.209555 0.0878114 0.0679221
0 0.0752853 0.0714152 0.150571 0.108483
0 0.844325 0.532946 0.13966 0.129911
0 0.329263 0.292696 0.129055 0.103647
0 0.459976 0.404533 0.15442 0.162138
0 0.781942 0.870314 0.204992 0.203031
0 0.892937 0.327029 0.152631 0.211529
0 0.636123 0.490129 0.127581 0.215837
0 0.334656 0.160732 0.0879862 0.0599051
0 0.491781 0.208807 0.088289 0.0636538
0 0.432761 0.110449 0.109694 0.0812621
