0 0.836255 0.614423 0.194218 0.275351
0 0.203812 0.402875 0.136717 0.202154
0 0.753196 0.293295 0.122531 0.127705
0 0.419532 0.395888 0.0527645 0.161227
0 0.191614 0.797567 0.107898 0.312676
0 0.51118 0.540884 0.113982 0.14483
0 0.384262 0.630259 0.0527651 0.184555
0 0.355087 0.422507 0.0702707 0.167417
0 0.893339 0.941513 0.155212 0.116974
0 0.610648 0.835467 0.122595 0.127428
0 0.345061 0.17833 0.105738 0.0934507
0 0.120622 0.368826 0.078451 0.172862
0 0.518576 0.41206 0.0490457 0.0851357
0 0.248312 0.109225 0.109773 0.0868791
0 0.979025 0.618791 0.0419495 0.165597
0 0.554389 0.539273 0.0676042 0.108787
0 0.973926 0.494965 0.0477369 0.139231
0 0.182979 0.802258 0.138672 0.395484
0 0.502395 0.534577 0.0945403 0.119514
0 0.836255 0.614423 0.194218 0.275351
0 0.203812 0.402875 0.136717 0.202154
0 0.753196 0.293295 0.122531 0.127705
0 0.419532 0.395888 0.0527645 0.161227
0 0.191614 0.797567 0.107898 0.312676
0 0.51118 0.540884 0.113982 0.14483
0 0.384262 0.630259 0.0527651 0.184555
0 0.355087 0.422507 0.0702707 0.167417
0 0.893339 0.941513 0.155212 0.116974
0 0.610648 0.835467 0.122595 0.127428
0 0.345061 0.17833 0.105738 0.0934507
0 0.120622 0.368826 0.078451 0.172862
0 0.518576 0.41206 0.0490457 0.0851357
0 0.248312 0.109225 0.109773 0.0868791
0 0.979025 0.618791 0.0419495 0.165597
0 0.554389 0.539273 0.0676042 0.108787
0 0.973926 0.494965 0.0477369 0.139231
0 0.182979 0.802258 0.138672 0.395484
0 0.502395 0.534577 0.0945403 0.119514
0 0.203753 0.407819 0.147292 0.208799
0 0.617639 0.831625 0.122796 0.132605
0 0.837389 0.620984 0.195645 0.270799
0 0.754923 0.295457 0.127261 0.130986
0 0.249114 0.115645 0.108221 0.0882617
0 0.589731 0.306949 0.0645629 0.0687367
0 0.501519 0.538678 0.114099 0.142058
0 0.349573 0.181759 0.113267 0.0864778
0 0.420279 0.391495 0.0542352 0.151289
0 0.360021 0.430827 0.0765012 0.165863
0 0.186905 0.801093 0.11456 0.31166
0 0.877905 0.9257 0.151337 0.138643
0 0.0454051 0.146498 0.0896852 0.105009
0 0.522961 0.22747 0.0806061 0.118851
0 0.519973 0.409858 0.0538196 0.0848359
0 0.51622 0.338035 0.0749046 0.0848197
0 0.130225 0.363761 0.0667699 0.154987
0 0.557633 0.539627 0.0579489 0.0915068
0 0.386542 0.627915 0.0458494 0.184548
0 0.978355 0.627356 0.0432905 0.17109
