0 0.653537 0.499399 0.137156 0.168938
0 0.851763 0.913507 0.147462 0.172987
0 0.350445 0.800975 0.064138 0.163635
0 0.750879 0.827393 0.125992 0.218182
0 0.478102 0.523081 0.0956599 0.211433
0 0.577367 0.639462 0.100343 0.100831
0 0.580658 0.537776 0.112046 0.161618
0 0.61291 0.896791 0.0881339 0.189579
0 0.945687 0.87727 0.108627 0.245459
0 0.473394 0.84192 0.0477911 0.172477
0 0.326136 0.496971 0.0697596 0.16801
0 0.193521 0.31854 0.151632 0.148182
0 0.385467 0.614087 0.0442923 0.150109
0 0.200879 0.490749 0.0734134 0.257925
0 0.0949978 0.411158 0.151734 0.118524
0 0.727507 0.606455 0.059921 0.083922
0 0.765019 0.499418 0.098258 0.109713
0 0.894638 0.781195 0.122196 0.263119
0 0.512022 0.664794 0.0447032 0.135381
0 0.963633 0.484711 0.0700642 0.147002
0 0.594783 0.550756 0.131174 0.180081
0 0.653537 0.499399 0.137156 0.168938
0 0.851763 0.913507 0.147462 0.172987
0 0.350445 0.800975 0.064138 0.163635
0 0.750879 0.827393 0.125992 0.218182
0 0.478102 0.523081 0.0956599 0.211433
0 0.577367 0.639462 0.100343 0.100831
0 0.580658 0.537776 0.112046 0.161618
0 0.61291 0.896791 0.0881339 0.189579
0 0.945687 0.87727 0.108627 0.245459
0 0.473394 0.84192 0.0477911 0.172477
0 0.326136 0.496971 0.0697596 0.16801
0 0.193521 0.31854 0.151632 0.148182
0 0.385467 0.614087 0.0442923 0.150109
0 0.200879 0.490749 0.0734134 0.257925
0 0.0949978 0.411158 0.151734 0.118524
0 0.727507 0.606455 0.059921 0.083922
0 0.765019 0.499418 0.098258 0.109713
0 0.894638 0.781195 0.122196 0.263119
0 0.512022 0.664794 0.0447032 0.135381
0 0.963633 0.484711 0.0700642 0.147002
0 0.594783 0.550756 0.131174 0.180081
0 0.655034 0.502338 0.145282 0.149398
0 0.581123 0.640623 0.109115 0.0984309
0 0.357057 0.795295 0.0678169 0.138138
0 0.612154 0.897643 0.0795326 0.190564
0 0.605176 0.570271 0.165752 0.205885
0 0.0951304 0.413342 0.130195 0.107263
0 0.207485 0.472359 0.0833471 0.257218
0 0.892352 0.796861 0.11275 0.227083
0 0.48601 0.512713 0.0837677 0.193053
0 0.85118 0.928967 0.150545 0.141315
0 0.0391438 0.519528 0.0711919 0.203557
0 0.183406 0.300941 0.118286 0.122283
0 0.331011 0.502556 0.0564934 0.150164
0 0.0367674 0.357069 0.0681233 0.0789289
0 0.367788 0.316967 0.0469833 0.144389
0 0.507064 0.649418 0.0410568 0.0863152
0 0.945542 0.877834 0.104308 0.244333
0 0.760913 0.828703 0.140627 0.261966
0 0.891281 0.763549 0.105307 0.150789
