0 0.478539 0.0712102 0.19247 0.14242
0 0.752082 0.542832 0.0997164 0.0989315
0 0.950854 0.44622 0.0903992 0.162034
0 0.867252 0.0706391 0.139712 0.113234
0 0.478539 0.0712102 0.19247 0.14242
0 0.752082 0.542832 0.0997164 0.0989315
0 0.950854 0.44622 0.0903992 0.162034
0 0.867252 0.0706391 0.139712 0.113234
0 0.477095 0.0729383 0.191929 0.145877
0 0.755982 0.545487 0.100585 0.098872
0 0.780034 0.357121 0.0918635 0.0566096
0 0.934054 0.439641 0.0921772 0.147519
0 0.863835 0.0724822 0.128345 0.100767
0 0.758325 0.733272 0.0520865 0.0463016
0 0.917989 0.938603 0.0737503 0.110496
0 0.127998 0.885544 0.0592999 0.109409
0 0.49547 0.144324 0.105652 0.0662225
