0 0.583206 0.116007 0.133227 0.100634
0 0.398469 0.602721 0.0823537 0.281135
0 0.179793 0.143371 0.170959 0.141718
0 0.724544 0.0610636 0.126958 0.086266
0 0.549623 0.464274 0.0819463 0.18221
0 0.434316 0.325816 0.100414 0.136526
0 0.408499 0.921496 0.141791 0.157008
0 0.0525448 0.481923 0.10509 0.181196
0 0.936221 0.917978 0.127559 0.161874
0 0.134213 0.419007 0.0883274 0.147437
0 0.738506 0.121438 0.0834013 0.0698511
0 0.920005 0.946732 0.151355 0.106536
0 0.956605 0.563043 0.0786541 0.139559
0 0.667292 0.222549 0.0955439 0.122061
0 0.877577 0.282248 0.108744 0.112747
0 0.95624 0.466988 0.0875206 0.0946557
0 0.643262 0.30123 0.115585 0.0973682
0 0.949819 0.92552 0.0949314 0.148961
0 0.583206 0.116007 0.133227 0.100634
0 0.398469 0.602721 0.0823537 0.281135
0 0.179793 0.143371 0.170959 0.141718
0 0.724544 0.0610636 0.126958 0.086266
0 0.549623 0.464274 0.0819463 0.18221
0 0.434316 0.325816 0.100414 0.136526
0 0.408499 0.921496 0.141791 0.157008
0 0.0525448 0.481923 0.10509 0.181196
0 0.936221 0.917978 0.127559 0.161874
0 0.134213 0.419007 0.0883274 0.147437
0 0.738506 0.121438 0.0834013 0.0698511
0 0.920005 0.946732 0.151355 0.106536
0 0.956605 0.563043 0.0786541 0.139559
0 0.667292 0.222549 0.0955439 0.122061
0 0.877577 0.282248 0.108744 0.112747
0 0.95624 0.466988 0.0875206 0.0946557
0 0.643262 0.30123 0.115585 0.0973682
0 0.949819 0.92552 0.0949314 0.148961
0 0.721787 0.0659732 0.1192 0.0876281
0 0.180267 0.147574 0.154467 0.142382
0 0.57999 0.112762 0.132564 0.109988
0 0.407088 0.916278 0.179064 0.167443
0 0.433571 0.320848 0.0995538 0.123254
0 0.403204 0.597306 0.0956191 0.265258
0 0.550751 0.473641 0.0957913 0.216743
0 0.816566 0.251071 0.0716551 0.101978
0 0.929627 0.916151 0.140746 0.167698
0 0.883451 0.28174 0.0952068 0.0875836
0 0.0530213 0.16473 0.0999627 0.156253
0 0.0651109 0.488475 0.129845 0.215131
0 0.936808 0.551876 0.121392 0.221931
0 0.957561 0.457509 0.0845219 0.0987864
