0 0.444369 0.750295 0.111373 0.244
0 0.317021 0.725933 0.114608 0.250415
0 0.661162 0.91328 0.0640199 0.173439
0 0.914041 0.182206 0.157754 0.122737
0 0.555139 0.637154 0.102283 0.206181
0 0.0546914 0.732493 0.10585 0.163547
0 0.659962 0.484921 0.123622 0.131688
0 0.209859 0.790413 0.0698646 0.16113
0 0.151704 0.190582 0.0971134 0.0952486
0 0.898645 0.689004 0.18464 0.210453
0 0.0684715 0.632141 0.136943 0.232706
0 0.922434 0.874659 0.155131 0.137857
0 0.15522 0.355157 0.151147 0.17366
0 0.297882 0.301743 0.0879275 0.141758
0 0.388647 0.591392 0.1138 0.198282
0 0.388537 0.930902 0.0832801 0.138196
0 0.433324 0.478022 0.0613673 0.148924
0 0.112127 0.51833 0.107009 0.116802
0 0.779812 0.328591 0.114911 0.196419
0 0.339681 0.498856 0.119059 0.16235
0 0.188623 0.509328 0.0683202 0.0946906
0 0.444369 0.750295 0.111373 0.244
0 0.317021 0.725933 0.114608 0.250415
0 0.661162 0.91328 0.0640199 0.173439
0 0.914041 0.182206 0.157754 0.122737
0 0.555139 0.637154 0.102283 0.206181
0 0.0546914 0.732493 0.10585 0.163547
0 0.659962 0.484921 0.123622 0.131688
0 0.209859 0.790413 0.0698646 0.16113
0 0.151704 0.190582 0.0971134 0.0952486
0 0.898645 0.689004 0.18464 0.210453
0 0.0684715 0.632141 0.136943 0.232706
0 0.922434 0.874659 0.155131 0.137857
0 0.15522 0.355157 0.151147 0.17366
0 0.297882 0.301743 0.0879275 0.141758
0 0.388647 0.591392 0.1138 0.198282
0 0.388537 0.930902 0.0832801 0.138196
0 0.433324 0.478022 0.0613673 0.148924
0 0.112127 0.51833 0.107009 0.116802
0 0.779812 0.328591 0.114911 0.196419
0 0.339681 0.498856 0.119059 0.16235
0 0.188623 0.509328 0.0683202 0.0946906
0 0.657249 0.490019 0.136145 0.129196
0 0.312448 0.729728 0.113923 0.263645
0 0.441824 0.747525 0.111243 0.23001
0 0.562315 0.666733 0.108884 0.24094
0 0.395277 0.613817 0.130047 0.237035
0 0.0675963 0.75656 0.135193 0.208066
0 0.158491 0.358395 0.16569 0.206016
0 0.913488 0.18335 0.142345 0.106789
0 0.303513 0.298384 0.0927586 0.119316
0 0.391641 0.933832 0.0833326 0.130936
0 0.148049 0.18821 0.0848462 0.0837519
0 0.0888449 0.600237 0.17769 0.305537
0 0.665695 0.914153 0.0714874 0.171693
0 0.214556 0.777827 0.0639723 0.177589
0 0.910197 0.876898 0.163725 0.167504
0 0.436006 0.468504 0.0595428 0.113494
0 0.0315721 0.331619 0.0631441 0.107844
