0 0.517943 0.573277 0.160856 0.1296
0 0.828603 0.659254 0.138307 0.127773
0 0.887822 0.324953 0.146161 0.123675
0 0.381467 0.888794 0.138771 0.222413
0 0.507255 0.306805 0.126505 0.116945
0 0.0517104 0.396543 0.096721 0.217342
0 0.262426 0.254942 0.102977 0.0992833
0 0.335542 0.332025 0.072185 0.120535
0 0.955528 0.822353 0.0889436 0.138385
0 0.878369 0.519025 0.075005 0.143361
0 0.972142 0.673123 0.0557153 0.138242
0 0.356145 0.248616 0.0684622 0.0746908
0 0.760232 0.118007 0.0780087 0.080376
0 0.958459 0.532733 0.0677448 0.152521
0 0.0601288 0.1651 0.114771 0.107816
0 0.597558 0.187322 0.0819523 0.0673344
0 0.517943 0.573277 0.160856 0.1296
0 0.828603 0.659254 0.138307 0.127773
0 0.887822 0.324953 0.146161 0.123675
0 0.381467 0.888794 0.138771 0.222413
0 0.507255 0.306805 0.126505 0.116945
0 0.0517104 0.396543 0.096721 0.217342
0 0.262426 0.254942 0.102977 0.0992833
0 0.335542 0.332025 0.072185 0.120535
0 0.955528 0.822353 0.0889436 0.138385
0 0.878369 0.519025 0.075005 0.143361
0 0.972142 0.673123 0.0557153 0.138242
0 0.356145 0.248616 0.0684622 0.0746908
0 0.760232 0.118007 0.0780087 0.080376
0 0.958459 0.532733 0.0677448 0.152521
0 0.0601288 0.1651 0.114771 0.107816
0 0.597558 0.187322 0.0819523 0.0673344
0 0.0785709 0.177616 0.157142 0.128691
0 0.824841 0.662501 0.135167 0.126716
0 0.878922 0.32978 0.149541 0.114258
0 0.509903 0.571909 0.165722 0.123198
0 0.38579 0.890555 0.132215 0.21889
0 0.501414 0.31737 0.117493 0.118673
0 0.264474 0.253195 0.106916 0.10183
0 0.335175 0.329845 0.0751621 0.117349
0 0.0392529 0.411469 0.0769582 0.258843
0 0.58827 0.181054 0.0591582 0.0495379
0 0.351152 0.25134 0.0711929 0.0808639
0 0.215633 0.912814 0.201601 0.174372
0 0.955397 0.52223 0.0787094 0.155629
0 0.879274 0.515992 0.0703514 0.127979
0 0.952405 0.818838 0.0858971 0.123978
0 0.153286 0.312541 0.0427661 0.0789292
0 0.97883 0.665083 0.0423393 0.145592
0 0.332014 0.750417 0.0440491 0.0543958
0 0.249524 0.183432 0.0696837 0.0683109
