0 0.787665 0.889807 0.208433 0.220386
0 0.10756 0.428982 0.209171 0.235125
0 0.396773 0.159708 0.239182 0.213158
0 0.858842 0.641032 0.182294 0.148733
0 0.904216 0.887282 0.118631 0.205376
0 0.595613 0.404367 0.0579852 0.144811
0 0.962965 0.54529 0.0740707 0.123404
0 0.331836 0.448764 0.306117 0.259063
0 0.0536579 0.694389 0.0959463 0.114908
0 0.649364 0.344661 0.0773829 0.119902
0 0.787665 0.889807 0.208433 0.220386
0 0.10756 0.428982 0.209171 0.235125
0 0.396773 0.159708 0.239182 0.213158
0 0.858842 0.641032 0.182294 0.148733
0 0.904216 0.887282 0.118631 0.205376
0 0.595613 0.404367 0.0579852 0.144811
0 0.962965 0.54529 0.0740707 0.123404
0 0.331836 0.448764 0.306117 0.259063
0 0.0536579 0.694389 0.0959463 0.114908
0 0.649364 0.344661 0.0773829 0.119902
0 0.116891 0.424653 0.233783 0.241917
0 0.861531 0.639491 0.155871 0.143235
0 0.128263 0.0756377 0.124796 0.0853477
0 0.792748 0.889384 0.224197 0.221232
0 0.40532 0.166147 0.197857 0.22334
0 0.219739 0.143026 0.174741 0.156493
0 0.192337 0.242215 0.135654 0.138502
0 0.9141 0.882419 0.139226 0.230522
0 0.598686 0.397257 0.0633273 0.182856
