0 0.239584 0.661786 0.119809 0.15569
0 0.0572178 0.861068 0.11107 0.277864
0 0.054275 0.633537 0.103532 0.165959
0 0.0588774 0.166865 0.117047 0.104863
0 0.342458 0.481999 0.140401 0.0941349
0 0.118308 0.231892 0.0748592 0.0732324
0 0.239584 0.661786 0.119809 0.15569
0 0.0572178 0.861068 0.11107 0.277864
0 0.054275 0.633537 0.103532 0.165959
0 0.0588774 0.166865 0.117047 0.104863
0 0.342458 0.481999 0.140401 0.0941349
0 0.118308 0.231892 0.0748592 0.0732324
0 0.332844 0.488461 0.115754 0.094342
0 0.0535295 0.162209 0.101844 0.0766979
0 0.0519099 0.635309 0.102377 0.158052
0 0.236294 0.66067 0.106847 0.155747
0 0.436494 0.389829 0.11728 0.0978557
0 0.122145 0.232991 0.0738271 0.0623023
0 0.0423183 0.382188 0.0827982 0.149461
0 0.0572326 0.87176 0.112617 0.256479
