0 0.30663 0.565437 0.182893 0.245071
0 0.661518 0.614507 0.0936432 0.225463
0 0.922349 0.823871 0.155302 0.318535
0 0.612555 0.879524 0.13528 0.240952
0 0.491044 0.510409 0.127396 0.224713
0 0.323597 0.215818 0.133284 0.100424
0 0.250765 0.229693 0.11866 0.0902097
0 0.30663 0.565437 0.182893 0.245071
0 0.661518 0.614507 0.0936432 0.225463
0 0.922349 0.823871 0.155302 0.318535
0 0.612555 0.879524 0.13528 0.240952
0 0.491044 0.510409 0.127396 0.224713
0 0.323597 0.215818 0.133284 0.100424
0 0.250765 0.229693 0.11866 0.0902097
0 0.309995 0.570503 0.177769 0.23924
0 0.921212 0.813212 0.157575 0.276678
0 0.66429 0.623567 0.0891516 0.192697
0 0.616379 0.866245 0.132917 0.267509
0 0.622385 0.330689 0.060133 0.0912849
0 0.4908 0.487815 0.101304 0.249399
0 0.31417 0.214852 0.107525 0.10304
