0 0.7612 0.496711 0.223753 0.326615
0 0.648745 0.352001 0.140908 0.126765
0 0.383467 0.378991 0.332074 0.355814
0 0.649582 0.173978 0.122436 0.192149
0 0.94069 0.920772 0.118163 0.158456
0 0.916166 0.361591 0.105553 0.127009
0 0.402533 0.380144 0.434255 0.421894
0 0.7612 0.496711 0.223753 0.326615
0 0.648745 0.352001 0.140908 0.126765
0 0.383467 0.378991 0.332074 0.355814
0 0.649582 0.173978 0.122436 0.192149
0 0.94069 0.920772 0.118163 0.158456
0 0.916166 0.361591 0.105553 0.127009
0 0.402533 0.380144 0.434255 0.421894
0 0.525182 0.203844 0.14739 0.170088
0 0.764799 0.501358 0.198164 0.317
0 0.647291 0.175951 0.123278 0.182971
0 0.652928 0.358028 0.176769 0.134806
0 0.290652 0.0576992 0.171011 0.115398
0 0.942017 0.913561 0.114917 0.172878
0 0.4003 0.395384 0.397595 0.445549
0 0.91477 0.344963 0.0836617 0.0987751
