0 0.518722 0.391923 0.142546 0.143916
0 0.347241 0.283182 0.136936 0.105515
0 0.834744 0.872247 0.241105 0.21636
0 0.886347 0.530917 0.167463 0.122891
0 0.358616 0.148233 0.0963206 0.0725053
0 0.0925899 0.0594244 0.179362 0.103566
0 0.938904 0.311917 0.120101 0.188766
0 0.685887 0.454464 0.0966367 0.157027
0 0.511771 0.200078 0.0840023 0.0659268
0 0.463155 0.0881779 0.0960568 0.0660462
0 0.602002 0.203393 0.0838748 0.0673064
0 0.518722 0.391923 0.142546 0.143916
0 0.347241 0.283182 0.136936 0.105515
0 0.834744 0.872247 0.241105 0.21636
0 0.886347 0.530917 0.167463 0.122891
0 0.358616 0.148233 0.0963206 0.0725053
0 0.0925899 0.0594244 0.179362 0.103566
0 0.938904 0.311917 0.120101 0.188766
0 0.685887 0.454464 0.0966367 0.157027
0 0.511771 0.200078 0.0840023 0.0659268
0 0.463155 0.0881779 0.0960568 0.0660462
0 0.602002 0.203393 0.0838748 0.0673064
0 0.886659 0.5322 0.168567 0.132142
0 0.344852 0.287486 0.129456 0.100455
0 0.359736 0.144875 0.0907592 0.0658271
0 0.672839 0.473156 0.12393 0.21194
0 0.514259 0.389972 0.137269 0.150245
0 0.935203 0.306196 0.126902 0.201712
0 0.0911077 0.0603628 0.182215 0.109731
0 0.460141 0.0977657 0.097727 0.0732204
0 0.830109 0.875456 0.223197 0.211217
0 0.518235 0.202355 0.0804804 0.0567963
