0 0.799894 0.892057 0.14163 0.215886
0 0.929685 0.889786 0.13763 0.197653
0 0.41586 0.776628 0.0550421 0.17548
0 0.737726 0.68809 0.0908222 0.094421
0 0.573622 0.671722 0.116647 0.126741
0 0.632773 0.861729 0.0786093 0.171159
0 0.265048 0.640687 0.0966459 0.147337
0 0.721554 0.439863 0.0883556 0.124967
0 0.542212 0.849507 0.0572807 0.132123
0 0.0506266 0.54944 0.101253 0.159262
0 0.677796 0.537829 0.130803 0.140511
0 0.262654 0.453683 0.128715 0.153636
0 0.179367 0.398268 0.0935702 0.0710439
0 0.407213 0.619488 0.0446364 0.171362
0 0.596986 0.539112 0.110528 0.181876
0 0.417067 0.632283 0.0418118 0.165916
0 0.348343 0.449911 0.0839125 0.099604
0 0.579715 0.532177 0.0693708 0.157496
0 0.589404 0.345519 0.111452 0.0885096
0 0.805491 0.594193 0.0950932 0.0798097
0 0.799894 0.892057 0.14163 0.215886
0 0.929685 0.889786 0.13763 0.197653
0 0.41586 0.776628 0.0550421 0.17548
0 0.737726 0.68809 0.0908222 0.094421
0 0.573622 0.671722 0.116647 0.126741
0 0.632773 0.861729 0.0786093 0.171159
0 0.265048 0.640687 0.0966459 0.147337
0 0.721554 0.439863 0.0883556 0.124967
0 0.542212 0.849507 0.0572807 0.132123
0 0.0506266 0.54944 0.101253 0.159262
0 0.677796 0.537829 0.130803 0.140511
0 0.262654 0.453683 0.128715 0.153636
0 0.179367 0.398268 0.0935702 0.0710439
0 0.407213 0.619488 0.0446364 0.171362
0 0.596986 0.539112 0.110528 0.181876
0 0.417067 0.632283 0.0418118 0.165916
0 0.348343 0.449911 0.0839125 0.099604
0 0.579715 0.532177 0.0693708 0.157496
0 0.589404 0.345519 0.111452 0.0885096
0 0.805491 0.594193 0.0950932 0.0798097
0 0.735506 0.691543 0.0929321 0.0768825
0 0.923369 0.874105 0.153263 0.250177
0 0.802353 0.876924 0.146517 0.227937
0 0.570676 0.671931 0.121956 0.120132
0 0.674687 0.539279 0.14719 0.141614
0 0.635347 0.856454 0.0721447 0.159994
0 0.250058 0.458259 0.13554 0.165048
0 0.0513038 0.54634 0.102608 0.145285
0 0.181362 0.403499 0.098114 0.0591783
0 0.259563 0.632283 0.0824489 0.117451
0 0.547341 0.851955 0.0643116 0.135434
0 0.594648 0.540676 0.103756 0.183892
0 0.168454 0.46717 0.0805797 0.0870297
0 0.533305 0.212797 0.0927042 0.0708086
0 0.776862 0.772814 0.0859669 0.113368
0 0.71819 0.426645 0.084013 0.150256
0 0.417434 0.779273 0.0504893 0.171892
0 0.805701 0.596272 0.100402 0.0653334
0 0.328617 0.200518 0.0809994 0.0604961
0 0.363451 0.462269 0.0320109 0.0999147
0 0.413506 0.672978 0.0701669 0.281907
