0 0.576958 0.526085 0.133849 0.254866
0 0.456392 0.654285 0.13415 0.262785
0 0.763775 0.706838 0.103916 0.226722
0 0.75849 0.930118 0.136598 0.139765
0 0.372664 0.2302 0.0920546 0.100995
0 0.273774 0.361804 0.080426 0.100007
0 0.697079 0.366114 0.0771191 0.0959487
0 0.298592 0.666296 0.218585 0.211278
0 0.576958 0.526085 0.133849 0.254866
0 0.456392 0.654285 0.13415 0.262785
0 0.763775 0.706838 0.103916 0.226722
0 0.75849 0.930118 0.136598 0.139765
0 0.372664 0.2302 0.0920546 0.100995
0 0.273774 0.361804 0.080426 0.100007
0 0.697079 0.366114 0.0771191 0.0959487
0 0.298592 0.666296 0.218585 0.211278
0 0.453747 0.651076 0.143876 0.248276
0 0.573065 0.52764 0.141374 0.231915
0 0.756584 0.928126 0.137473 0.143747
0 0.765777 0.708491 0.0969846 0.234093
0 0.369335 0.222145 0.0818693 0.0838133
0 0.698683 0.367832 0.0665779 0.0904187
0 0.272171 0.359411 0.0707261 0.0929479
