0 0.800598 0.678383 0.249931 0.232532
0 0.652618 0.352869 0.323768 0.295751
0 0.819734 0.159056 0.261281 0.248482
0 0.443335 0.309142 0.170565 0.363869
0 0.199517 0.53977 0.346836 0.271879
0 0.12015 0.299069 0.240301 0.270632
0 0.150778 0.641658 0.301556 0.316384
0 0.567609 0.139572 0.180335 0.12867
0 0.606109 0.0660637 0.108803 0.101286
0 0.141473 0.688449 0.266666 0.203695
0 0.800598 0.678383 0.249931 0.232532
0 0.652618 0.352869 0.323768 0.295751
0 0.819734 0.159056 0.261281 0.248482
0 0.443335 0.309142 0.170565 0.363869
0 0.199517 0.53977 0.346836 0.271879
0 0.12015 0.299069 0.240301 0.270632
0 0.150778 0.641658 0.301556 0.316384
0 0.567609 0.139572 0.180335 0.12867
0 0.606109 0.0660637 0.108803 0.101286
0 0.141473 0.688449 0.266666 0.203695
0 0.658995 0.378801 0.294166 0.347706
0 0.817515 0.689957 0.250932 0.273338
0 0.129209 0.322869 0.258418 0.37806
0 0.441181 0.312963 0.179299 0.305242
0 0.157441 0.628664 0.28773 0.386001
0 0.697947 0.381101 0.229691 0.240662
0 0.208984 0.550327 0.362323 0.294408
0 0.606948 0.304212 0.212958 0.222104
0 0.819141 0.156678 0.185224 0.231774
0 0.57594 0.139065 0.138973 0.104662
0 0.861268 0.294091 0.112479 0.300565
0 0.193894 0.621024 0.35712 0.469896
0 0.570969 0.129254 0.153431 0.135724
0 0.844041 0.157764 0.263638 0.238429
