0 0.391392 0.496785 0.182718 0.296479
0 0.328434 0.844188 0.240995 0.311624
0 0.401766 0.520799 0.148643 0.288051
0 0.525938 0.808484 0.161368 0.216294
0 0.696665 0.70645 0.125795 0.159846
0 0.57518 0.583862 0.0975713 0.203641
0 0.186285 0.457149 0.0740538 0.175942
0 0.0643966 0.319649 0.126739 0.15735
0 0.362943 0.328339 0.110019 0.180705
0 0.734615 0.585866 0.115409 0.131612
0 0.511803 0.610032 0.0975733 0.232285
0 0.0403293 0.160362 0.0794461 0.127622
0 0.23849 0.193794 0.130443 0.114976
0 0.60486 0.890449 0.0936102 0.211995
0 0.954975 0.653649 0.0900494 0.130054
0 0.391392 0.496785 0.182718 0.296479
0 0.328434 0.844188 0.240995 0.311624
0 0.401766 0.520799 0.148643 0.288051
0 0.525938 0.808484 0.161368 0.216294
0 0.696665 0.70645 0.125795 0.159846
0 0.57518 0.583862 0.0975713 0.203641
0 0.186285 0.457149 0.0740538 0.175942
0 0.0643966 0.319649 0.126739 0.15735
0 0.362943 0.328339 0.110019 0.180705
0 0.734615 0.585866 0.115409 0.131612
0 0.511803 0.610032 0.0975733 0.232285
0 0.0403293 0.160362 0.0794461 0.127622
0 0.23849 0.193794 0.130443 0.114976
0 0.60486 0.890449 0.0936102 0.211995
0 0.954975 0.653649 0.0900494 0.130054
0 0.39771 0.509079 0.15899 0.31597
0 0.576074 0.580723 0.091428 0.180066
0 0.0666644 0.305657 0.132859 0.170389
0 0.515227 0.615586 0.101151 0.215645
0 0.0399604 0.16767 0.0799209 0.0950974
0 0.956728 0.662285 0.0854527 0.151286
0 0.18372 0.451468 0.0767758 0.164323
0 0.539295 0.81022 0.196793 0.239021
0 0.72812 0.58228 0.124562 0.13506
0 0.24974 0.212482 0.146679 0.153889
0 0.351632 0.822953 0.157972 0.278401
0 0.318899 0.853183 0.223286 0.293635
0 0.915198 0.439473 0.0731665 0.0866683
0 0.92448 0.828015 0.15104 0.29613
0 0.689314 0.704941 0.115564 0.139891
0 0.307614 0.101443 0.0578201 0.0985356
0 0.248742 0.192041 0.140091 0.11157
0 0.715095 0.649191 0.0701182 0.150598
0 0.372144 0.342647 0.100595 0.165982
0 0.619567 0.387627 0.0832001 0.0938673
0 0.830027 0.250136 0.0924032 0.0804866
