0 0.483707 0.835623 0.246168 0.328754
0 0.393378 0.318042 0.15525 0.202181
0 0.771096 0.587331 0.130718 0.188999
0 0.769736 0.269582 0.119785 0.0928448
0 0.1956 0.782409 0.132432 0.352252
0 0.638601 0.0948187 0.10592 0.0739297
0 0.0526598 0.711088 0.10532 0.163814
0 0.222942 0.0581484 0.102082 0.0752119
0 0.160593 0.215328 0.243365 0.199247
0 0.0876003 0.15627 0.11245 0.109313
0 0.483707 0.835623 0.246168 0.328754
0 0.393378 0.318042 0.15525 0.202181
0 0.771096 0.587331 0.130718 0.188999
0 0.769736 0.269582 0.119785 0.0928448
0 0.1956 0.782409 0.132432 0.352252
0 0.638601 0.0948187 0.10592 0.0739297
0 0.0526598 0.711088 0.10532 0.163814
0 0.222942 0.0581484 0.102082 0.0752119
0 0.160593 0.215328 0.243365 0.199247
0 0.0876003 0.15627 0.11245 0.109313
0 0.4844 0.829975 0.243482 0.302342
0 0.767744 0.583966 0.12619 0.187328
0 0.0823654 0.161354 0.11475 0.103485
0 0.389845 0.322983 0.154276 0.190169
0 0.762778 0.276282 0.116044 0.100092
0 0.192228 0.76743 0.114662 0.283225
0 0.044627 0.287951 0.0882996 0.151818
0 0.198048 0.0640377 0.155628 0.0979203
0 0.964779 0.36319 0.0688993 0.101082
0 0.0291945 0.108876 0.0572215 0.0991144
0 0.86257 0.384303 0.064002 0.0962457
