0 0.763522 0.432798 0.234744 0.186981
0 0.756912 0.749702 0.29622 0.249316
0 0.451491 0.366892 0.330149 0.35178
0 0.748701 0.416088 0.184772 0.143815
0 0.657075 0.319603 0.0894485 0.0832893
0 0.475235 0.364183 0.43103 0.428675
0 0.726927 0.282121 0.0968565 0.0744012
0 0.382194 0.0684498 0.120153 0.0914189
0 0.546025 0.115438 0.0890743 0.0738033
0 0.57552 0.231033 0.105363 0.146058
0 0.763522 0.432798 0.234744 0.186981
0 0.756912 0.749702 0.29622 0.249316
0 0.451491 0.366892 0.330149 0.35178
0 0.748701 0.416088 0.184772 0.143815
0 0.657075 0.319603 0.0894485 0.0832893
0 0.475235 0.364183 0.43103 0.428675
0 0.726927 0.282121 0.0968565 0.0744012
0 0.382194 0.0684498 0.120153 0.0914189
0 0.546025 0.115438 0.0890743 0.0738033
0 0.57552 0.231033 0.105363 0.146058
0 0.759079 0.428763 0.178811 0.162201
0 0.456822 0.385308 0.335231 0.35986
0 0.732412 0.765669 0.348744 0.27694
0 0.941026 0.561973 0.117949 0.207991
0 0.652279 0.322491 0.0877743 0.0777208
0 0.723809 0.280208 0.0929159 0.0746601
0 0.772035 0.826119 0.0627079 0.051927
0 0.757857 0.788545 0.36227 0.3649
0 0.0292909 0.141789 0.0585818 0.117834
0 0.168536 0.234577 0.146375 0.185444
0 0.0275831 0.293669 0.0537185 0.130739
0 0.576937 0.235437 0.145647 0.160232
