0 0.583079 0.748632 0.130355 0.270299
0 0.107495 0.137267 0.214989 0.274533
0 0.653473 0.583782 0.131185 0.21494
0 0.893077 0.323606 0.128519 0.102147
0 0.865327 0.825754 0.108582 0.256393
0 0.328769 0.417011 0.0526354 0.151704
0 0.775633 0.419492 0.0805731 0.100636
0 0.277357 0.0418006 0.0827668 0.0836013
0 0.583079 0.748632 0.130355 0.270299
0 0.107495 0.137267 0.214989 0.274533
0 0.653473 0.583782 0.131185 0.21494
0 0.893077 0.323606 0.128519 0.102147
0 0.865327 0.825754 0.108582 0.256393
0 0.328769 0.417011 0.0526354 0.151704
0 0.775633 0.419492 0.0805731 0.100636
0 0.277357 0.0418006 0.0827668 0.0836013
0 0.656301 0.584428 0.13139 0.202493
0 0.8937 0.328765 0.120899 0.103197
0 0.588464 0.748159 0.141553 0.264803
0 0.865084 0.82581 0.107713 0.242977
0 0.10746 0.143016 0.21492 0.286032
0 0.77733 0.421425 0.0845304 0.100122
0 0.329033 0.418418 0.0584083 0.139114
0 0.581757 0.456378 0.0906227 0.0700612
0 0.599245 0.395295 0.144638 0.130175
0 0.383143 0.173262 0.0679243 0.0911063
