0 0.397504 0.306294 0.147751 0.14128
0 0.607991 0.733755 0.217112 0.344001
0 0.398339 0.722315 0.2201 0.399178
0 0.718607 0.535992 0.160361 0.261802
0 0.624617 0.907046 0.124944 0.185033
0 0.624689 0.282858 0.147183 0.166951
0 0.881944 0.933054 0.178626 0.133891
0 0.545684 0.133155 0.130466 0.115827
0 0.0367649 0.344425 0.0735299 0.245219
0 0.23677 0.50951 0.0621918 0.229378
0 0.375649 0.176853 0.102239 0.171863
0 0.785864 0.394817 0.0548347 0.13384
0 0.253671 0.395548 0.0413553 0.141884
0 0.0726821 0.299971 0.113698 0.144707
0 0.397504 0.306294 0.147751 0.14128
0 0.607991 0.733755 0.217112 0.344001
0 0.398339 0.722315 0.2201 0.399178
0 0.718607 0.535992 0.160361 0.261802
0 0.624617 0.907046 0.124944 0.185033
0 0.624689 0.282858 0.147183 0.166951
0 0.881944 0.933054 0.178626 0.133891
0 0.545684 0.133155 0.130466 0.115827
0 0.0367649 0.344425 0.0735299 0.245219
0 0.23677 0.50951 0.0621918 0.229378
0 0.375649 0.176853 0.102239 0.171863
0 0.785864 0.394817 0.0548347 0.13384
0 0.253671 0.395548 0.0413553 0.141884
0 0.0726821 0.299971 0.113698 0.144707
0 0.726023 0.546012 0.151501 0.253622
0 0.388812 0.310217 0.134577 0.133615
0 0.617866 0.283379 0.160324 0.156448
0 0.0757922 0.166059 0.0976574 0.0864827
0 0.892861 0.935765 0.196894 0.12847
0 0.082457 0.294183 0.097566 0.126837
0 0.613723 0.74605 0.219673 0.381825
0 0.618707 0.912702 0.120466 0.174454
0 0.405366 0.71547 0.212349 0.353855
0 0.283894 0.582116 0.0750065 0.185063
0 0.231257 0.502908 0.0550581 0.20275
0 0.514663 0.427351 0.0423415 0.123992
0 0.542994 0.132343 0.121141 0.101527
0 0.255082 0.291783 0.0325862 0.103813
0 0.691774 0.178046 0.093107 0.105064
0 0.305975 0.292208 0.0421438 0.104943
0 0.0335489 0.334997 0.0635763 0.212929
