0 0.838908 0.493942 0.18964 0.200843
0 0.383384 0.244819 0.193406 0.199442
0 0.268473 0.823819 0.308019 0.347289
0 0.217332 0.307166 0.161981 0.272735
0 0.240519 0.0636683 0.104173 0.104549
0 0.945069 0.798178 0.109862 0.273081
0 0.935931 0.470587 0.126534 0.169996
0 0.26301 0.624926 0.117938 0.101403
0 0.721749 0.0699827 0.126393 0.106298
0 0.419673 0.549477 0.180363 0.255958
0 0.0410075 0.799834 0.0817677 0.245166
0 0.29561 0.447166 0.0556166 0.0766781
0 0.486279 0.647875 0.100694 0.134799
0 0.355079 0.419568 0.0631353 0.0958857
0 0.953193 0.480874 0.0832592 0.183386
0 0.838908 0.493942 0.18964 0.200843
0 0.383384 0.244819 0.193406 0.199442
0 0.268473 0.823819 0.308019 0.347289
0 0.217332 0.307166 0.161981 0.272735
0 0.240519 0.0636683 0.104173 0.104549
0 0.945069 0.798178 0.109862 0.273081
0 0.935931 0.470587 0.126534 0.169996
0 0.26301 0.624926 0.117938 0.101403
0 0.721749 0.0699827 0.126393 0.106298
0 0.419673 0.549477 0.180363 0.255958
0 0.0410075 0.799834 0.0817677 0.245166
0 0.29561 0.447166 0.0556166 0.0766781
0 0.486279 0.647875 0.100694 0.134799
0 0.355079 0.419568 0.0631353 0.0958857
0 0.953193 0.480874 0.0832592 0.183386
0 0.374228 0.255665 0.181843 0.212071
0 0.858167 0.500513 0.229191 0.233589
0 0.217562 0.321903 0.135611 0.276235
0 0.268144 0.845665 0.277888 0.258073
0 0.56363 0.422743 0.266869 0.412746
0 0.300376 0.868243 0.181892 0.263515
0 0.0463679 0.790989 0.0905979 0.277256
0 0.730196 0.0756794 0.10177 0.067568
0 0.432324 0.570947 0.191663 0.345391
0 0.816631 0.151225 0.0881683 0.104239
0 0.959242 0.221659 0.0804293 0.131984
