0 0.327075 0.87231 0.262299 0.25538
0 0.144822 0.873841 0.189042 0.194674
0 0.262223 0.477332 0.142851 0.103082
0 0.748518 0.895056 0.23317 0.209887
0 0.846907 0.311726 0.141828 0.109902
0 0.527784 0.781211 0.103475 0.198662
0 0.0840883 0.689299 0.139234 0.154925
0 0.327075 0.87231 0.262299 0.25538
0 0.144822 0.873841 0.189042 0.194674
0 0.262223 0.477332 0.142851 0.103082
0 0.748518 0.895056 0.23317 0.209887
0 0.846907 0.311726 0.141828 0.109902
0 0.527784 0.781211 0.103475 0.198662
0 0.0840883 0.689299 0.139234 0.154925
0 0.262877 0.473584 0.142747 0.100269
0 0.850932 0.311285 0.126963 0.098462
0 0.147984 0.86193 0.197418 0.204458
0 0.338216 0.877995 0.313698 0.240103
0 0.322399 0.375216 0.07379 0.0602906
0 0.0790221 0.692846 0.138241 0.15641
0 0.654534 0.519446 0.0939024 0.113416
0 0.820407 0.544737 0.0820986 0.0695354
0 0.527838 0.802551 0.0946234 0.219713
0 0.213532 0.338258 0.122693 0.106743
0 0.025243 0.611548 0.0504861 0.136239
0 0.752839 0.811846 0.236646 0.376307
