0 0.336416 0.456451 0.141391 0.11666
0 0.0872396 0.847914 0.16873 0.224459
0 0.462414 0.63729 0.124437 0.125294
0 0.442342 0.807622 0.189426 0.157963
0 0.857731 0.732267 0.0860924 0.138547
0 0.831758 0.618324 0.0732658 0.106968
0 0.962393 0.743565 0.0505623 0.161001
0 0.086077 0.976117 0.164449 0.0477652
0 0.566732 0.810609 0.0805657 0.10548
0 0.672494 0.790782 0.100706 0.136212
0 0.967926 0.535316 0.0566565 0.120776
0 0.336416 0.456451 0.141391 0.11666
0 0.0872396 0.847914 0.16873 0.224459
0 0.462414 0.63729 0.124437 0.125294
0 0.442342 0.807622 0.189426 0.157963
0 0.857731 0.732267 0.0860924 0.138547
0 0.831758 0.618324 0.0732658 0.106968
0 0.962393 0.743565 0.0505623 0.161001
0 0.086077 0.976117 0.164449 0.0477652
0 0.566732 0.810609 0.0805657 0.10548
0 0.672494 0.790782 0.100706 0.136212
0 0.967926 0.535316 0.0566565 0.120776
0 0.34185 0.463399 0.153728 0.13253
0 0.442897 0.805297 0.197345 0.165222
0 0.0830347 0.847806 0.166069 0.207098
0 0.859707 0.732433 0.0809982 0.130849
0 0.965007 0.740915 0.0699862 0.143251
0 0.449025 0.621524 0.109354 0.103798
0 0.217992 0.135159 0.116387 0.0653564
0 0.242205 0.259322 0.0850864 0.0892293
0 0.522013 0.450546 0.0880089 0.10951
