0 0.13977 0.14207 0.200719 0.18954
0 0.945037 0.430687 0.109762 0.188975
0 0.811638 0.605709 0.0740524 0.223019
0 0.933613 0.608586 0.132773 0.153476
0 0.903349 0.793593 0.183047 0.25146
0 0.614049 0.325611 0.0777179 0.172835
0 0.722655 0.110834 0.119245 0.134101
0 0.968664 0.274611 0.0533352 0.122912
0 0.819004 0.0681427 0.0705528 0.124643
0 0.697947 0.403353 0.0973916 0.101824
0 0.691546 0.245446 0.0514148 0.155284
0 0.1408 0.138803 0.173551 0.148798
0 0.13977 0.14207 0.200719 0.18954
0 0.945037 0.430687 0.109762 0.188975
0 0.811638 0.605709 0.0740524 0.223019
0 0.933613 0.608586 0.132773 0.153476
0 0.903349 0.793593 0.183047 0.25146
0 0.614049 0.325611 0.0777179 0.172835
0 0.722655 0.110834 0.119245 0.134101
0 0.968664 0.274611 0.0533352 0.122912
0 0.819004 0.0681427 0.0705528 0.124643
0 0.697947 0.403353 0.0973916 0.101824
0 0.691546 0.245446 0.0514148 0.155284
0 0.1408 0.138803 0.173551 0.148798
0 0.140735 0.149957 0.190654 0.186976
0 0.729213 0.109955 0.129255 0.139399
0 0.816389 0.600967 0.0682171 0.221458
0 0.945053 0.431309 0.105013 0.171945
0 0.653843 0.118639 0.0588455 0.0668026
0 0.360089 0.702147 0.0580066 0.116809
0 0.889274 0.771303 0.121868 0.192058
