0 0.507677 0.0719858 0.160418 0.143972
0 0.643841 0.87515 0.237544 0.2497
0 0.390073 0.276702 0.218546 0.187622
0 0.705125 0.251783 0.122484 0.103234
0 0.418074 0.489133 0.109602 0.187115
0 0.26297 0.314954 0.128638 0.140616
0 0.127257 0.280027 0.158835 0.106971
0 0.922314 0.399273 0.113248 0.14356
0 0.0635876 0.883544 0.125035 0.213865
0 0.0526875 0.206226 0.105375 0.123393
0 0.957094 0.317422 0.0858129 0.1396
0 0.752567 0.0482712 0.135963 0.0965423
0 0.45115 0.755134 0.0835777 0.187889
0 0.507677 0.0719858 0.160418 0.143972
0 0.643841 0.87515 0.237544 0.2497
0 0.390073 0.276702 0.218546 0.187622
0 0.705125 0.251783 0.122484 0.103234
0 0.418074 0.489133 0.109602 0.187115
0 0.26297 0.314954 0.128638 0.140616
0 0.127257 0.280027 0.158835 0.106971
0 0.922314 0.399273 0.113248 0.14356
0 0.0635876 0.883544 0.125035 0.213865
0 0.0526875 0.206226 0.105375 0.123393
0 0.957094 0.317422 0.0858129 0.1396
0 0.752567 0.0482712 0.135963 0.0965423
0 0.45115 0.755134 0.0835777 0.187889
0 0.420253 0.49313 0.106891 0.163056
0 0.511895 0.0839395 0.170455 0.167879
0 0.703515 0.254132 0.145525 0.114331
0 0.118333 0.287703 0.138713 0.0959889
0 0.747688 0.0378044 0.143009 0.072116
0 0.251989 0.323995 0.138483 0.156116
0 0.654725 0.876311 0.225702 0.247377
0 0.170031 0.231426 0.0967299 0.07313
0 0.0550331 0.464538 0.110066 0.154043
0 0.0549339 0.489548 0.107358 0.215464
0 0.925432 0.399687 0.123266 0.137525
0 0.0461562 0.541454 0.0908415 0.281037
0 0.169982 0.513843 0.0710917 0.104727
0 0.383967 0.316625 0.222373 0.286691
