0 0.260063 0.727166 0.209486 0.259284
0 0.270411 0.394225 0.116977 0.239642
0 0.137723 0.307827 0.132463 0.222763
0 0.608555 0.656366 0.127788 0.127374
0 0.671631 0.0795005 0.155823 0.139675
0 0.599 0.348364 0.105275 0.275222
0 0.82111 0.524264 0.146401 0.173903
0 0.901543 0.687007 0.116166 0.190791
0 0.386046 0.519133 0.113893 0.12002
0 0.398531 0.633636 0.102807 0.126891
0 0.35548 0.336569 0.0563092 0.152402
0 0.941804 0.329292 0.115866 0.141486
0 0.696419 0.745885 0.0768174 0.166937
0 0.822214 0.394675 0.103756 0.111973
0 0.972153 0.534575 0.0527237 0.144919
0 0.90826 0.516065 0.0652256 0.0956122
0 0.463064 0.292605 0.0856287 0.174968
0 0.487619 0.395728 0.0395241 0.105864
0 0.495207 0.310122 0.0668355 0.151507
0 0.890957 0.18372 0.115982 0.105305
0 0.260063 0.727166 0.209486 0.259284
0 0.270411 0.394225 0.116977 0.239642
0 0.137723 0.307827 0.132463 0.222763
0 0.608555 0.656366 0.127788 0.127374
0 0.671631 0.0795005 0.155823 0.139675
0 0.599 0.348364 0.105275 0.275222
0 0.82111 0.524264 0.146401 0.173903
0 0.901543 0.687007 0.116166 0.190791
0 0.386046 0.519133 0.113893 0.12002
0 0.398531 0.633636 0.102807 0.126891
0 0.35548 0.336569 0.0563092 0.152402
0 0.941804 0.329292 0.115866 0.141486
0 0.696419 0.745885 0.0768174 0.166937
0 0.822214 0.394675 0.103756 0.111973
0 0.972153 0.534575 0.0527237 0.144919
0 0.90826 0.516065 0.0652256 0.0956122
0 0.463064 0.292605 0.0856287 0.174968
0 0.487619 0.395728 0.0395241 0.105864
0 0.495207 0.310122 0.0668355 0.151507
0 0.890957 0.18372 0.115982 0.105305
0 0.606694 0.661898 0.123242 0.131971
0 0.146043 0.312503 0.137228 0.208871
0 0.666343 0.0805636 0.16881 0.150882
0 0.254844 0.732802 0.202308 0.27238
0 0.825447 0.531455 0.131347 0.157494
0 0.275709 0.39494 0.117502 0.263182
0 0.906783 0.688003 0.122766 0.191843
0 0.591303 0.363675 0.108039 0.235389
0 0.395338 0.516891 0.104386 0.141469
0 0.936002 0.320132 0.123424 0.156574
0 0.40165 0.651509 0.0876726 0.115371
0 0.69603 0.744375 0.07026 0.180753
0 0.354541 0.336016 0.0576664 0.131906
0 0.912102 0.519254 0.0667717 0.0755247
0 0.0816791 0.0678262 0.113954 0.0737112
0 0.601229 0.908873 0.309427 0.182254
0 0.778613 0.409778 0.181503 0.158747
0 0.855669 0.390298 0.159716 0.130494
0 0.463514 0.297732 0.0796379 0.269682
0 0.825202 0.402851 0.0894863 0.101059
0 0.827398 0.393914 0.108821 0.11372
