0 0.499638 0.799319 0.218675 0.357025
0 0.535973 0.725836 0.158053 0.23268
0 0.235379 0.574666 0.137551 0.147589
0 0.669135 0.851501 0.139332 0.220556
0 0.581308 0.637023 0.120461 0.212359
0 0.174483 0.696432 0.2685 0.186888
0 0.296882 0.359453 0.125805 0.124887
0 0.659352 0.639789 0.103072 0.205881
0 0.525902 0.745924 0.172846 0.366496
0 0.915563 0.391196 0.0592903 0.163786
0 0.11547 0.221114 0.131344 0.0923591
0 0.775218 0.427999 0.105051 0.116936
0 0.278581 0.197009 0.0852772 0.0809119
0 0.732314 0.674906 0.106291 0.188314
0 0.708062 0.353893 0.088615 0.0623678
0 0.330045 0.528713 0.0822665 0.166936
0 0.834571 0.698031 0.0805901 0.15648
0 0.678366 0.240228 0.100862 0.124137
0 0.141127 0.315623 0.0961908 0.0962666
0 0.947605 0.629073 0.102774 0.297957
0 0.499638 0.799319 0.218675 0.357025
0 0.535973 0.725836 0.158053 0.23268
0 0.235379 0.574666 0.137551 0.147589
0 0.669135 0.851501 0.139332 0.220556
0 0.581308 0.637023 0.120461 0.212359
0 0.174483 0.696432 0.2685 0.186888
0 0.296882 0.359453 0.125805 0.124887
0 0.659352 0.639789 0.103072 0.205881
0 0.525902 0.745924 0.172846 0.366496
0 0.915563 0.391196 0.0592903 0.163786
0 0.11547 0.221114 0.131344 0.0923591
0 0.775218 0.427999 0.105051 0.116936
0 0.278581 0.197009 0.0852772 0.0809119
0 0.732314 0.674906 0.106291 0.188314
0 0.708062 0.353893 0.088615 0.0623678
0 0.330045 0.528713 0.0822665 0.166936
0 0.834571 0.698031 0.0805901 0.15648
0 0.678366 0.240228 0.100862 0.124137
0 0.141127 0.315623 0.0961908 0.0962666
0 0.947605 0.629073 0.102774 0.297957
0 0.682811 0.854529 0.168386 0.225951
0 0.576685 0.635725 0.128526 0.199108
0 0.538374 0.726207 0.164835 0.228526
0 0.286879 0.367577 0.173094 0.156256
0 0.767736 0.42564 0.103154 0.127081
0 0.495743 0.820366 0.216457 0.279814
0 0.214889 0.582436 0.15345 0.211336
0 0.727456 0.679342 0.105017 0.185969
0 0.706762 0.350541 0.0849793 0.0614875
0 0.109044 0.223034 0.115866 0.0837787
0 0.644319 0.616143 0.0593141 0.129567
0 0.190796 0.695193 0.201371 0.157114
0 0.134643 0.313335 0.0959661 0.0893767
0 0.460425 0.319212 0.0763434 0.0970374
0 0.346451 0.48432 0.0977426 0.113061
0 0.4079 0.479925 0.0481943 0.119987
