0 0.902568 0.915847 0.192412 0.151442
0 0.412742 0.446209 0.165632 0.138574
0 0.933136 0.77447 0.133729 0.161758
0 0.282004 0.10439 0.142757 0.107241
0 0.134615 0.342349 0.107515 0.27053
0 0.433494 0.714767 0.379592 0.411699
0 0.583717 0.267463 0.123782 0.0962754
0 0.4801 0.751208 0.406171 0.428643
0 0.857125 0.126575 0.173609 0.155767
0 0.394258 0.679936 0.366299 0.42194
0 0.857752 0.510508 0.10503 0.162194
0 0.119459 0.650459 0.208728 0.157721
0 0.528567 0.789917 0.457383 0.420165
0 0.462169 0.763504 0.551224 0.470268
0 0.902568 0.915847 0.192412 0.151442
0 0.412742 0.446209 0.165632 0.138574
0 0.933136 0.77447 0.133729 0.161758
0 0.282004 0.10439 0.142757 0.107241
0 0.134615 0.342349 0.107515 0.27053
0 0.433494 0.714767 0.379592 0.411699
0 0.583717 0.267463 0.123782 0.0962754
0 0.4801 0.751208 0.406171 0.428643
0 0.857125 0.126575 0.173609 0.155767
0 0.394258 0.679936 0.366299 0.42194
0 0.857752 0.510508 0.10503 0.162194
0 0.119459 0.650459 0.208728 0.157721
0 0.528567 0.789917 0.457383 0.420165
0 0.462169 0.763504 0.551224 0.470268
0 0.117549 0.638193 0.179533 0.138923
0 0.278889 0.111863 0.143952 0.116662
0 0.900256 0.922116 0.199487 0.155769
0 0.405281 0.44597 0.165299 0.148779
0 0.926552 0.76854 0.13689 0.153234
0 0.0468879 0.776734 0.0937757 0.148153
0 0.437126 0.749724 0.453572 0.45732
0 0.133272 0.329973 0.110007 0.258665
0 0.347558 0.682617 0.419638 0.448519
0 0.161934 0.858319 0.323868 0.283362
0 0.486577 0.782372 0.458701 0.435256
0 0.878258 0.132919 0.219572 0.19044
0 0.850778 0.520617 0.122123 0.21369
0 0.577791 0.276973 0.0931826 0.098157
