0 0.873679 0.406326 0.229722 0.290882
0 0.894237 0.22445 0.192608 0.208926
0 0.77356 0.522281 0.109163 0.105301
0 0.674253 0.236447 0.12827 0.162503
0 0.914174 0.684561 0.0767525 0.188965
0 0.912225 0.241182 0.156805 0.18741
0 0.545793 0.0955798 0.0971482 0.129028
0 0.758616 0.180159 0.0706228 0.0788349
0 0.873679 0.406326 0.229722 0.290882
0 0.894237 0.22445 0.192608 0.208926
0 0.77356 0.522281 0.109163 0.105301
0 0.674253 0.236447 0.12827 0.162503
0 0.914174 0.684561 0.0767525 0.188965
0 0.912225 0.241182 0.156805 0.18741
0 0.545793 0.0955798 0.0971482 0.129028
0 0.758616 0.180159 0.0706228 0.0788349
0 0.880929 0.405499 0.219595 0.291763
0 0.904623 0.226853 0.168627 0.219068
0 0.541443 0.0955482 0.0897176 0.11656
0 0.779856 0.523217 0.104689 0.0975468
0 0.674848 0.239244 0.124988 0.153639
0 0.220386 0.91687 0.134287 0.165937
0 0.28643 0.865784 0.0892499 0.145913
0 0.110866 0.926547 0.196419 0.146905
0 0.470404 0.0646941 0.0748619 0.104017
