0 0.213018 0.098574 0.144391 0.129204
0 0.419805 0.571498 0.084275 0.261508
0 0.0502816 0.471162 0.0992225 0.305632
0 0.929066 0.274988 0.123848 0.102105
0 0.446291 0.295117 0.0918037 0.125899
0 0.652631 0.183052 0.167083 0.114921
0 0.546329 0.45318 0.0978151 0.215343
0 0.59976 0.0836052 0.153453 0.12976
0 0.156407 0.363798 0.095149 0.11816
0 0.362753 0.20492 0.106574 0.182065
0 0.876487 0.930793 0.142124 0.131882
0 0.944584 0.876898 0.110831 0.120658
0 0.0467113 0.518401 0.0909497 0.263553
0 0.0746074 0.143217 0.101156 0.114144
0 0.483158 0.915366 0.122226 0.169267
0 0.369729 0.233624 0.105311 0.238753
0 0.418711 0.575757 0.0664569 0.219818
0 0.213018 0.098574 0.144391 0.129204
0 0.419805 0.571498 0.084275 0.261508
0 0.0502816 0.471162 0.0992225 0.305632
0 0.929066 0.274988 0.123848 0.102105
0 0.446291 0.295117 0.0918037 0.125899
0 0.652631 0.183052 0.167083 0.114921
0 0.546329 0.45318 0.0978151 0.215343
0 0.59976 0.0836052 0.153453 0.12976
0 0.156407 0.363798 0.095149 0.11816
0 0.362753 0.20492 0.106574 0.182065
0 0.876487 0.930793 0.142124 0.131882
0 0.944584 0.876898 0.110831 0.120658
0 0.0467113 0.518401 0.0909497 0.263553
0 0.0746074 0.143217 0.101156 0.114144
0 0.483158 0.915366 0.122226 0.169267
0 0.369729 0.233624 0.105311 0.238753
0 0.418711 0.575757 0.0664569 0.219818
0 0.210721 0.103041 0.144394 0.137617
0 0.654207 0.186794 0.173897 0.133357
0 0.445005 0.292948 0.0948175 0.128335
0 0.594566 0.0804103 0.140286 0.111453
0 0.482785 0.909104 0.160389 0.181791
0 0.367311 0.204393 0.121099 0.179942
0 0.562077 0.452571 0.0818687 0.220349
0 0.0463795 0.496905 0.0905075 0.277931
0 0.851227 0.237149 0.098558 0.119712
0 0.427585 0.553607 0.0919859 0.248852
0 0.0758027 0.138221 0.100437 0.131893
0 0.154351 0.3647 0.0868789 0.135123
0 0.888777 0.68348 0.0701818 0.0576693
0 0.0427183 0.695406 0.0836829 0.250978
0 0.727889 0.0392272 0.111663 0.0784544
0 0.490212 0.125463 0.0914422 0.125532
