0 0.390605 0.796212 0.0594255 0.163691
0 0.722369 0.679331 0.093675 0.0917323
0 0.927 0.882517 0.143439 0.194225
0 0.780375 0.888773 0.140693 0.191761
0 0.667558 0.53325 0.139766 0.151594
0 0.561933 0.671824 0.115276 0.129527
0 0.619477 0.873111 0.0941887 0.18036
0 0.51228 0.857634 0.0538553 0.147878
0 0.158794 0.401371 0.101839 0.0784938
0 0.78161 0.576998 0.104185 0.0946987
0 0.231637 0.475615 0.137832 0.1731
0 0.234077 0.646979 0.096747 0.13865
0 0.585899 0.551989 0.126814 0.160647
0 0.564091 0.341187 0.104347 0.0822205
0 0.507012 0.492942 0.0528587 0.106651
0 0.43358 0.436609 0.0683191 0.112377
0 0.392857 0.639937 0.0439563 0.172397
0 0.385185 0.628157 0.0425477 0.155247
0 0.304999 0.509919 0.0853275 0.0797178
0 0.0424189 0.570968 0.0848378 0.18236
0 0.450264 0.562033 0.0915598 0.12468
0 0.436884 0.567201 0.0701681 0.119134
0 0.762192 0.768438 0.0910187 0.11449
0 0.487885 0.543878 0.0647093 0.154559
0 0.390605 0.796212 0.0594255 0.163691
0 0.722369 0.679331 0.093675 0.0917323
0 0.927 0.882517 0.143439 0.194225
0 0.780375 0.888773 0.140693 0.191761
0 0.667558 0.53325 0.139766 0.151594
0 0.561933 0.671824 0.115276 0.129527
0 0.619477 0.873111 0.0941887 0.18036
0 0.51228 0.857634 0.0538553 0.147878
0 0.158794 0.401371 0.101839 0.0784938
0 0.78161 0.576998 0.104185 0.0946987
0 0.231637 0.475615 0.137832 0.1731
0 0.234077 0.646979 0.096747 0.13865
0 0.585899 0.551989 0.126814 0.160647
0 0.564091 0.341187 0.104347 0.0822205
0 0.507012 0.492942 0.0528587 0.106651
0 0.43358 0.436609 0.0683191 0.112377
0 0.392857 0.639937 0.0439563 0.172397
0 0.385185 0.628157 0.0425477 0.155247
0 0.304999 0.509919 0.0853275 0.0797178
0 0.0424189 0.570968 0.0848378 0.18236
0 0.450264 0.562033 0.0915598 0.12468
0 0.436884 0.567201 0.0701681 0.119134
0 0.762192 0.768438 0.0910187 0.11449
0 0.487885 0.543878 0.0647093 0.154559
0 0.558971 0.669723 0.127272 0.12078
0 0.660619 0.534916 0.140973 0.140414
0 0.223351 0.478124 0.133382 0.183476
0 0.915278 0.869242 0.169444 0.246711
0 0.623386 0.873058 0.0876761 0.192806
0 0.721241 0.684587 0.104605 0.0818805
0 0.143169 0.473694 0.0955349 0.0848871
0 0.230479 0.645608 0.0863206 0.137267
0 0.781872 0.870887 0.147685 0.22612
0 0.0397422 0.562804 0.0794845 0.145458
0 0.756561 0.776091 0.136544 0.138166
0 0.392105 0.799439 0.0614605 0.151444
0 0.518795 0.863113 0.0539156 0.155726
0 0.157279 0.411809 0.100227 0.0799351
0 0.586568 0.563122 0.122646 0.189579
0 0.704475 0.444481 0.100382 0.132632
0 0.426378 0.43517 0.054206 0.118165
0 0.328179 0.200316 0.0750829 0.0580869
0 0.512513 0.486765 0.0453667 0.07089
