0 0.369867 0.16608 0.157607 0.111384
0 0.913246 0.54342 0.0658852 0.181566
0 0.225879 0.342225 0.0903873 0.0737325
0 0.800642 0.36066 0.0482742 0.100456
0 0.369867 0.16608 0.157607 0.111384
0 0.913246 0.54342 0.0658852 0.181566
0 0.225879 0.342225 0.0903873 0.0737325
0 0.800642 0.36066 0.0482742 0.100456
0 0.35752 0.166266 0.141253 0.0951188
0 0.23029 0.345704 0.0965122 0.0653126
0 0.91651 0.542963 0.0823402 0.171487
0 0.0306484 0.18635 0.0612968 0.069648
0 0.762699 0.176595 0.0664135 0.0538628
