0 0.863165 0.672838 0.138442 0.130114
0 0.611976 0.593612 0.168328 0.129068
0 0.908092 0.334557 0.132939 0.119773
0 0.0589273 0.412073 0.113509 0.263462
0 0.373049 0.895583 0.165096 0.208834
0 0.517419 0.305045 0.0994589 0.120901
0 0.968482 0.664994 0.0545743 0.145107
0 0.339896 0.344286 0.0601103 0.118377
0 0.929083 0.838595 0.101519 0.114416
0 0.933204 0.516351 0.116617 0.146525
0 0.0488993 0.886035 0.0977985 0.138713
0 0.863165 0.672838 0.138442 0.130114
0 0.611976 0.593612 0.168328 0.129068
0 0.908092 0.334557 0.132939 0.119773
0 0.0589273 0.412073 0.113509 0.263462
0 0.373049 0.895583 0.165096 0.208834
0 0.517419 0.305045 0.0994589 0.120901
0 0.968482 0.664994 0.0545743 0.145107
0 0.339896 0.344286 0.0601103 0.118377
0 0.929083 0.838595 0.101519 0.114416
0 0.933204 0.516351 0.116617 0.146525
0 0.0488993 0.886035 0.0977985 0.138713
0 0.904836 0.338991 0.149642 0.119927
0 0.608082 0.599797 0.168788 0.132227
0 0.859577 0.673586 0.142044 0.114131
0 0.375056 0.891697 0.145886 0.216607
0 0.056762 0.174191 0.110175 0.122954
0 0.92603 0.512972 0.118967 0.168605
0 0.512617 0.313005 0.100613 0.120496
0 0.0572677 0.423733 0.114535 0.253984
0 0.93023 0.831833 0.103726 0.117616
0 0.972211 0.661981 0.0490395 0.139253
0 0.340441 0.346927 0.0573669 0.127876
0 0.257041 0.248355 0.0913005 0.0786662
0 0.86193 0.245428 0.0936085 0.0625311
