0 0.51982 0.353072 0.164126 0.192337
0 0.616591 0.429826 0.109604 0.108733
0 0.263446 0.0945659 0.128088 0.0977404
0 0.852136 0.729916 0.118863 0.283219
0 0.634719 0.33079 0.0601827 0.158877
0 0.894769 0.631588 0.149041 0.218535
0 0.907301 0.874839 0.120708 0.250322
0 0.822791 0.405751 0.1012 0.0724582
0 0.389209 0.876294 0.140758 0.165378
0 0.310868 0.731976 0.0946435 0.118763
0 0.51982 0.353072 0.164126 0.192337
0 0.616591 0.429826 0.109604 0.108733
0 0.263446 0.0945659 0.128088 0.0977404
0 0.852136 0.729916 0.118863 0.283219
0 0.634719 0.33079 0.0601827 0.158877
0 0.894769 0.631588 0.149041 0.218535
0 0.907301 0.874839 0.120708 0.250322
0 0.822791 0.405751 0.1012 0.0724582
0 0.389209 0.876294 0.140758 0.165378
0 0.310868 0.731976 0.0946435 0.118763
0 0.52066 0.345304 0.152405 0.177214
0 0.82125 0.41015 0.0993409 0.0683651
0 0.895918 0.627828 0.157016 0.210369
0 0.617374 0.437305 0.118807 0.0845418
0 0.253594 0.0950665 0.0979616 0.0783542
0 0.7861 0.291654 0.110515 0.0979767
0 0.068013 0.697261 0.0625276 0.101181
