0 0.351583 0.1387 0.189157 0.202767
0 0.446271 0.384703 0.0670132 0.10918
0 0.937061 0.895221 0.125879 0.208815
0 0.785679 0.5979 0.0846705 0.212083
0 0.711315 0.174469 0.112224 0.0951665
0 0.174326 0.162324 0.0690015 0.131867
0 0.351583 0.1387 0.189157 0.202767
0 0.446271 0.384703 0.0670132 0.10918
0 0.937061 0.895221 0.125879 0.208815
0 0.785679 0.5979 0.0846705 0.212083
0 0.711315 0.174469 0.112224 0.0951665
0 0.174326 0.162324 0.0690015 0.131867
0 0.356359 0.142375 0.19579 0.212691
0 0.939804 0.891043 0.119703 0.182376
0 0.914839 0.33607 0.108521 0.0739926
0 0.443131 0.363602 0.0506721 0.127075
0 0.787269 0.596814 0.0731751 0.197325
0 0.870855 0.0416007 0.0772562 0.0631935
0 0.3416 0.778003 0.0364199 0.0496097
0 0.602907 0.288016 0.0985394 0.0855482
