0 0.136324 0.135683 0.217689 0.176891
0 0.904161 0.807833 0.187132 0.219806
0 0.806959 0.592196 0.06054 0.215666
0 0.542556 0.113002 0.27201 0.226005
0 0.943971 0.424776 0.110492 0.19382
0 0.623393 0.0550534 0.135466 0.105147
0 0.678343 0.56406 0.0771587 0.101675
0 0.48406 0.0440001 0.132624 0.0880002
0 0.685194 0.215671 0.0477878 0.129196
0 0.765208 0.101158 0.134651 0.119759
0 0.161336 0.648607 0.0875768 0.203193
0 0.136324 0.135683 0.217689 0.176891
0 0.904161 0.807833 0.187132 0.219806
0 0.806959 0.592196 0.06054 0.215666
0 0.542556 0.113002 0.27201 0.226005
0 0.943971 0.424776 0.110492 0.19382
0 0.623393 0.0550534 0.135466 0.105147
0 0.678343 0.56406 0.0771587 0.101675
0 0.48406 0.0440001 0.132624 0.0880002
0 0.685194 0.215671 0.0477878 0.129196
0 0.765208 0.101158 0.134651 0.119759
0 0.161336 0.648607 0.0875768 0.203193
0 0.133713 0.134944 0.189784 0.179613
0 0.749433 0.114206 0.135051 0.137284
0 0.811331 0.592871 0.0586182 0.219245
0 0.644239 0.125779 0.0719074 0.060561
0 0.901235 0.799573 0.184132 0.187425
0 0.316783 0.52877 0.069592 0.136234
