0 0.706451 0.578897 0.183842 0.262222
0 0.799662 0.470206 0.134044 0.151598
0 0.169652 0.483295 0.185697 0.188286
0 0.481247 0.42251 0.220026 0.235578
0 0.506954 0.767015 0.391564 0.354203
0 0.890491 0.37442 0.12559 0.108915
0 0.151149 0.663555 0.162316 0.163813
0 0.821795 0.582323 0.114046 0.140184
0 0.925575 0.930625 0.122104 0.138751
0 0.95784 0.758197 0.0769836 0.202189
0 0.602077 0.513136 0.0428991 0.136691
0 0.123347 0.445429 0.100325 0.166732
0 0.593063 0.828554 0.367014 0.342891
0 0.554152 0.79298 0.447244 0.41404
0 0.746521 0.207953 0.10286 0.0917302
0 0.59909 0.86219 0.300934 0.267922
0 0.0227065 0.45527 0.0399205 0.118634
0 0.904747 0.578825 0.0496918 0.0932356
0 0.706451 0.578897 0.183842 0.262222
0 0.799662 0.470206 0.134044 0.151598
0 0.169652 0.483295 0.185697 0.188286
0 0.481247 0.42251 0.220026 0.235578
0 0.506954 0.767015 0.391564 0.354203
0 0.890491 0.37442 0.12559 0.108915
0 0.151149 0.663555 0.162316 0.163813
0 0.821795 0.582323 0.114046 0.140184
0 0.925575 0.930625 0.122104 0.138751
0 0.95784 0.758197 0.0769836 0.202189
0 0.602077 0.513136 0.0428991 0.136691
0 0.123347 0.445429 0.100325 0.166732
0 0.593063 0.828554 0.367014 0.342891
0 0.554152 0.79298 0.447244 0.41404
0 0.746521 0.207953 0.10286 0.0917302
0 0.59909 0.86219 0.300934 0.267922
0 0.0227065 0.45527 0.0399205 0.118634
0 0.904747 0.578825 0.0496918 0.0932356
0 0.16486 0.496089 0.179801 0.19372
0 0.710826 0.596603 0.19614 0.277305
0 0.156218 0.664022 0.146679 0.171797
0 0.817353 0.580666 0.12124 0.132036
0 0.799677 0.472336 0.152753 0.156705
0 0.477891 0.42595 0.215893 0.252432
0 0.122153 0.447025 0.0909923 0.176889
0 0.889375 0.379017 0.131428 0.130077
0 0.747426 0.209472 0.110209 0.0991688
0 0.118169 0.750103 0.229092 0.382256
0 0.601461 0.514258 0.0537142 0.136065
0 0.201809 0.220901 0.0705378 0.0506375
0 0.511481 0.770113 0.436796 0.389862
0 0.563171 0.80685 0.394363 0.3863
0 0.962197 0.764154 0.0756071 0.208129
0 0.0353871 0.447709 0.067951 0.14357
0 0.923703 0.929777 0.131203 0.140446
0 0.347165 0.219261 0.0796759 0.105302
0 0.110151 0.762313 0.220302 0.276669
