0 0.742824 0.32634 0.168988 0.157608
0 0.36085 0.441655 0.205855 0.276401
0 0.932505 0.370831 0.134991 0.115369
0 0.0563728 0.884744 0.112746 0.154064
0 0.466225 0.854118 0.116291 0.232058
0 0.634974 0.195178 0.100396 0.0704629
0 0.721245 0.110601 0.121405 0.165229
0 0.94197 0.120524 0.116059 0.197816
0 0.959948 0.502833 0.079982 0.177697
0 0.742824 0.32634 0.168988 0.157608
0 0.36085 0.441655 0.205855 0.276401
0 0.932505 0.370831 0.134991 0.115369
0 0.0563728 0.884744 0.112746 0.154064
0 0.466225 0.854118 0.116291 0.232058
0 0.634974 0.195178 0.100396 0.0704629
0 0.721245 0.110601 0.121405 0.165229
0 0.94197 0.120524 0.116059 0.197816
0 0.959948 0.502833 0.079982 0.177697
0 0.736389 0.330225 0.17271 0.160542
0 0.932791 0.373136 0.131156 0.118786
0 0.63635 0.197951 0.0921375 0.0610504
0 0.374137 0.460262 0.198966 0.244104
0 0.943116 0.131333 0.113094 0.18347
0 0.967261 0.518664 0.0654779 0.196297
0 0.91389 0.0382274 0.152642 0.0753716
0 0.949409 0.754121 0.101181 0.264027
0 0.0301843 0.079217 0.0601893 0.0742833
0 0.148609 0.706869 0.0419834 0.0969308
