0 0.803167 0.358825 0.16017 0.13576
0 0.665089 0.86363 0.250148 0.202883
0 0.918492 0.306071 0.163017 0.123433
0 0.603077 0.458115 0.114357 0.0750928
0 0.178641 0.594917 0.145307 0.189642
0 0.155996 0.582589 0.20932 0.211745
0 0.361119 0.612374 0.0956751 0.182454
0 0.803167 0.358825 0.16017 0.13576
0 0.665089 0.86363 0.250148 0.202883
0 0.918492 0.306071 0.163017 0.123433
0 0.603077 0.458115 0.114357 0.0750928
0 0.178641 0.594917 0.145307 0.189642
0 0.155996 0.582589 0.20932 0.211745
0 0.361119 0.612374 0.0956751 0.182454
0 0.918675 0.308102 0.16265 0.12663
0 0.605537 0.456208 0.101365 0.0713416
0 0.804089 0.357199 0.174489 0.156458
0 0.682627 0.866616 0.229739 0.190852
0 0.176899 0.586082 0.128916 0.176044
