0 0.310508 0.0908483 0.174852 0.155306
0 0.621599 0.545191 0.185128 0.181752
0 0.146289 0.296342 0.292578 0.331966
0 0.647956 0.119023 0.100025 0.0888578
0 0.361175 0.324107 0.0470219 0.142616
0 0.310508 0.0908483 0.174852 0.155306
0 0.621599 0.545191 0.185128 0.181752
0 0.146289 0.296342 0.292578 0.331966
0 0.647956 0.119023 0.100025 0.0888578
0 0.361175 0.324107 0.0470219 0.142616
0 0.84331 0.277522 0.0999127 0.069411
0 0.146535 0.306856 0.293069 0.322499
0 0.61747 0.552656 0.185154 0.157427
0 0.311294 0.095329 0.175746 0.168192
0 0.358198 0.3191 0.0638292 0.16871
0 0.951797 0.171814 0.0964057 0.0909755
0 0.171494 0.0820446 0.104992 0.066981
