0 0.356097 0.603725 0.256974 0.301532
0 0.5629 0.725753 0.132277 0.211489
0 0.491542 0.294816 0.146299 0.150828
0 0.193388 0.548148 0.271477 0.175388
0 0.289172 0.737358 0.119346 0.157788
0 0.899361 0.718474 0.0873245 0.126007
0 0.21341 0.568264 0.330322 0.234721
0 0.300784 0.727198 0.101223 0.135178
0 0.774748 0.799562 0.0709668 0.155802
0 0.718626 0.568856 0.0731821 0.133681
0 0.909344 0.93901 0.0709291 0.121981
0 0.966409 0.68561 0.0603504 0.171695
0 0.523109 0.50803 0.0971489 0.242804
0 0.534828 0.914545 0.0669623 0.17091
0 0.972295 0.738411 0.0438595 0.109004
0 0.806625 0.673663 0.0482513 0.082794
0 0.964644 0.666209 0.0707127 0.131955
0 0.356097 0.603725 0.256974 0.301532
0 0.5629 0.725753 0.132277 0.211489
0 0.491542 0.294816 0.146299 0.150828
0 0.193388 0.548148 0.271477 0.175388
0 0.289172 0.737358 0.119346 0.157788
0 0.899361 0.718474 0.0873245 0.126007
0 0.21341 0.568264 0.330322 0.234721
0 0.300784 0.727198 0.101223 0.135178
0 0.774748 0.799562 0.0709668 0.155802
0 0.718626 0.568856 0.0731821 0.133681
0 0.909344 0.93901 0.0709291 0.121981
0 0.966409 0.68561 0.0603504 0.171695
0 0.523109 0.50803 0.0971489 0.242804
0 0.534828 0.914545 0.0669623 0.17091
0 0.972295 0.738411 0.0438595 0.109004
0 0.806625 0.673663 0.0482513 0.082794
0 0.964644 0.666209 0.0707127 0.131955
0 0.372351 0.617648 0.231716 0.301402
0 0.553087 0.734547 0.173713 0.243349
0 0.296831 0.751472 0.142825 0.215159
0 0.501726 0.306173 0.145135 0.169533
0 0.380598 0.347063 0.100918 0.114802
0 0.67808 0.910604 0.0669668 0.178792
0 0.903583 0.935149 0.0816326 0.127445
0 0.50934 0.503255 0.102575 0.201447
0 0.0393693 0.777591 0.0783024 0.155238
0 0.530799 0.0638336 0.0979394 0.0638663
0 0.53594 0.895456 0.0604621 0.177339
0 0.192082 0.567605 0.258571 0.187407
0 0.163985 0.554173 0.232033 0.140202
0 0.780156 0.806091 0.0655111 0.156772
0 0.715783 0.56067 0.0711819 0.123544
0 0.657896 0.324304 0.0807943 0.0815536
0 0.80979 0.676107 0.0533754 0.0777039
0 0.491559 0.185067 0.0798328 0.0616338
0 0.899238 0.718076 0.0874758 0.123222
0 0.0451782 0.427783 0.0903563 0.204598
