0 0.382701 0.324432 0.179764 0.21275
0 0.596903 0.324699 0.134359 0.125814
0 0.330778 0.610271 0.155263 0.134997
0 0.900352 0.652028 0.199295 0.188755
0 0.251038 0.654488 0.212582 0.173837
0 0.803557 0.447967 0.117065 0.143381
0 0.332602 0.159104 0.121418 0.128553
0 0.071855 0.650303 0.14371 0.30245
0 0.265424 0.0900739 0.0909264 0.0683033
0 0.493344 0.0813452 0.0986162 0.0888399
0 0.141217 0.201656 0.0689956 0.0836851
0 0.283525 0.407196 0.0398093 0.0931924
0 0.566468 0.133672 0.0904373 0.0776259
0 0.382701 0.324432 0.179764 0.21275
0 0.596903 0.324699 0.134359 0.125814
0 0.330778 0.610271 0.155263 0.134997
0 0.900352 0.652028 0.199295 0.188755
0 0.251038 0.654488 0.212582 0.173837
0 0.803557 0.447967 0.117065 0.143381
0 0.332602 0.159104 0.121418 0.128553
0 0.071855 0.650303 0.14371 0.30245
0 0.265424 0.0900739 0.0909264 0.0683033
0 0.493344 0.0813452 0.0986162 0.0888399
0 0.141217 0.201656 0.0689956 0.0836851
0 0.283525 0.407196 0.0398093 0.0931924
0 0.566468 0.133672 0.0904373 0.0776259
0 0.254175 0.67208 0.205535 0.1563
0 0.332736 0.608051 0.155563 0.137763
0 0.391654 0.331148 0.188179 0.226742
0 0.591478 0.325548 0.140403 0.136579
0 0.33611 0.167906 0.133134 0.161355
0 0.806492 0.450452 0.117606 0.151968
0 0.889757 0.678633 0.219485 0.257382
0 0.140116 0.204739 0.0730895 0.0851721
0 0.0739237 0.680872 0.147847 0.25532
0 0.26362 0.0942811 0.0944944 0.063482
0 0.103333 0.247892 0.0767895 0.0818961
0 0.179811 0.147561 0.0563689 0.0513139
