0 0.323051 0.075928 0.151735 0.151856
0 0.573689 0.50657 0.202399 0.156296
0 0.158591 0.217656 0.317181 0.305449
0 0.640616 0.107485 0.11402 0.0871524
0 0.323051 0.075928 0.151735 0.151856
0 0.573689 0.50657 0.202399 0.156296
0 0.158591 0.217656 0.317181 0.305449
0 0.640616 0.107485 0.11402 0.0871524
0 0.568561 0.516044 0.184112 0.142208
0 0.162039 0.228821 0.324079 0.303343
0 0.312936 0.0770457 0.17969 0.154091
0 0.825453 0.2736 0.0851852 0.0683908
0 0.951234 0.188916 0.0941322 0.0930747
0 0.350312 0.2811 0.055666 0.186345
0 0.397619 0.291949 0.0503299 0.0504809
