0 0.505057 0.824787 0.105408 0.310183
0 0.58162 0.772241 0.103213 0.26856
0 0.851565 0.836515 0.153404 0.159153
0 0.720213 0.685874 0.104912 0.186484
0 0.639655 0.682895 0.095366 0.176661
0 0.361392 0.571491 0.0650975 0.19785
0 0.153753 0.163726 0.134909 0.109827
0 0.0546468 0.534058 0.109294 0.165732
0 0.525722 0.458282 0.084523 0.147157
0 0.0786189 0.353744 0.155948 0.15327
0 0.328423 0.268912 0.107009 0.203401
0 0.865479 0.609465 0.0841324 0.151235
0 0.60616 0.52389 0.0801089 0.18208
0 0.227434 0.55481 0.0911605 0.101603
0 0.497571 0.548116 0.0909298 0.123399
0 0.328413 0.823093 0.110204 0.329325
0 0.936386 0.670582 0.0894348 0.0953403
0 0.82781 0.479996 0.078463 0.0862887
0 0.109644 0.914202 0.0675268 0.171596
0 0.433779 0.44023 0.0623011 0.160369
0 0.416837 0.577574 0.0493592 0.121314
0 0.235788 0.342314 0.0857015 0.165917
0 0.458019 0.393227 0.0634602 0.117033
0 0.667286 0.852559 0.0752371 0.183269
0 0.688838 0.275406 0.0727543 0.101894
0 0.185888 0.398566 0.0916059 0.126238
0 0.322825 0.812177 0.142303 0.373437
0 0.360483 0.553352 0.0588728 0.148253
0 0.655206 0.830813 0.0567823 0.178558
0 0.676444 0.867554 0.0785549 0.171071
0 0.119085 0.923438 0.0793989 0.153124
0 0.328046 0.25378 0.0961099 0.155404
0 0.361744 0.168807 0.0868813 0.0723362
0 0.451817 0.408314 0.0715197 0.150438
0 0.0333251 0.136192 0.065508 0.152032
0 0.375485 0.581197 0.0683827 0.177622
0 0.505057 0.824787 0.105408 0.310183
0 0.58162 0.772241 0.103213 0.26856
0 0.851565 0.836515 0.153404 0.159153
0 0.720213 0.685874 0.104912 0.186484
0 0.639655 0.682895 0.095366 0.176661
0 0.361392 0.571491 0.0650975 0.19785
0 0.153753 0.163726 0.134909 0.109827
0 0.0546468 0.534058 0.109294 0.165732
0 0.525722 0.458282 0.084523 0.147157
0 0.0786189 0.353744 0.155948 0.15327
0 0.328423 0.268912 0.107009 0.203401
0 0.865479 0.609465 0.0841324 0.151235
0 0.60616 0.52389 0.0801089 0.18208
0 0.227434 0.55481 0.0911605 0.101603
0 0.497571 0.548116 0.0909298 0.123399
0 0.328413 0.823093 0.110204 0.329325
0 0.936386 0.670582 0.0894348 0.0953403
0 0.82781 0.479996 0.078463 0.0862887
0 0.109644 0.914202 0.0675268 0.171596
0 0.433779 0.44023 0.0623011 0.160369
0 0.416837 0.577574 0.0493592 0.121314
0 0.235788 0.342314 0.0857015 0.165917
0 0.458019 0.393227 0.0634602 0.117033
0 0.667286 0.852559 0.0752371 0.183269
0 0.688838 0.275406 0.0727543 0.101894
0 0.185888 0.398566 0.0916059 0.126238
0 0.322825 0.812177 0.142303 0.373437
0 0.360483 0.553352 0.0588728 0.148253
0 0.655206 0.830813 0.0567823 0.178558
0 0.676444 0.867554 0.0785549 0.171071
0 0.119085 0.923438 0.0793989 0.153124
0 0.328046 0.25378 0.0961099 0.155404
0 0.361744 0.168807 0.0868813 0.0723362
0 0.451817 0.408314 0.0715197 0.150438
0 0.0333251 0.136192 0.065508 0.152032
0 0.375485 0.581197 0.0683827 0.177622
0 0.150144 0.165975 0.125786 0.107376
0 0.637124 0.674316 0.085141 0.173683
0 0.501646 0.552645 0.0967167 0.119098
0 0.324817 0.263136 0.0975121 0.14938
0 0.0550849 0.528641 0.11017 0.18403
0 0.525199 0.456004 0.0814682 0.130434
0 0.22648 0.556355 0.0987134 0.109462
0 0.870309 0.606243 0.0910728 0.164624
0 0.847926 0.838131 0.164412 0.161811
0 0.324403 0.814182 0.121553 0.329888
0 0.502909 0.819001 0.112871 0.306002
0 0.939706 0.668642 0.0826023 0.0911605
0 0.641705 0.798957 0.065786 0.18518
0 0.354872 0.171832 0.0871477 0.0840456
0 0.581245 0.775874 0.102923 0.250467
0 0.431097 0.450664 0.0609161 0.144926
0 0.231429 0.343023 0.0846847 0.17543
0 0.607695 0.518753 0.081914 0.171632
0 0.718678 0.668305 0.104406 0.180027
0 0.829731 0.484255 0.0812787 0.0866171
0 0.417109 0.574209 0.0468617 0.104506
0 0.691645 0.867262 0.0693047 0.169703
0 0.365576 0.576201 0.0827746 0.186832
0 0.458351 0.394152 0.062732 0.0970963
0 0.120035 0.89951 0.0634506 0.20098
0 0.692988 0.282534 0.0691383 0.0664888
0 0.465058 0.305369 0.085438 0.103517
0 0.44357 0.444476 0.0762587 0.163229
