0 0.462331 0.496824 0.204252 0.212327
0 0.810795 0.212123 0.147335 0.158589
0 0.699779 0.409506 0.143753 0.339058
0 0.25559 0.246448 0.0904241 0.0907988
0 0.126409 0.147167 0.0986188 0.0631104
0 0.300501 0.0694709 0.116024 0.0898681
0 0.231552 0.139013 0.0947198 0.0615125
0 0.703846 0.435806 0.135675 0.249529
0 0.462331 0.496824 0.204252 0.212327
0 0.810795 0.212123 0.147335 0.158589
0 0.699779 0.409506 0.143753 0.339058
0 0.25559 0.246448 0.0904241 0.0907988
0 0.126409 0.147167 0.0986188 0.0631104
0 0.300501 0.0694709 0.116024 0.0898681
0 0.231552 0.139013 0.0947198 0.0615125
0 0.703846 0.435806 0.135675 0.249529
0 0.45777 0.501044 0.180954 0.200895
0 0.299623 0.071053 0.111551 0.0798802
0 0.229318 0.136728 0.0902521 0.0583402
0 0.086697 0.14808 0.169027 0.0734095
0 0.706465 0.373451 0.12238 0.332201
0 0.707444 0.358724 0.112037 0.253924
