0 0.490546 0.249674 0.335574 0.306268
0 0.927808 0.400179 0.142576 0.133911
0 0.767154 0.540993 0.330202 0.280361
0 0.726372 0.297075 0.164504 0.12292
0 0.639233 0.234633 0.106562 0.0850653
0 0.348084 0.183326 0.0572309 0.123259
0 0.490546 0.249674 0.335574 0.306268
0 0.927808 0.400179 0.142576 0.133911
0 0.767154 0.540993 0.330202 0.280361
0 0.726372 0.297075 0.164504 0.12292
0 0.639233 0.234633 0.106562 0.0850653
0 0.348084 0.183326 0.0572309 0.123259
0 0.727476 0.302937 0.144463 0.137024
0 0.925457 0.409977 0.149087 0.151841
0 0.481478 0.259777 0.392368 0.319295
0 0.734514 0.557155 0.372196 0.308061
0 0.958512 0.665787 0.0783829 0.225069
0 0.697589 0.184704 0.093801 0.0652287
