0 0.851533 0.445597 0.0871416 0.132928
0 0.179087 0.555016 0.121436 0.174441
0 0.233878 0.253103 0.103384 0.213162
0 0.879613 0.30764 0.0771256 0.13974
0 0.544375 0.95507 0.170557 0.0898609
0 0.10597 0.402264 0.0855385 0.22307
0 0.851533 0.445597 0.0871416 0.132928
0 0.179087 0.555016 0.121436 0.174441
0 0.233878 0.253103 0.103384 0.213162
0 0.879613 0.30764 0.0771256 0.13974
0 0.544375 0.95507 0.170557 0.0898609
0 0.10597 0.402264 0.0855385 0.22307
0 0.186725 0.572131 0.110851 0.230295
0 0.54895 0.950629 0.16717 0.095262
0 0.483415 0.0450254 0.0546398 0.0900508
