0 0.444351 0.0700284 0.136513 0.123036
0 0.235644 0.278145 0.14348 0.15022
0 0.526431 0.586447 0.215774 0.206971
0 0.706359 0.724708 0.143767 0.356742
0 0.5863 0.578927 0.0881124 0.219031
0 0.761214 0.126793 0.119962 0.107871
0 0.353263 0.352118 0.0622957 0.12719
0 0.284064 0.0904446 0.0910015 0.0991097
0 0.139434 0.321058 0.0677017 0.124725
0 0.721068 0.747198 0.111643 0.325869
0 0.0358565 0.0988736 0.0717131 0.144172
0 0.444351 0.0700284 0.136513 0.123036
0 0.235644 0.278145 0.14348 0.15022
0 0.526431 0.586447 0.215774 0.206971
0 0.706359 0.724708 0.143767 0.356742
0 0.5863 0.578927 0.0881124 0.219031
0 0.761214 0.126793 0.119962 0.107871
0 0.353263 0.352118 0.0622957 0.12719
0 0.284064 0.0904446 0.0910015 0.0991097
0 0.139434 0.321058 0.0677017 0.124725
0 0.721068 0.747198 0.111643 0.325869
0 0.0358565 0.0988736 0.0717131 0.144172
0 0.248693 0.278611 0.154464 0.152083
0 0.436344 0.0677391 0.120304 0.125485
0 0.50393 0.584228 0.164432 0.201131
0 0.286437 0.0881773 0.137825 0.0934503
0 0.148425 0.0934888 0.124542 0.141065
0 0.758848 0.128651 0.117426 0.102054
0 0.583135 0.576149 0.0755384 0.187383
0 0.705938 0.712825 0.151223 0.375676
0 0.0395825 0.217765 0.079165 0.114136
0 0.898259 0.931458 0.203483 0.137084
0 0.0374794 0.0970384 0.0737185 0.141943
