0 0.797148 0.894911 0.219193 0.210179
0 0.104424 0.436445 0.207188 0.23609
0 0.866105 0.640045 0.187046 0.139944
0 0.412148 0.159794 0.200732 0.180026
0 0.402184 0.0409434 0.139645 0.0818868
0 0.603688 0.416252 0.0535065 0.162521
0 0.0595211 0.690225 0.10516 0.0956718
0 0.907506 0.88739 0.113546 0.19386
0 0.657987 0.355404 0.0700522 0.115425
0 0.92496 0.898906 0.101008 0.202188
0 0.818588 0.434647 0.0944686 0.157713
0 0.969041 0.556454 0.0598789 0.0946235
0 0.797148 0.894911 0.219193 0.210179
0 0.104424 0.436445 0.207188 0.23609
0 0.866105 0.640045 0.187046 0.139944
0 0.412148 0.159794 0.200732 0.180026
0 0.402184 0.0409434 0.139645 0.0818868
0 0.603688 0.416252 0.0535065 0.162521
0 0.0595211 0.690225 0.10516 0.0956718
0 0.907506 0.88739 0.113546 0.19386
0 0.657987 0.355404 0.0700522 0.115425
0 0.92496 0.898906 0.101008 0.202188
0 0.818588 0.434647 0.0944686 0.157713
0 0.969041 0.556454 0.0598789 0.0946235
0 0.117749 0.423387 0.235498 0.252931
0 0.874094 0.645058 0.156866 0.137812
0 0.796564 0.89196 0.208673 0.21608
0 0.241559 0.146738 0.192068 0.160847
0 0.419787 0.170901 0.191686 0.217029
0 0.200852 0.243818 0.139482 0.136513
0 0.13894 0.0749964 0.122211 0.0813821
0 0.919682 0.884345 0.145138 0.222728
0 0.656128 0.35559 0.0736927 0.0989942
0 0.606531 0.402572 0.0586203 0.164255
0 0.262051 0.659327 0.0614973 0.06146
