0 0.817282 0.587188 0.192264 0.186885
0 0.885118 0.258963 0.154148 0.122783
0 0.78851 0.0696068 0.139282 0.130153
0 0.205419 0.281238 0.195318 0.202647
0 0.655163 0.325467 0.124382 0.0973687
0 0.064268 0.173667 0.128536 0.141003
0 0.66998 0.575817 0.140652 0.131543
0 0.595051 0.455306 0.237705 0.351009
0 0.937348 0.169315 0.103914 0.0796146
0 0.320742 0.251723 0.129479 0.129854
0 0.0709483 0.828503 0.130565 0.129935
0 0.559948 0.207347 0.113111 0.0977733
0 0.0794828 0.979236 0.158966 0.0415279
0 0.13786 0.685311 0.27572 0.220844
0 0.817282 0.587188 0.192264 0.186885
0 0.885118 0.258963 0.154148 0.122783
0 0.78851 0.0696068 0.139282 0.130153
0 0.205419 0.281238 0.195318 0.202647
0 0.655163 0.325467 0.124382 0.0973687
0 0.064268 0.173667 0.128536 0.141003
0 0.66998 0.575817 0.140652 0.131543
0 0.595051 0.455306 0.237705 0.351009
0 0.937348 0.169315 0.103914 0.0796146
0 0.320742 0.251723 0.129479 0.129854
0 0.0709483 0.828503 0.130565 0.129935
0 0.559948 0.207347 0.113111 0.0977733
0 0.0794828 0.979236 0.158966 0.0415279
0 0.13786 0.685311 0.27572 0.220844
0 0.0683684 0.175438 0.136737 0.162417
0 0.205227 0.284154 0.178835 0.217969
0 0.818695 0.590943 0.202706 0.193773
0 0.586405 0.46165 0.249542 0.370749
0 0.863441 0.359462 0.167777 0.136253
0 0.655091 0.328852 0.122944 0.104297
0 0.309825 0.244196 0.119453 0.119834
0 0.54931 0.216666 0.0925914 0.105875
0 0.89254 0.261255 0.153003 0.117165
0 0.329804 0.136058 0.160231 0.205395
0 0.151225 0.840373 0.302451 0.308809
0 0.787043 0.0745484 0.13482 0.128138
0 0.151743 0.787052 0.303487 0.425896
