0 0.899692 0.501101 0.194316 0.234666
0 0.808898 0.587112 0.171989 0.290115
0 0.322812 0.459567 0.172332 0.17372
0 0.185821 0.324612 0.305064 0.298533
0 0.630484 0.476612 0.10609 0.211551
0 0.329841 0.618344 0.0958654 0.209652
0 0.632142 0.475612 0.159243 0.234445
0 0.45767 0.328436 0.0652041 0.12925
0 0.497026 0.778548 0.127525 0.213312
0 0.696829 0.763985 0.163131 0.171511
0 0.955957 0.921732 0.0800831 0.156536
0 0.197525 0.146802 0.0971806 0.0772408
0 0.911262 0.617969 0.0429161 0.137526
0 0.861738 0.529163 0.276523 0.352939
0 0.558816 0.414992 0.0671127 0.126295
0 0.899692 0.501101 0.194316 0.234666
0 0.808898 0.587112 0.171989 0.290115
0 0.322812 0.459567 0.172332 0.17372
0 0.185821 0.324612 0.305064 0.298533
0 0.630484 0.476612 0.10609 0.211551
0 0.329841 0.618344 0.0958654 0.209652
0 0.632142 0.475612 0.159243 0.234445
0 0.45767 0.328436 0.0652041 0.12925
0 0.497026 0.778548 0.127525 0.213312
0 0.696829 0.763985 0.163131 0.171511
0 0.955957 0.921732 0.0800831 0.156536
0 0.197525 0.146802 0.0971806 0.0772408
0 0.911262 0.617969 0.0429161 0.137526
0 0.861738 0.529163 0.276523 0.352939
0 0.558816 0.414992 0.0671127 0.126295
0 0.903129 0.509906 0.193743 0.225907
0 0.333029 0.654171 0.145331 0.282089
0 0.503982 0.775513 0.127087 0.186049
0 0.188646 0.350524 0.307317 0.342041
0 0.626624 0.497641 0.153427 0.258986
0 0.564396 0.408156 0.0776737 0.12883
0 0.81284 0.592065 0.166004 0.285067
0 0.342393 0.471998 0.190031 0.19244
0 0.458144 0.332187 0.0695345 0.119377
0 0.0565581 0.607702 0.113116 0.294335
0 0.915282 0.618196 0.0440296 0.131495
0 0.762427 0.429443 0.125863 0.176151
0 0.69463 0.783695 0.175355 0.201944
