0 0.858559 0.248082 0.282882 0.349186
0 0.198824 0.641702 0.366485 0.300122
0 0.743275 0.268588 0.135011 0.108389
0 0.82 0.842012 0.36 0.300902
0 0.529078 0.335594 0.317184 0.292879
0 0.889579 0.646316 0.197549 0.148413
0 0.905068 0.479709 0.1357 0.100556
0 0.230289 0.189177 0.357311 0.378355
0 0.850461 0.26662 0.299078 0.4271
0 0.0901821 0.30136 0.180364 0.231157
0 0.204852 0.663744 0.409704 0.37332
0 0.883341 0.0520407 0.171283 0.104081
0 0.162568 0.626392 0.325136 0.367665
0 0.513362 0.308497 0.382023 0.389894
0 0.5013 0.105842 0.148814 0.120989
0 0.858559 0.248082 0.282882 0.349186
0 0.198824 0.641702 0.366485 0.300122
0 0.743275 0.268588 0.135011 0.108389
0 0.82 0.842012 0.36 0.300902
0 0.529078 0.335594 0.317184 0.292879
0 0.889579 0.646316 0.197549 0.148413
0 0.905068 0.479709 0.1357 0.100556
0 0.230289 0.189177 0.357311 0.378355
0 0.850461 0.26662 0.299078 0.4271
0 0.0901821 0.30136 0.180364 0.231157
0 0.204852 0.663744 0.409704 0.37332
0 0.883341 0.0520407 0.171283 0.104081
0 0.162568 0.626392 0.325136 0.367665
0 0.513362 0.308497 0.382023 0.389894
0 0.5013 0.105842 0.148814 0.120989
0 0.494978 0.108912 0.137076 0.138311
0 0.866967 0.639982 0.140148 0.129553
0 0.872512 0.256144 0.254975 0.372733
0 0.899961 0.496488 0.147866 0.116413
0 0.486482 0.282368 0.366598 0.320952
0 0.745689 0.270574 0.142278 0.112681
0 0.814881 0.841648 0.370238 0.303782
0 0.856934 0.0981673 0.204616 0.196335
0 0.51179 0.342515 0.384458 0.37273
0 0.193065 0.663169 0.386131 0.331921
0 0.864329 0.315219 0.255262 0.437652
0 0.449266 0.838828 0.357864 0.322344
0 0.225215 0.197552 0.266851 0.395103
0 0.129165 0.517066 0.18011 0.226312
0 0.252464 0.646405 0.20751 0.287533
0 0.436694 0.798658 0.428762 0.402684
0 0.112485 0.326323 0.22497 0.328391
