0 0.432223 0.0584815 0.153076 0.116775
0 0.111071 0.310559 0.169474 0.144668
0 0.481937 0.35777 0.100931 0.241356
0 0.174312 0.0950415 0.114941 0.10219
0 0.921703 0.569903 0.112083 0.131447
0 0.959368 0.922714 0.0812649 0.154572
0 0.606111 0.471366 0.124501 0.241166
0 0.0679491 0.0387141 0.127787 0.0774282
0 0.356951 0.533403 0.150192 0.119846
0 0.192291 0.199729 0.111607 0.11159
0 0.0984244 0.107201 0.121707 0.102948
0 0.961862 0.727617 0.0739814 0.25532
0 0.611931 0.456789 0.146595 0.323662
0 0.951943 0.756803 0.0927015 0.238859
0 0.432223 0.0584815 0.153076 0.116775
0 0.111071 0.310559 0.169474 0.144668
0 0.481937 0.35777 0.100931 0.241356
0 0.174312 0.0950415 0.114941 0.10219
0 0.921703 0.569903 0.112083 0.131447
0 0.959368 0.922714 0.0812649 0.154572
0 0.606111 0.471366 0.124501 0.241166
0 0.0679491 0.0387141 0.127787 0.0774282
0 0.356951 0.533403 0.150192 0.119846
0 0.192291 0.199729 0.111607 0.11159
0 0.0984244 0.107201 0.121707 0.102948
0 0.961862 0.727617 0.0739814 0.25532
0 0.611931 0.456789 0.146595 0.323662
0 0.951943 0.756803 0.0927015 0.238859
0 0.102985 0.305312 0.16164 0.146047
0 0.431848 0.0594669 0.145715 0.115395
0 0.0668192 0.0355287 0.117207 0.0705863
0 0.475729 0.377621 0.092289 0.264756
0 0.610557 0.463881 0.120981 0.270728
0 0.17981 0.0904342 0.104371 0.0913916
0 0.798355 0.149742 0.0832636 0.0594811
0 0.899701 0.642839 0.0714794 0.0646695
0 0.107482 0.10941 0.0937293 0.0942369
0 0.898447 0.563081 0.0594986 0.0896267
