0 0.53447 0.473862 0.186267 0.251959
0 0.369991 0.476117 0.175024 0.281522
0 0.563501 0.878968 0.193235 0.242064
0 0.123528 0.693937 0.247057 0.262217
0 0.689575 0.541087 0.151924 0.1181
0 0.378944 0.683231 0.226427 0.150747
0 0.154245 0.459783 0.129892 0.202399
0 0.212576 0.382602 0.0953828 0.154586
0 0.905953 0.927336 0.188094 0.145327
0 0.861772 0.717726 0.165776 0.228722
0 0.53447 0.473862 0.186267 0.251959
0 0.369991 0.476117 0.175024 0.281522
0 0.563501 0.878968 0.193235 0.242064
0 0.123528 0.693937 0.247057 0.262217
0 0.689575 0.541087 0.151924 0.1181
0 0.378944 0.683231 0.226427 0.150747
0 0.154245 0.459783 0.129892 0.202399
0 0.212576 0.382602 0.0953828 0.154586
0 0.905953 0.927336 0.188094 0.145327
0 0.861772 0.717726 0.165776 0.228722
0 0.695466 0.541563 0.162722 0.126235
0 0.131051 0.725353 0.251454 0.314287
0 0.561424 0.890012 0.183383 0.219977
0 0.378417 0.479498 0.174855 0.253853
0 0.534409 0.482655 0.201568 0.264592
0 0.840518 0.705047 0.144876 0.196714
0 0.388087 0.242611 0.117832 0.116623
0 0.157001 0.466028 0.152965 0.203519
0 0.131948 0.131643 0.138553 0.100733
0 0.387803 0.683546 0.216688 0.158578
0 0.907448 0.915115 0.185103 0.169769
0 0.209878 0.380088 0.0924226 0.143455
0 0.59028 0.301299 0.0836614 0.0928265
