0 0.191276 0.427044 0.178144 0.196362
0 0.822895 0.444412 0.0891382 0.134345
0 0.862616 0.308685 0.0494011 0.128675
0 0.781691 0.282119 0.0651853 0.188243
0 0.976957 0.611353 0.0460865 0.174087
0 0.191276 0.427044 0.178144 0.196362
0 0.822895 0.444412 0.0891382 0.134345
0 0.862616 0.308685 0.0494011 0.128675
0 0.781691 0.282119 0.0651853 0.188243
0 0.976957 0.611353 0.0460865 0.174087
0 0.196314 0.413623 0.195051 0.214545
0 0.866054 0.308882 0.0440346 0.123876
0 0.76608 0.284978 0.123295 0.202324
