0 0.486466 0.501667 0.17011 0.299956
0 0.233066 0.378671 0.223808 0.317123
0 0.262157 0.799281 0.313931 0.281241
0 0.589056 0.818766 0.164047 0.124399
0 0.406918 0.314202 0.112251 0.156642
0 0.602256 0.557744 0.112564 0.157508
0 0.910449 0.755916 0.112851 0.18
0 0.763035 0.572436 0.137083 0.15764
0 0.965226 0.611938 0.0678581 0.1506
0 0.507826 0.685114 0.101495 0.227678
0 0.644908 0.351146 0.09336 0.13408
0 0.913461 0.743358 0.0893711 0.145878
0 0.259512 0.421073 0.14735 0.242478
0 0.486466 0.501667 0.17011 0.299956
0 0.233066 0.378671 0.223808 0.317123
0 0.262157 0.799281 0.313931 0.281241
0 0.589056 0.818766 0.164047 0.124399
0 0.406918 0.314202 0.112251 0.156642
0 0.602256 0.557744 0.112564 0.157508
0 0.910449 0.755916 0.112851 0.18
0 0.763035 0.572436 0.137083 0.15764
0 0.965226 0.611938 0.0678581 0.1506
0 0.507826 0.685114 0.101495 0.227678
0 0.644908 0.351146 0.09336 0.13408
0 0.913461 0.743358 0.0893711 0.145878
0 0.259512 0.421073 0.14735 0.242478
0 0.267534 0.79221 0.305266 0.27319
0 0.49051 0.51318 0.17304 0.300208
0 0.609137 0.554582 0.121923 0.165241
0 0.232191 0.370548 0.207725 0.306149
0 0.403159 0.308931 0.112828 0.142697
0 0.583284 0.818385 0.167145 0.140508
0 0.767752 0.567737 0.10183 0.126035
0 0.935472 0.426691 0.0804901 0.0908558
0 0.965854 0.605707 0.0682924 0.147309
0 0.0421449 0.574226 0.0842897 0.330046
0 0.853506 0.239408 0.0960854 0.0844237
0 0.620877 0.940455 0.17597 0.11909
0 0.88495 0.799057 0.118515 0.214779
0 0.710898 0.666575 0.0854532 0.0998937
0 0.182364 0.0864458 0.0446457 0.172892
0 0.0313387 0.0748273 0.0626774 0.116744
