0 0.590928 0.10945 0.194897 0.178077
0 0.740377 0.510305 0.0969692 0.103212
0 0.742629 0.0680421 0.129189 0.125712
0 0.903044 0.567213 0.103329 0.155341
0 0.0564139 0.27075 0.0932195 0.0842485
0 0.590928 0.10945 0.194897 0.178077
0 0.740377 0.510305 0.0969692 0.103212
0 0.742629 0.0680421 0.129189 0.125712
0 0.903044 0.567213 0.103329 0.155341
0 0.0564139 0.27075 0.0932195 0.0842485
0 0.595138 0.119776 0.193798 0.197797
0 0.741674 0.515325 0.0950333 0.103501
0 0.0569079 0.268487 0.0937163 0.0532527
0 0.122988 0.7097 0.0651977 0.101289
0 0.795943 0.335634 0.100214 0.0745584
