0 0.327143 0.742489 0.107382 0.226941
0 0.169795 0.442123 0.158524 0.103319
0 0.14858 0.824083 0.297161 0.351834
0 0.467791 0.875128 0.16866 0.249744
0 0.42143 0.732345 0.10837 0.16884
0 0.195906 0.223379 0.137558 0.0998387
0 0.470557 0.884131 0.127735 0.231738
0 0.0592711 0.508362 0.0787962 0.0797362
0 0.331468 0.479419 0.0692262 0.132882
0 0.327143 0.742489 0.107382 0.226941
0 0.169795 0.442123 0.158524 0.103319
0 0.14858 0.824083 0.297161 0.351834
0 0.467791 0.875128 0.16866 0.249744
0 0.42143 0.732345 0.10837 0.16884
0 0.195906 0.223379 0.137558 0.0998387
0 0.470557 0.884131 0.127735 0.231738
0 0.0592711 0.508362 0.0787962 0.0797362
0 0.331468 0.479419 0.0692262 0.132882
0 0.166011 0.439367 0.154253 0.108681
0 0.153805 0.830969 0.307611 0.338062
0 0.327927 0.749696 0.100548 0.192146
0 0.418221 0.744434 0.0951254 0.166125
0 0.47828 0.873972 0.162202 0.25152
0 0.762951 0.422919 0.0756962 0.0717356
0 0.183948 0.21743 0.116352 0.0768329
0 0.536998 0.477817 0.0836929 0.0820659
0 0.249694 0.287577 0.093886 0.0683334
0 0.22554 0.359128 0.0819012 0.0557248
0 0.49276 0.528701 0.0944837 0.0607687
