0 0.304891 0.357255 0.153843 0.126214
0 0.549756 0.427168 0.223409 0.185895
0 0.344887 0.231011 0.163298 0.148554
0 0.405934 0.574446 0.13465 0.118769
0 0.642178 0.799574 0.181907 0.339443
0 0.905335 0.629348 0.0631057 0.135817
0 0.282956 0.69861 0.373972 0.288909
0 0.966807 0.83349 0.0663857 0.142515
0 0.970328 0.624264 0.0405647 0.130266
0 0.688219 0.947539 0.147376 0.104923
0 0.313005 0.23601 0.215446 0.153763
0 0.898744 0.836777 0.128648 0.212937
0 0.827552 0.509494 0.131413 0.10918
0 0.359166 0.119643 0.128551 0.0943716
0 0.811331 0.682972 0.0604088 0.137753
0 0.236513 0.699301 0.328972 0.256135
0 0.233533 0.709894 0.403821 0.348222
0 0.220214 0.207972 0.0797159 0.0716539
0 0.0702659 0.57368 0.140532 0.128829
0 0.760391 0.787898 0.0491594 0.225411
0 0.304891 0.357255 0.153843 0.126214
0 0.549756 0.427168 0.223409 0.185895
0 0.344887 0.231011 0.163298 0.148554
0 0.405934 0.574446 0.13465 0.118769
0 0.642178 0.799574 0.181907 0.339443
0 0.905335 0.629348 0.0631057 0.135817
0 0.282956 0.69861 0.373972 0.288909
0 0.966807 0.83349 0.0663857 0.142515
0 0.970328 0.624264 0.0405647 0.130266
0 0.688219 0.947539 0.147376 0.104923
0 0.313005 0.23601 0.215446 0.153763
0 0.898744 0.836777 0.128648 0.212937
0 0.827552 0.509494 0.131413 0.10918
0 0.359166 0.119643 0.128551 0.0943716
0 0.811331 0.682972 0.0604088 0.137753
0 0.236513 0.699301 0.328972 0.256135
0 0.233533 0.709894 0.403821 0.348222
0 0.220214 0.207972 0.0797159 0.0716539
0 0.0702659 0.57368 0.140532 0.128829
0 0.760391 0.787898 0.0491594 0.225411
0 0.311624 0.360584 0.151388 0.136126
0 0.89522 0.833898 0.127126 0.184832
0 0.354518 0.224895 0.127739 0.137839
0 0.39129 0.582871 0.162588 0.141441
0 0.551508 0.427979 0.229083 0.176394
0 0.264199 0.697171 0.352929 0.256814
0 0.833166 0.510288 0.148114 0.11354
0 0.968993 0.837739 0.0620138 0.161884
0 0.643023 0.788442 0.203138 0.262845
0 0.284807 0.717876 0.418865 0.313803
0 0.275646 0.197961 0.0998846 0.100079
0 0.900747 0.62492 0.0648844 0.122897
0 0.773469 0.785757 0.0701059 0.284536
