0 0.326611 0.670674 0.180838 0.36314
0 0.507013 0.278299 0.168575 0.176318
0 0.438901 0.346851 0.123036 0.149016
0 0.745575 0.072074 0.108589 0.0897057
0 0.603346 0.55225 0.0905627 0.230434
0 0.189987 0.386126 0.0740142 0.138913
0 0.951149 0.366951 0.094511 0.182703
0 0.460707 0.622871 0.108803 0.332209
0 0.95291 0.500609 0.0805733 0.117262
0 0.497578 0.287415 0.198693 0.214558
0 0.54384 0.151764 0.110741 0.124264
0 0.69566 0.261926 0.117292 0.103196
0 0.120896 0.453814 0.0799909 0.169912
0 0.326611 0.670674 0.180838 0.36314
0 0.507013 0.278299 0.168575 0.176318
0 0.438901 0.346851 0.123036 0.149016
0 0.745575 0.072074 0.108589 0.0897057
0 0.603346 0.55225 0.0905627 0.230434
0 0.189987 0.386126 0.0740142 0.138913
0 0.951149 0.366951 0.094511 0.182703
0 0.460707 0.622871 0.108803 0.332209
0 0.95291 0.500609 0.0805733 0.117262
0 0.497578 0.287415 0.198693 0.214558
0 0.54384 0.151764 0.110741 0.124264
0 0.69566 0.261926 0.117292 0.103196
0 0.120896 0.453814 0.0799909 0.169912
0 0.532587 0.151707 0.102669 0.122674
0 0.431164 0.343459 0.118771 0.146313
0 0.191643 0.392607 0.0742909 0.151661
0 0.504092 0.272149 0.156378 0.173832
0 0.748946 0.077446 0.105562 0.0808286
0 0.32316 0.659917 0.179301 0.371589
0 0.608282 0.555456 0.101706 0.245647
0 0.675988 0.20742 0.14062 0.12158
0 0.945653 0.365709 0.103596 0.177978
0 0.0339929 0.339709 0.0679858 0.142376
0 0.466175 0.623779 0.130416 0.334508
0 0.920355 0.685893 0.135146 0.180181
0 0.149547 0.634735 0.0811709 0.2113
0 0.124161 0.479872 0.0843858 0.215121
0 0.627773 0.115916 0.107904 0.105555
0 0.0296972 0.143618 0.0593944 0.0992896
0 0.0835407 0.209009 0.0739699 0.100879
0 0.350459 0.215167 0.0557983 0.0513135
