0 0.816244 0.634169 0.178047 0.124546
0 0.370482 0.896263 0.213084 0.207475
0 0.899756 0.478703 0.157342 0.153768
0 0.9354 0.685808 0.1292 0.104379
0 0.0760517 0.515365 0.151927 0.274507
0 0.939792 0.362076 0.120417 0.134892
0 0.543116 0.327077 0.103137 0.11877
0 0.366961 0.434483 0.0471642 0.148527
0 0.906807 0.856791 0.106379 0.199704
0 0.857824 0.234612 0.0999683 0.0713276
0 0.248825 0.461706 0.119912 0.124723
0 0.198796 0.0755145 0.0836941 0.136179
0 0.62409 0.56806 0.0696167 0.113416
0 0.816244 0.634169 0.178047 0.124546
0 0.370482 0.896263 0.213084 0.207475
0 0.899756 0.478703 0.157342 0.153768
0 0.9354 0.685808 0.1292 0.104379
0 0.0760517 0.515365 0.151927 0.274507
0 0.939792 0.362076 0.120417 0.134892
0 0.543116 0.327077 0.103137 0.11877
0 0.366961 0.434483 0.0471642 0.148527
0 0.906807 0.856791 0.106379 0.199704
0 0.857824 0.234612 0.0999683 0.0713276
0 0.248825 0.461706 0.119912 0.124723
0 0.198796 0.0755145 0.0836941 0.136179
0 0.62409 0.56806 0.0696167 0.113416
0 0.811671 0.638277 0.183464 0.126756
0 0.902651 0.847179 0.108555 0.171301
0 0.892741 0.47941 0.15 0.152998
0 0.07309 0.522655 0.14618 0.274873
0 0.542349 0.331971 0.101812 0.10683
0 0.364923 0.89983 0.182776 0.20034
0 0.94064 0.372578 0.116317 0.153897
0 0.337943 0.239701 0.0617923 0.0757712
0 0.0604069 0.174609 0.120814 0.0800948
0 0.609436 0.163445 0.076195 0.0645187
0 0.160206 0.805188 0.320412 0.389624
0 0.394869 0.280581 0.0666141 0.0724977
0 0.864621 0.245431 0.0943211 0.0625181
