0 0.57761 0.353886 0.137305 0.109964
0 0.252132 0.0568298 0.144966 0.11366
0 0.777296 0.389426 0.303025 0.327713
0 0.763324 0.793068 0.159295 0.27519
0 0.407487 0.964776 0.165376 0.0704473
0 0.488299 0.197013 0.143689 0.132195
0 0.708334 0.454328 0.133997 0.194268
0 0.235565 0.0488103 0.146094 0.0976206
0 0.528544 0.645914 0.0906794 0.144313
0 0.634508 0.20816 0.082288 0.0692746
0 0.312488 0.547722 0.239202 0.203903
0 0.908589 0.713265 0.0983044 0.184512
0 0.57761 0.353886 0.137305 0.109964
0 0.252132 0.0568298 0.144966 0.11366
0 0.777296 0.389426 0.303025 0.327713
0 0.763324 0.793068 0.159295 0.27519
0 0.407487 0.964776 0.165376 0.0704473
0 0.488299 0.197013 0.143689 0.132195
0 0.708334 0.454328 0.133997 0.194268
0 0.235565 0.0488103 0.146094 0.0976206
0 0.528544 0.645914 0.0906794 0.144313
0 0.634508 0.20816 0.082288 0.0692746
0 0.312488 0.547722 0.239202 0.203903
0 0.908589 0.713265 0.0983044 0.184512
0 0.570833 0.352904 0.139441 0.118521
0 0.758266 0.796499 0.162719 0.23626
0 0.238794 0.0544213 0.163267 0.108843
0 0.788982 0.39684 0.358403 0.326076
0 0.633675 0.211894 0.0934369 0.0589128
0 0.309503 0.54906 0.225418 0.229792
0 0.493293 0.20752 0.173251 0.156183
0 0.900975 0.339692 0.10167 0.088121
0 0.339836 0.548815 0.158947 0.197996
0 0.814548 0.267525 0.0742296 0.0493417
0 0.792761 0.419109 0.414478 0.436571
