0 0.23196 0.894433 0.229241 0.211134
0 0.251247 0.427894 0.124311 0.266912
0 0.659089 0.86833 0.0937815 0.224661
0 0.770046 0.666072 0.12485 0.192393
0 0.571944 0.170222 0.176764 0.159003
0 0.0777506 0.375508 0.0917216 0.175668
0 0.142715 0.390754 0.110152 0.165088
0 0.515466 0.791265 0.113817 0.183146
0 0.535285 0.43235 0.0708208 0.261058
0 0.656015 0.540618 0.0994416 0.127627
0 0.236051 0.437515 0.0966073 0.235403
0 0.652902 0.439876 0.137591 0.135901
0 0.821897 0.26088 0.123544 0.117091
0 0.321353 0.318622 0.0658135 0.115254
0 0.947703 0.649028 0.0969009 0.138175
0 0.819431 0.397356 0.102031 0.12968
0 0.350666 0.827258 0.0688954 0.125778
0 0.755429 0.467567 0.0768622 0.139322
0 0.171821 0.182108 0.1113 0.104325
0 0.463084 0.379172 0.0639186 0.133786
0 0.950004 0.349039 0.0846592 0.140682
0 0.415449 0.413554 0.0935583 0.0913823
0 0.422477 0.503214 0.0373882 0.106154
0 0.318192 0.657273 0.0693922 0.165825
0 0.660524 0.455163 0.172005 0.165958
0 0.0629557 0.179098 0.120931 0.107831
0 0.540628 0.45257 0.0582523 0.20481
0 0.405989 0.309527 0.0666877 0.182891
0 0.41879 0.492288 0.0430052 0.145009
0 0.663208 0.548083 0.0866332 0.0986241
0 0.940485 0.947628 0.0834137 0.104743
0 0.23196 0.894433 0.229241 0.211134
0 0.251247 0.427894 0.124311 0.266912
0 0.659089 0.86833 0.0937815 0.224661
0 0.770046 0.666072 0.12485 0.192393
0 0.571944 0.170222 0.176764 0.159003
0 0.0777506 0.375508 0.0917216 0.175668
0 0.142715 0.390754 0.110152 0.165088
0 0.515466 0.791265 0.113817 0.183146
0 0.535285 0.43235 0.0708208 0.261058
0 0.656015 0.540618 0.0994416 0.127627
0 0.236051 0.437515 0.0966073 0.235403
0 0.652902 0.439876 0.137591 0.135901
0 0.821897 0.26088 0.123544 0.117091
0 0.321353 0.318622 0.0658135 0.115254
0 0.947703 0.649028 0.0969009 0.138175
0 0.819431 0.397356 0.102031 0.12968
0 0.350666 0.827258 0.0688954 0.125778
0 0.755429 0.467567 0.0768622 0.139322
0 0.171821 0.182108 0.1113 0.104325
0 0.463084 0.379172 0.0639186 0.133786
0 0.950004 0.349039 0.0846592 0.140682
0 0.415449 0.413554 0.0935583 0.0913823
0 0.422477 0.503214 0.0373882 0.106154
0 0.318192 0.657273 0.0693922 0.165825
0 0.660524 0.455163 0.172005 0.165958
0 0.0629557 0.179098 0.120931 0.107831
0 0.540628 0.45257 0.0582523 0.20481
0 0.405989 0.309527 0.0666877 0.182891
0 0.41879 0.492288 0.0430052 0.145009
0 0.663208 0.548083 0.0866332 0.0986241
0 0.940485 0.947628 0.0834137 0.104743
0 0.654227 0.543078 0.10555 0.119205
0 0.658335 0.864709 0.101424 0.219498
0 0.769559 0.65899 0.117624 0.171761
0 0.58148 0.169505 0.174521 0.16285
0 0.663414 0.460839 0.153449 0.14779
0 0.145913 0.395146 0.120992 0.171796
0 0.517649 0.785991 0.112538 0.176118
0 0.257106 0.890217 0.178479 0.219566
0 0.0807233 0.378135 0.0779692 0.190232
0 0.817635 0.393496 0.0968147 0.117931
0 0.23657 0.43043 0.0999559 0.270318
0 0.952873 0.656229 0.0907139 0.109262
0 0.824536 0.260622 0.111559 0.100464
0 0.179276 0.183578 0.0942782 0.103595
0 0.535484 0.428768 0.079269 0.260283
0 0.320809 0.321056 0.0614791 0.0748062
0 0.0575424 0.172353 0.111628 0.0938397
0 0.411667 0.416175 0.0987405 0.0910347
0 0.468022 0.368972 0.0555197 0.143994
0 0.941429 0.342881 0.101235 0.147102
0 0.321858 0.645965 0.0809898 0.146935
0 0.752703 0.470676 0.0816673 0.130517
0 0.950693 0.949601 0.0986141 0.100799
0 0.290889 0.390355 0.0391906 0.0918325
0 0.830606 0.573598 0.0586748 0.0528398
0 0.111231 0.236978 0.108823 0.0672143
