0 0.861935 0.218384 0.133836 0.102321
0 0.672126 0.0562427 0.128569 0.112485
0 0.753201 0.46759 0.115 0.310003
0 0.460704 0.49293 0.349722 0.336803
0 0.925196 0.42762 0.149609 0.158335
0 0.682963 0.289211 0.099818 0.107949
0 0.948975 0.925497 0.10205 0.14778
0 0.902179 0.0705995 0.179266 0.141199
0 0.176249 0.530445 0.0999276 0.269171
0 0.130459 0.369536 0.252855 0.369545
0 0.472441 0.521241 0.325555 0.246579
0 0.0586247 0.418652 0.112424 0.186863
0 0.627187 0.0852285 0.20298 0.170457
0 0.861935 0.218384 0.133836 0.102321
0 0.672126 0.0562427 0.128569 0.112485
0 0.753201 0.46759 0.115 0.310003
0 0.460704 0.49293 0.349722 0.336803
0 0.925196 0.42762 0.149609 0.158335
0 0.682963 0.289211 0.099818 0.107949
0 0.948975 0.925497 0.10205 0.14778
0 0.902179 0.0705995 0.179266 0.141199
0 0.176249 0.530445 0.0999276 0.269171
0 0.130459 0.369536 0.252855 0.369545
0 0.472441 0.521241 0.325555 0.246579
0 0.0586247 0.418652 0.112424 0.186863
0 0.627187 0.0852285 0.20298 0.170457
0 0.945259 0.931036 0.103991 0.137929
0 0.136103 0.35224 0.232786 0.282033
0 0.857065 0.229913 0.131978 0.0916909
0 0.934573 0.422355 0.130853 0.142432
0 0.750038 0.451111 0.108205 0.286615
0 0.896101 0.0721676 0.162708 0.140406
0 0.465442 0.484022 0.367763 0.345613
0 0.679627 0.292412 0.123735 0.105091
0 0.666367 0.0487751 0.117448 0.0975502
0 0.405496 0.244119 0.107215 0.0972567
0 0.917566 0.200924 0.0797661 0.0562095
0 0.850575 0.385421 0.0658993 0.0998884
0 0.127167 0.400661 0.236114 0.431936
