0 0.75314 0.31935 0.179933 0.138422
0 0.0588721 0.0959967 0.117744 0.188331
0 0.683615 0.0739958 0.160834 0.147992
0 0.243344 0.104581 0.100973 0.209163
0 0.409304 0.459961 0.252938 0.25433
0 0.476333 0.827483 0.0758558 0.177566
0 0.94433 0.0467155 0.111341 0.093431
0 0.207325 0.437799 0.0918235 0.0988322
0 0.75314 0.31935 0.179933 0.138422
0 0.0588721 0.0959967 0.117744 0.188331
0 0.683615 0.0739958 0.160834 0.147992
0 0.243344 0.104581 0.100973 0.209163
0 0.409304 0.459961 0.252938 0.25433
0 0.476333 0.827483 0.0758558 0.177566
0 0.94433 0.0467155 0.111341 0.093431
0 0.207325 0.437799 0.0918235 0.0988322
0 0.754645 0.316325 0.163149 0.134932
0 0.648555 0.198793 0.101101 0.0577426
0 0.0569135 0.0902326 0.113827 0.180465
0 0.402387 0.457177 0.220332 0.231372
0 0.943273 0.372106 0.112036 0.118484
0 0.241051 0.0975692 0.105261 0.195138
0 0.968691 0.512206 0.0626185 0.207648
