0 0.254848 0.119697 0.138373 0.104205
0 0.24207 0.333213 0.0941893 0.0826405
0 0.828644 0.798791 0.145711 0.402418
0 0.466725 0.336617 0.0635962 0.126667
0 0.793517 0.4732 0.0878754 0.162756
0 0.123636 0.134771 0.115851 0.086854
0 0.954361 0.563621 0.091278 0.112805
0 0.503715 0.165704 0.0793899 0.0639512
0 0.832195 0.780849 0.121638 0.353137
0 0.254848 0.119697 0.138373 0.104205
0 0.24207 0.333213 0.0941893 0.0826405
0 0.828644 0.798791 0.145711 0.402418
0 0.466725 0.336617 0.0635962 0.126667
0 0.793517 0.4732 0.0878754 0.162756
0 0.123636 0.134771 0.115851 0.086854
0 0.954361 0.563621 0.091278 0.112805
0 0.503715 0.165704 0.0793899 0.0639512
0 0.832195 0.780849 0.121638 0.353137
0 0.248574 0.125069 0.170632 0.113741
0 0.800595 0.475496 0.0884238 0.169858
0 0.246199 0.335086 0.104633 0.0713506
0 0.469404 0.331674 0.0650412 0.123871
0 0.954796 0.555695 0.0904083 0.120434
0 0.364679 0.202547 0.0603046 0.088137
0 0.49521 0.160188 0.0576105 0.0577148
0 0.949043 0.335326 0.0941589 0.1379
0 0.112535 0.143327 0.107452 0.085625
0 0.838555 0.789084 0.121241 0.381974
0 0.101059 0.319605 0.0751746 0.0742167
0 0.848338 0.745923 0.104469 0.281473
