0 0.204907 0.337177 0.213188 0.231506
0 0.241354 0.0518266 0.10859 0.0971541
0 0.965439 0.596777 0.0652359 0.165862
0 0.0426947 0.942525 0.0812383 0.114951
0 0.760586 0.230731 0.0775648 0.158472
0 0.807331 0.449503 0.0854051 0.111688
0 0.463792 0.865602 0.132025 0.199677
0 0.749816 0.944438 0.114851 0.0997701
0 0.204907 0.337177 0.213188 0.231506
0 0.241354 0.0518266 0.10859 0.0971541
0 0.965439 0.596777 0.0652359 0.165862
0 0.0426947 0.942525 0.0812383 0.114951
0 0.760586 0.230731 0.0775648 0.158472
0 0.807331 0.449503 0.0854051 0.111688
0 0.463792 0.865602 0.132025 0.199677
0 0.749816 0.944438 0.114851 0.0997701
0 0.206295 0.333666 0.198156 0.221471
0 0.807219 0.449736 0.0837725 0.116922
0 0.241001 0.0651643 0.104719 0.0965878
0 0.967897 0.600952 0.0642063 0.183839
0 0.758493 0.946509 0.14698 0.106982
0 0.0260246 0.212856 0.0520491 0.118299
0 0.766074 0.229416 0.0609715 0.142103
0 0.0553064 0.934741 0.093295 0.105025
