0 0.202982 0.166544 0.234369 0.257838
0 0.716989 0.588814 0.143362 0.201091
0 0.945789 0.843683 0.105268 0.266414
0 0.687003 0.77416 0.14996 0.336983
0 0.399933 0.184348 0.0922983 0.100933
0 0.373801 0.422478 0.0479034 0.14444
0 0.946048 0.302024 0.107903 0.101161
0 0.833372 0.403665 0.0920207 0.0973748
0 0.202982 0.166544 0.234369 0.257838
0 0.716989 0.588814 0.143362 0.201091
0 0.945789 0.843683 0.105268 0.266414
0 0.687003 0.77416 0.14996 0.336983
0 0.399933 0.184348 0.0922983 0.100933
0 0.373801 0.422478 0.0479034 0.14444
0 0.946048 0.302024 0.107903 0.101161
0 0.833372 0.403665 0.0920207 0.0973748
0 0.719416 0.58652 0.143146 0.181677
0 0.692479 0.78263 0.150602 0.298953
0 0.201652 0.164667 0.229008 0.255529
0 0.942349 0.302786 0.110058 0.10324
0 0.833596 0.408232 0.0915089 0.0908939
0 0.942761 0.85667 0.102412 0.271048
0 0.370476 0.421093 0.0478515 0.165223
0 0.620978 0.369837 0.131789 0.124638
0 0.396692 0.180681 0.090924 0.101665
0 0.0902063 0.368258 0.0613841 0.042149
