0 0.0902658 0.822614 0.180532 0.239418
0 0.473007 0.799988 0.180451 0.163631
0 0.343029 0.4533 0.136505 0.154357
0 0.471332 0.613349 0.106718 0.109997
0 0.853141 0.720783 0.085479 0.13544
0 0.546307 0.205 0.0968088 0.06889
0 0.686435 0.784377 0.111835 0.120158
0 0.21201 0.116695 0.116412 0.0798314
0 0.349465 0.313518 0.107198 0.0920465
0 0.828153 0.599231 0.0839752 0.1055
0 0.741496 0.71898 0.0815527 0.113019
0 0.0902658 0.822614 0.180532 0.239418
0 0.473007 0.799988 0.180451 0.163631
0 0.343029 0.4533 0.136505 0.154357
0 0.471332 0.613349 0.106718 0.109997
0 0.853141 0.720783 0.085479 0.13544
0 0.546307 0.205 0.0968088 0.06889
0 0.686435 0.784377 0.111835 0.120158
0 0.21201 0.116695 0.116412 0.0798314
0 0.349465 0.313518 0.107198 0.0920465
0 0.828153 0.599231 0.0839752 0.1055
0 0.741496 0.71898 0.0815527 0.113019
0 0.341973 0.462566 0.141035 0.138066
0 0.467805 0.793976 0.17436 0.16011
0 0.0881745 0.826216 0.176349 0.207536
0 0.46205 0.60758 0.0983233 0.10329
0 0.856661 0.718104 0.0781891 0.124641
0 0.344909 0.312711 0.0969808 0.0894673
0 0.57805 0.80596 0.055415 0.0756939
0 0.970965 0.734499 0.0580698 0.142558
0 0.818294 0.357283 0.0908379 0.0516052
0 0.507749 0.320363 0.064711 0.0658254
0 0.209241 0.122021 0.122915 0.0698377
