0 0.390758 0.525349 0.114379 0.135872
0 0.54057 0.422332 0.13262 0.134594
0 0.859037 0.875656 0.142391 0.134082
0 0.314781 0.377843 0.142144 0.142325
0 0.489873 0.212341 0.0959767 0.093053
0 0.0449975 0.0749233 0.0899949 0.115765
0 0.97457 0.763018 0.0508604 0.177224
0 0.0364216 0.220792 0.0728433 0.158019
0 0.522128 0.650239 0.0931684 0.114119
0 0.390758 0.525349 0.114379 0.135872
0 0.54057 0.422332 0.13262 0.134594
0 0.859037 0.875656 0.142391 0.134082
0 0.314781 0.377843 0.142144 0.142325
0 0.489873 0.212341 0.0959767 0.093053
0 0.0449975 0.0749233 0.0899949 0.115765
0 0.97457 0.763018 0.0508604 0.177224
0 0.0364216 0.220792 0.0728433 0.158019
0 0.522128 0.650239 0.0931684 0.114119
0 0.385588 0.527715 0.112362 0.123089
0 0.855567 0.874885 0.138389 0.130474
0 0.177369 0.349751 0.0936996 0.205908
0 0.330491 0.388324 0.139583 0.140796
0 0.0786503 0.327593 0.126342 0.13289
0 0.0385469 0.0721791 0.0770937 0.092288
0 0.976958 0.781347 0.0460841 0.180707
0 0.546703 0.414581 0.108762 0.111313
