0 0.159059 0.310879 0.193255 0.163202
0 0.153619 0.440007 0.115688 0.12099
0 0.686776 0.363852 0.140047 0.116212
0 0.127833 0.846917 0.255667 0.198679
0 0.277384 0.257779 0.109791 0.149553
0 0.225888 0.751877 0.186662 0.182811
0 0.547145 0.72802 0.145339 0.389909
0 0.562739 0.753476 0.116971 0.329922
0 0.159059 0.310879 0.193255 0.163202
0 0.153619 0.440007 0.115688 0.12099
0 0.686776 0.363852 0.140047 0.116212
0 0.127833 0.846917 0.255667 0.198679
0 0.277384 0.257779 0.109791 0.149553
0 0.225888 0.751877 0.186662 0.182811
0 0.547145 0.72802 0.145339 0.389909
0 0.562739 0.753476 0.116971 0.329922
0 0.131824 0.842336 0.254974 0.195496
0 0.163913 0.306012 0.189397 0.191064
0 0.686446 0.370018 0.126035 0.123684
0 0.162748 0.433341 0.146435 0.126264
0 0.23085 0.751823 0.189522 0.189317
0 0.270446 0.265179 0.118465 0.145026
0 0.551408 0.712385 0.138366 0.386262
0 0.469011 0.0446232 0.12094 0.0892463
0 0.815738 0.0397259 0.0976584 0.0720981
0 0.154077 0.136551 0.0899227 0.0656293
0 0.830582 0.411279 0.0892246 0.0938834
