0 0.592576 0.353743 0.122516 0.0924
0 0.813547 0.178638 0.223466 0.162948
0 0.617774 0.187584 0.137499 0.113908
0 0.945583 0.315921 0.108834 0.157037
0 0.642686 0.28651 0.101338 0.0861508
0 0.592576 0.353743 0.122516 0.0924
0 0.813547 0.178638 0.223466 0.162948
0 0.617774 0.187584 0.137499 0.113908
0 0.945583 0.315921 0.108834 0.157037
0 0.642686 0.28651 0.101338 0.0861508
0 0.584849 0.354275 0.136073 0.0982257
0 0.645521 0.291743 0.103461 0.0700753
0 0.624151 0.18797 0.127947 0.118634
0 0.822582 0.179898 0.231774 0.17545
0 0.944983 0.306239 0.109417 0.18633
0 0.0355431 0.144927 0.0710861 0.114422
