0 0.188991 0.147725 0.195308 0.195098
0 0.501244 0.335731 0.155543 0.230202
0 0.642433 0.0840537 0.129487 0.127387
0 0.339626 0.365808 0.267902 0.279684
0 0.841199 0.408195 0.0565418 0.152114
0 0.923588 0.844605 0.152824 0.31079
0 0.178436 0.894902 0.0959474 0.119514
0 0.0616703 0.903337 0.110669 0.143267
0 0.370669 0.0862705 0.102295 0.0878671
0 0.546117 0.150659 0.100801 0.075518
0 0.756345 0.235754 0.0988954 0.0637738
0 0.324344 0.539427 0.0933309 0.167149
0 0.28191 0.944543 0.120228 0.101143
0 0.942725 0.852241 0.114551 0.295517
0 0.188991 0.147725 0.195308 0.195098
0 0.501244 0.335731 0.155543 0.230202
0 0.642433 0.0840537 0.129487 0.127387
0 0.339626 0.365808 0.267902 0.279684
0 0.841199 0.408195 0.0565418 0.152114
0 0.923588 0.844605 0.152824 0.31079
0 0.178436 0.894902 0.0959474 0.119514
0 0.0616703 0.903337 0.110669 0.143267
0 0.370669 0.0862705 0.102295 0.0878671
0 0.546117 0.150659 0.100801 0.075518
0 0.756345 0.235754 0.0988954 0.0637738
0 0.324344 0.539427 0.0933309 0.167149
0 0.28191 0.944543 0.120228 0.101143
0 0.942725 0.852241 0.114551 0.295517
0 0.187046 0.147378 0.190084 0.195548
0 0.505858 0.340579 0.157555 0.280191
0 0.648415 0.0796931 0.1442 0.132323
0 0.841838 0.293756 0.0805466 0.0608552
0 0.759533 0.236506 0.0978417 0.062197
0 0.544592 0.151769 0.0996595 0.0661511
0 0.844182 0.409117 0.0516944 0.163349
