0 0.50631 0.509002 0.201752 0.347803
0 0.252726 0.717326 0.226044 0.21473
0 0.277028 0.386787 0.242796 0.284888
0 0.565463 0.773196 0.174377 0.119112
0 0.542201 0.902834 0.312086 0.194333
0 0.220984 0.401881 0.102146 0.224541
0 0.879895 0.787273 0.179152 0.257145
0 0.313935 0.420111 0.151387 0.246043
0 0.766934 0.546718 0.125929 0.14688
0 0.415448 0.295386 0.10049 0.131075
0 0.0366917 0.538814 0.0679481 0.281815
0 0.851467 0.235744 0.0916531 0.0967759
0 0.50631 0.509002 0.201752 0.347803
0 0.252726 0.717326 0.226044 0.21473
0 0.277028 0.386787 0.242796 0.284888
0 0.565463 0.773196 0.174377 0.119112
0 0.542201 0.902834 0.312086 0.194333
0 0.220984 0.401881 0.102146 0.224541
0 0.879895 0.787273 0.179152 0.257145
0 0.313935 0.420111 0.151387 0.246043
0 0.766934 0.546718 0.125929 0.14688
0 0.415448 0.295386 0.10049 0.131075
0 0.0366917 0.538814 0.0679481 0.281815
0 0.851467 0.235744 0.0916531 0.0967759
0 0.263803 0.742978 0.233166 0.260139
0 0.566634 0.775419 0.171709 0.128682
0 0.765736 0.550057 0.112214 0.14137
0 0.285077 0.396914 0.238571 0.289003
0 0.569765 0.897318 0.219356 0.186639
0 0.512915 0.520068 0.20536 0.338025
0 0.409289 0.296337 0.107569 0.143061
0 0.719802 0.634037 0.0757455 0.0748689
0 0.608106 0.531587 0.102791 0.139751
0 0.0418417 0.575251 0.0836833 0.317007
0 0.855301 0.235739 0.0934471 0.0889091
0 0.96896 0.581578 0.0620794 0.12618
0 0.932888 0.41898 0.0792667 0.0891171
0 0.604419 0.328884 0.175289 0.186404
0 0.0414204 0.0597047 0.0828408 0.119409
