0 0.653365 0.490014 0.146634 0.158164
0 0.914252 0.784566 0.158859 0.262846
0 0.75727 0.812013 0.130733 0.211764
0 0.483779 0.502224 0.109108 0.234123
0 0.855325 0.910854 0.162018 0.178292
0 0.348977 0.788454 0.0689975 0.147036
0 0.621376 0.89657 0.0924812 0.19945
0 0.208206 0.46916 0.0832315 0.208583
0 0.182166 0.31822 0.151348 0.14781
0 0.0556747 0.500237 0.101443 0.167872
0 0.33588 0.492021 0.0791098 0.180125
0 0.586867 0.623875 0.108084 0.122838
0 0.347253 0.960325 0.134239 0.0793494
0 0.592816 0.539502 0.128611 0.168945
0 0.732844 0.589466 0.0576851 0.119277
0 0.473733 0.820398 0.0502056 0.172494
0 0.844428 0.891045 0.21745 0.217909
0 0.700839 0.420682 0.115815 0.129312
0 0.569643 0.733733 0.0746257 0.107997
0 0.959338 0.460816 0.0760693 0.141194
0 0.416145 0.459253 0.0652261 0.200623
0 0.653365 0.490014 0.146634 0.158164
0 0.914252 0.784566 0.158859 0.262846
0 0.75727 0.812013 0.130733 0.211764
0 0.483779 0.502224 0.109108 0.234123
0 0.855325 0.910854 0.162018 0.178292
0 0.348977 0.788454 0.0689975 0.147036
0 0.621376 0.89657 0.0924812 0.19945
0 0.208206 0.46916 0.0832315 0.208583
0 0.182166 0.31822 0.151348 0.14781
0 0.0556747 0.500237 0.101443 0.167872
0 0.33588 0.492021 0.0791098 0.180125
0 0.586867 0.623875 0.108084 0.122838
0 0.347253 0.960325 0.134239 0.0793494
0 0.592816 0.539502 0.128611 0.168945
0 0.732844 0.589466 0.0576851 0.119277
0 0.473733 0.820398 0.0502056 0.172494
0 0.844428 0.891045 0.21745 0.217909
0 0.700839 0.420682 0.115815 0.129312
0 0.569643 0.733733 0.0746257 0.107997
0 0.959338 0.460816 0.0760693 0.141194
0 0.416145 0.459253 0.0652261 0.200623
0 0.612806 0.560193 0.167676 0.204371
0 0.655119 0.48906 0.141889 0.145217
0 0.353804 0.784298 0.0630285 0.131089
0 0.618571 0.898769 0.0732858 0.202462
0 0.491659 0.506108 0.0963528 0.222203
0 0.209617 0.456393 0.0771502 0.237866
0 0.183 0.573019 0.0934509 0.125481
0 0.100642 0.397771 0.132562 0.112869
0 0.417489 0.446649 0.0705471 0.170949
0 0.912475 0.780788 0.141466 0.228311
0 0.867775 0.924292 0.152721 0.151416
0 0.958618 0.458718 0.0764874 0.152747
0 0.372159 0.311438 0.0560188 0.164159
0 0.0486143 0.505365 0.0911135 0.18375
0 0.174216 0.294648 0.116565 0.115573
0 0.588956 0.628917 0.113088 0.101711
0 0.734283 0.589235 0.0627222 0.117317
