0 0.894525 0.391506 0.21095 0.168309
0 0.532963 0.368922 0.135735 0.108088
0 0.748409 0.244161 0.19005 0.199265
0 0.886901 0.133232 0.121053 0.0894841
0 0.583218 0.30853 0.11257 0.0907036
0 0.645317 0.0842298 0.182883 0.12394
0 0.410418 0.854739 0.142159 0.290521
0 0.40561 0.879915 0.117887 0.24017
0 0.557965 0.219951 0.0866898 0.115477
0 0.427064 0.0674058 0.0961597 0.0876382
0 0.965228 0.32105 0.0654011 0.0808197
0 0.894525 0.391506 0.21095 0.168309
0 0.532963 0.368922 0.135735 0.108088
0 0.748409 0.244161 0.19005 0.199265
0 0.886901 0.133232 0.121053 0.0894841
0 0.583218 0.30853 0.11257 0.0907036
0 0.645317 0.0842298 0.182883 0.12394
0 0.410418 0.854739 0.142159 0.290521
0 0.40561 0.879915 0.117887 0.24017
0 0.557965 0.219951 0.0866898 0.115477
0 0.427064 0.0674058 0.0961597 0.0876382
0 0.965228 0.32105 0.0654011 0.0808197
0 0.533266 0.372824 0.140049 0.113386
0 0.751736 0.240931 0.215415 0.214267
0 0.65327 0.092603 0.183863 0.132096
0 0.892634 0.399004 0.214733 0.181444
0 0.582503 0.306522 0.108551 0.108236
0 0.560679 0.218974 0.0869299 0.123287
0 0.425999 0.0730079 0.0963878 0.0703522
