0 0.140583 0.144955 0.20753 0.205131
0 0.894716 0.803826 0.199314 0.244273
0 0.945234 0.435853 0.109532 0.191404
0 0.810419 0.605309 0.0674425 0.210069
0 0.680375 0.556164 0.0797749 0.0914828
0 0.81911 0.067917 0.074386 0.12018
0 0.568476 0.116428 0.329523 0.232856
0 0.180517 0.651569 0.0920672 0.219927
0 0.938378 0.625799 0.123244 0.135663
0 0.619855 0.334617 0.0690229 0.179502
0 0.140583 0.144955 0.20753 0.205131
0 0.894716 0.803826 0.199314 0.244273
0 0.945234 0.435853 0.109532 0.191404
0 0.810419 0.605309 0.0674425 0.210069
0 0.680375 0.556164 0.0797749 0.0914828
0 0.81911 0.067917 0.074386 0.12018
0 0.568476 0.116428 0.329523 0.232856
0 0.180517 0.651569 0.0920672 0.219927
0 0.938378 0.625799 0.123244 0.135663
0 0.619855 0.334617 0.0690229 0.179502
0 0.140448 0.146042 0.197583 0.193601
0 0.651505 0.120784 0.0653571 0.0652943
0 0.733568 0.109723 0.118178 0.137325
0 0.815301 0.6024 0.0662498 0.224308
0 0.945351 0.433587 0.103185 0.171985
0 0.144107 0.843009 0.288215 0.313981
