0 0.696505 0.353467 0.153794 0.12998
0 0.148752 0.287944 0.222802 0.191746
0 0.124306 0.835429 0.248613 0.1881
0 0.145796 0.422706 0.115812 0.113649
0 0.220344 0.731652 0.204896 0.188642
0 0.530833 0.670403 0.116683 0.351927
0 0.709306 0.089775 0.120072 0.114645
0 0.521048 0.658726 0.155647 0.452053
0 0.535769 0.698018 0.148804 0.391817
0 0.696505 0.353467 0.153794 0.12998
0 0.148752 0.287944 0.222802 0.191746
0 0.124306 0.835429 0.248613 0.1881
0 0.145796 0.422706 0.115812 0.113649
0 0.220344 0.731652 0.204896 0.188642
0 0.530833 0.670403 0.116683 0.351927
0 0.709306 0.089775 0.120072 0.114645
0 0.521048 0.658726 0.155647 0.452053
0 0.535769 0.698018 0.148804 0.391817
0 0.120989 0.837978 0.241977 0.206165
0 0.684585 0.35682 0.148878 0.12764
0 0.152552 0.418505 0.150078 0.126425
0 0.223322 0.739756 0.18834 0.187625
0 0.152655 0.282444 0.219965 0.196122
0 0.532109 0.677813 0.121285 0.386512
