0 0.725019 0.512691 0.158557 0.214652
0 0.571132 0.837426 0.148548 0.138192
0 0.822362 0.828418 0.24534 0.343164
0 0.941778 0.52542 0.0958797 0.183682
0 0.197203 0.292341 0.179386 0.177396
0 0.415977 0.497586 0.130443 0.15298
0 0.107645 0.847713 0.21529 0.304574
0 0.674814 0.255369 0.110325 0.119586
0 0.521646 0.707177 0.0911665 0.271979
0 0.314498 0.502363 0.0534452 0.162106
0 0.280285 0.16569 0.0898031 0.0754868
0 0.0398454 0.269119 0.0794238 0.134852
0 0.492725 0.464431 0.0538595 0.131781
0 0.0301058 0.654154 0.0602115 0.242934
0 0.586536 0.971451 0.160149 0.0570972
0 0.725019 0.512691 0.158557 0.214652
0 0.571132 0.837426 0.148548 0.138192
0 0.822362 0.828418 0.24534 0.343164
0 0.941778 0.52542 0.0958797 0.183682
0 0.197203 0.292341 0.179386 0.177396
0 0.415977 0.497586 0.130443 0.15298
0 0.107645 0.847713 0.21529 0.304574
0 0.674814 0.255369 0.110325 0.119586
0 0.521646 0.707177 0.0911665 0.271979
0 0.314498 0.502363 0.0534452 0.162106
0 0.280285 0.16569 0.0898031 0.0754868
0 0.0398454 0.269119 0.0794238 0.134852
0 0.492725 0.464431 0.0538595 0.131781
0 0.0301058 0.654154 0.0602115 0.242934
0 0.586536 0.971451 0.160149 0.0570972
0 0.729124 0.511349 0.150851 0.233481
0 0.816642 0.819196 0.261324 0.361609
0 0.196984 0.287372 0.183658 0.188231
0 0.411486 0.501558 0.123207 0.160345
0 0.568354 0.833812 0.161132 0.144707
0 0.942263 0.52288 0.0983177 0.1908
0 0.519631 0.710597 0.0960558 0.264876
0 0.31702 0.504072 0.0557303 0.159187
0 0.667711 0.253573 0.11305 0.11007
0 0.100716 0.837542 0.201431 0.27788
0 0.0465722 0.273673 0.0929679 0.141459
0 0.53644 0.275775 0.0611342 0.0643848
0 0.433511 0.182184 0.0994431 0.125371
0 0.280588 0.171645 0.0992643 0.081274
0 0.126015 0.816739 0.252031 0.366522
