0 0.656807 0.748617 0.13037 0.297868
0 0.697743 0.564622 0.137767 0.20675
0 0.167657 0.141191 0.260819 0.269455
0 0.925391 0.82612 0.109268 0.264028
0 0.361522 0.408709 0.0517242 0.148141
0 0.933322 0.286193 0.128784 0.103253
0 0.394981 0.165903 0.0800013 0.103329
0 0.817963 0.390495 0.0877068 0.0996993
0 0.299596 0.420607 0.0581038 0.110899
0 0.602339 0.340117 0.11146 0.0940554
0 0.656807 0.748617 0.13037 0.297868
0 0.697743 0.564622 0.137767 0.20675
0 0.167657 0.141191 0.260819 0.269455
0 0.925391 0.82612 0.109268 0.264028
0 0.361522 0.408709 0.0517242 0.148141
0 0.933322 0.286193 0.128784 0.103253
0 0.394981 0.165903 0.0800013 0.103329
0 0.817963 0.390495 0.0877068 0.0996993
0 0.299596 0.420607 0.0581038 0.110899
0 0.602339 0.340117 0.11146 0.0940554
0 0.697105 0.567771 0.141417 0.19229
0 0.165944 0.149977 0.24446 0.264145
0 0.932906 0.294535 0.133062 0.110503
0 0.65801 0.754838 0.146979 0.28698
0 0.818292 0.393846 0.0894665 0.0956211
0 0.921408 0.824229 0.111074 0.277438
0 0.599876 0.421936 0.0856152 0.0590257
0 0.393971 0.161894 0.0744274 0.0959688
0 0.621453 0.360764 0.141763 0.12523
0 0.444853 0.036389 0.0568035 0.0609526
