0 0.24502 0.462764 0.154568 0.114388
0 0.260505 0.334347 0.144525 0.117078
0 0.260871 0.715238 0.119627 0.156424
0 0.940626 0.47087 0.103951 0.144804
0 0.694419 0.0993595 0.08237 0.0614222
0 0.504313 0.195344 0.105717 0.086112
0 0.0611682 0.688617 0.121111 0.135709
0 0.940597 0.62718 0.117733 0.145147
0 0.24502 0.462764 0.154568 0.114388
0 0.260505 0.334347 0.144525 0.117078
0 0.260871 0.715238 0.119627 0.156424
0 0.940626 0.47087 0.103951 0.144804
0 0.694419 0.0993595 0.08237 0.0614222
0 0.504313 0.195344 0.105717 0.086112
0 0.0611682 0.688617 0.121111 0.135709
0 0.940597 0.62718 0.117733 0.145147
0 0.259483 0.330443 0.141628 0.10773
0 0.249134 0.467243 0.154692 0.116989
0 0.11942 0.921876 0.203246 0.154567
0 0.506173 0.198789 0.105615 0.0766793
0 0.936947 0.46807 0.1171 0.149235
0 0.945957 0.631486 0.10306 0.119997
0 0.0584384 0.686276 0.114555 0.0990326
0 0.602294 0.35484 0.0874611 0.109194
0 0.0820877 0.317642 0.0666471 0.0623039
0 0.137974 0.784143 0.254563 0.263988
0 0.220132 0.907283 0.186606 0.174133
