0 0.166324 0.553748 0.112786 0.30592
0 0.44689 0.570631 0.0865469 0.245474
0 0.464394 0.881006 0.130821 0.237987
0 0.0804173 0.425963 0.114993 0.178627
0 0.574693 0.495424 0.0830783 0.22738
0 0.457718 0.29526 0.0979796 0.131745
0 0.577941 0.932142 0.118328 0.135717
0 0.614243 0.0775167 0.133422 0.11668
0 0.168113 0.343741 0.0921541 0.117093
0 0.0996477 0.16704 0.094003 0.177137
0 0.373474 0.275567 0.0598981 0.129659
0 0.086302 0.650121 0.0490406 0.164508
0 0.153845 0.537583 0.151964 0.320075
0 0.905214 0.404004 0.0553389 0.102906
0 0.883593 0.925461 0.142452 0.146389
0 0.920918 0.286238 0.136929 0.176831
0 0.0851411 0.62402 0.0613718 0.21956
0 0.166324 0.553748 0.112786 0.30592
0 0.44689 0.570631 0.0865469 0.245474
0 0.464394 0.881006 0.130821 0.237987
0 0.0804173 0.425963 0.114993 0.178627
0 0.574693 0.495424 0.0830783 0.22738
0 0.457718 0.29526 0.0979796 0.131745
0 0.577941 0.932142 0.118328 0.135717
0 0.614243 0.0775167 0.133422 0.11668
0 0.168113 0.343741 0.0921541 0.117093
0 0.0996477 0.16704 0.094003 0.177137
0 0.373474 0.275567 0.0598981 0.129659
0 0.086302 0.650121 0.0490406 0.164508
0 0.153845 0.537583 0.151964 0.320075
0 0.905214 0.404004 0.0553389 0.102906
0 0.883593 0.925461 0.142452 0.146389
0 0.920918 0.286238 0.136929 0.176831
0 0.0851411 0.62402 0.0613718 0.21956
0 0.672183 0.175249 0.142019 0.131207
0 0.458497 0.293632 0.0866109 0.122614
0 0.418631 0.199321 0.137126 0.126866
0 0.609646 0.0824834 0.114613 0.101615
0 0.239841 0.0871904 0.119181 0.129244
0 0.586493 0.922038 0.190685 0.155924
0 0.512776 0.118736 0.104306 0.129409
0 0.162027 0.546156 0.12742 0.302451
0 0.915242 0.278984 0.130579 0.173084
0 0.58377 0.484327 0.0814507 0.234214
0 0.034454 0.170805 0.068908 0.119636
0 0.448156 0.563346 0.0960665 0.270312
0 0.0842181 0.432866 0.129897 0.189765
0 0.175667 0.340662 0.0872615 0.126838
0 0.92519 0.657332 0.128236 0.171216
0 0.369053 0.286083 0.0504833 0.109537
