0 0.404967 0.333211 0.143668 0.132642
0 0.5744 0.75243 0.22029 0.3711
0 0.602585 0.299462 0.157621 0.145975
0 0.708747 0.56445 0.163355 0.253308
0 0.0630181 0.326047 0.121904 0.134253
0 0.418229 0.734936 0.245021 0.372975
0 0.783958 0.406511 0.0589203 0.127727
0 0.358018 0.196271 0.086765 0.171237
0 0.404967 0.333211 0.143668 0.132642
0 0.5744 0.75243 0.22029 0.3711
0 0.602585 0.299462 0.157621 0.145975
0 0.708747 0.56445 0.163355 0.253308
0 0.0630181 0.326047 0.121904 0.134253
0 0.418229 0.734936 0.245021 0.372975
0 0.783958 0.406511 0.0589203 0.127727
0 0.358018 0.196271 0.086765 0.171237
0 0.0639933 0.321737 0.127987 0.133522
0 0.402186 0.331353 0.140423 0.132736
0 0.602817 0.302316 0.171915 0.159187
0 0.712039 0.567904 0.156485 0.26427
0 0.0698479 0.184965 0.101536 0.0865073
0 0.54198 0.152855 0.125325 0.100871
0 0.569002 0.744838 0.234815 0.418501
0 0.412181 0.745986 0.223146 0.403875
0 0.216529 0.517428 0.0585803 0.209788
0 0.687927 0.204664 0.0947604 0.106552
0 0.268667 0.609192 0.0748397 0.17409
0 0.627675 0.940607 0.0899874 0.117749
0 0.514455 0.439961 0.0463121 0.127254
0 0.782524 0.406055 0.0605042 0.105301
