0 0.0723769 0.0945614 0.144754 0.189123
0 0.656351 0.530309 0.30062 0.260663
0 0.758391 0.315921 0.166489 0.135204
0 0.394913 0.436909 0.220242 0.227416
0 0.0642786 0.825247 0.125668 0.143387
0 0.267208 0.110741 0.1117 0.221482
0 0.948573 0.049002 0.102855 0.098004
0 0.930888 0.803102 0.138225 0.393796
0 0.0723769 0.0945614 0.144754 0.189123
0 0.656351 0.530309 0.30062 0.260663
0 0.758391 0.315921 0.166489 0.135204
0 0.394913 0.436909 0.220242 0.227416
0 0.0642786 0.825247 0.125668 0.143387
0 0.267208 0.110741 0.1117 0.221482
0 0.948573 0.049002 0.102855 0.098004
0 0.930888 0.803102 0.138225 0.393796
0 0.761203 0.313159 0.155971 0.132348
0 0.0659524 0.0922942 0.131905 0.184588
0 0.653778 0.192519 0.0990753 0.0662027
0 0.947935 0.370124 0.104131 0.113109
0 0.384253 0.43929 0.208935 0.241434
0 0.62791 0.557305 0.353275 0.250521
0 0.252804 0.102731 0.110535 0.205463
0 0.0279603 0.783002 0.0559207 0.104217
0 0.970449 0.513615 0.0591015 0.208714
0 0.940782 0.724008 0.118435 0.255352
