0 0.312848 0.805417 0.315068 0.308732
0 0.294509 0.279256 0.157417 0.197285
0 0.734291 0.262998 0.150582 0.101795
0 0.672101 0.532247 0.112308 0.221258
0 0.940782 0.939994 0.114378 0.120011
0 0.282069 0.0730081 0.0800971 0.0687408
0 0.0807745 0.678105 0.0944579 0.295556
0 0.944668 0.353394 0.110664 0.116959
0 0.312848 0.805417 0.315068 0.308732
0 0.294509 0.279256 0.157417 0.197285
0 0.734291 0.262998 0.150582 0.101795
0 0.672101 0.532247 0.112308 0.221258
0 0.940782 0.939994 0.114378 0.120011
0 0.282069 0.0730081 0.0800971 0.0687408
0 0.0807745 0.678105 0.0944579 0.295556
0 0.944668 0.353394 0.110664 0.116959
0 0.3275 0.810702 0.261734 0.306225
0 0.284702 0.27562 0.152121 0.179579
0 0.724365 0.267826 0.151298 0.105579
0 0.668156 0.526462 0.0814619 0.183653
0 0.941842 0.360177 0.116002 0.118597
0 0.0743979 0.701436 0.122935 0.338943
0 0.276603 0.0985016 0.111342 0.13947
