0 0.389625 0.358763 0.273481 0.32939
0 0.0396547 0.902156 0.0791732 0.195688
0 0.387116 0.162393 0.153887 0.161606
0 0.772172 0.204439 0.105144 0.0817056
0 0.779339 0.0919755 0.134499 0.0992075
0 0.233476 0.354382 0.189411 0.3537
0 0.389625 0.358763 0.273481 0.32939
0 0.0396547 0.902156 0.0791732 0.195688
0 0.387116 0.162393 0.153887 0.161606
0 0.772172 0.204439 0.105144 0.0817056
0 0.779339 0.0919755 0.134499 0.0992075
0 0.233476 0.354382 0.189411 0.3537
0 0.392379 0.368268 0.252539 0.325184
0 0.775211 0.209938 0.108523 0.073477
0 0.381639 0.169896 0.157582 0.196433
0 0.303078 0.0229028 0.0938944 0.0458056
0 0.244018 0.315475 0.123937 0.24496
0 0.226422 0.478525 0.0683919 0.13087
0 0.0375537 0.879981 0.0715203 0.240038
0 0.919547 0.291913 0.117773 0.118642
