0 0.281156 0.402302 0.110217 0.149822
0 0.284293 0.264103 0.100347 0.189396
0 0.580277 0.634495 0.309077 0.378928
0 0.788844 0.589981 0.0853355 0.170081
0 0.110937 0.0975456 0.140778 0.159442
0 0.407937 0.244098 0.120157 0.198632
0 0.219436 0.239412 0.0743946 0.197239
0 0.331204 0.082908 0.0971243 0.077507
0 0.658448 0.736787 0.290408 0.450678
0 0.136583 0.702666 0.101109 0.210147
0 0.256426 0.680606 0.259476 0.181509
0 0.611731 0.657017 0.380971 0.451165
0 0.281156 0.402302 0.110217 0.149822
0 0.284293 0.264103 0.100347 0.189396
0 0.580277 0.634495 0.309077 0.378928
0 0.788844 0.589981 0.0853355 0.170081
0 0.110937 0.0975456 0.140778 0.159442
0 0.407937 0.244098 0.120157 0.198632
0 0.219436 0.239412 0.0743946 0.197239
0 0.331204 0.082908 0.0971243 0.077507
0 0.658448 0.736787 0.290408 0.450678
0 0.136583 0.702666 0.101109 0.210147
0 0.256426 0.680606 0.259476 0.181509
0 0.611731 0.657017 0.380971 0.451165
0 0.417425 0.252474 0.124347 0.196471
0 0.891986 0.92568 0.201529 0.148641
0 0.113731 0.0864018 0.12184 0.136937
0 0.794487 0.607302 0.0758484 0.241262
0 0.286916 0.399241 0.112726 0.127689
0 0.514972 0.433202 0.204116 0.138172
0 0.213451 0.229988 0.0844195 0.192115
0 0.72979 0.133407 0.127924 0.10632
0 0.0407918 0.125109 0.0815836 0.211939
0 0.609176 0.667425 0.380858 0.451487
0 0.910558 0.440913 0.169508 0.174897
0 0.551283 0.269213 0.0668796 0.172748
0 0.635152 0.749924 0.443008 0.471337
0 0.283387 0.277375 0.120677 0.2183
0 0.329193 0.080411 0.103636 0.0746771
0 0.387678 0.656556 0.228069 0.230849
