0 0.403587 0.211647 0.201213 0.19667
0 0.579294 0.809908 0.154647 0.380183
0 0.432744 0.667547 0.0680196 0.205491
0 0.62552 0.195458 0.115188 0.0991832
0 0.479555 0.419329 0.304718 0.211348
0 0.0815602 0.271439 0.16312 0.146099
0 0.919696 0.662917 0.160607 0.270867
0 0.220629 0.262629 0.111861 0.134634
0 0.187883 0.0467013 0.164926 0.0934026
0 0.932086 0.221624 0.112834 0.118876
0 0.870411 0.298392 0.114516 0.142626
0 0.403587 0.211647 0.201213 0.19667
0 0.579294 0.809908 0.154647 0.380183
0 0.432744 0.667547 0.0680196 0.205491
0 0.62552 0.195458 0.115188 0.0991832
0 0.479555 0.419329 0.304718 0.211348
0 0.0815602 0.271439 0.16312 0.146099
0 0.919696 0.662917 0.160607 0.270867
0 0.220629 0.262629 0.111861 0.134634
0 0.187883 0.0467013 0.164926 0.0934026
0 0.932086 0.221624 0.112834 0.118876
0 0.870411 0.298392 0.114516 0.142626
0 0.396445 0.212645 0.186234 0.200359
0 0.441494 0.677538 0.0776609 0.21561
0 0.462249 0.421355 0.293901 0.224791
0 0.619209 0.192937 0.140665 0.0967506
0 0.20122 0.0622802 0.190545 0.122468
0 0.571501 0.813082 0.161517 0.339368
0 0.220491 0.267808 0.133675 0.159819
0 0.0791548 0.273302 0.15831 0.147286
0 0.931763 0.21632 0.0955586 0.117374
0 0.876375 0.298232 0.108102 0.127372
