0 0.637125 0.496872 0.14724 0.132049
0 0.626556 0.910537 0.0667659 0.178926
0 0.243961 0.71357 0.0861712 0.249611
0 0.376459 0.70602 0.0998618 0.27231
0 0.846866 0.167574 0.137801 0.109605
0 0.495333 0.625344 0.116579 0.19271
0 0.320699 0.913634 0.0919553 0.172732
0 0.875673 0.679046 0.174368 0.226471
0 0.385291 0.47137 0.078986 0.147003
0 0.0370552 0.609806 0.0741104 0.184837
0 0.883748 0.524105 0.100413 0.252502
0 0.0363062 0.739516 0.0718738 0.205584
0 0.108649 0.346838 0.176182 0.175197
0 0.19711 0.450694 0.0496727 0.140527
0 0.309042 0.560565 0.107429 0.156877
0 0.139727 0.776885 0.0444433 0.129526
0 0.464029 0.816962 0.0786849 0.0836069
0 0.178042 0.201447 0.114158 0.0861571
0 0.637125 0.496872 0.14724 0.132049
0 0.626556 0.910537 0.0667659 0.178926
0 0.243961 0.71357 0.0861712 0.249611
0 0.376459 0.70602 0.0998618 0.27231
0 0.846866 0.167574 0.137801 0.109605
0 0.495333 0.625344 0.116579 0.19271
0 0.320699 0.913634 0.0919553 0.172732
0 0.875673 0.679046 0.174368 0.226471
0 0.385291 0.47137 0.078986 0.147003
0 0.0370552 0.609806 0.0741104 0.184837
0 0.883748 0.524105 0.100413 0.252502
0 0.0363062 0.739516 0.0718738 0.205584
0 0.108649 0.346838 0.176182 0.175197
0 0.19711 0.450694 0.0496727 0.140527
0 0.309042 0.560565 0.107429 0.156877
0 0.139727 0.776885 0.0444433 0.129526
0 0.464029 0.816962 0.0786849 0.0836069
0 0.178042 0.201447 0.114158 0.0861571
0 0.631998 0.507188 0.150106 0.141127
0 0.505485 0.668437 0.110978 0.263455
0 0.243922 0.716431 0.0899385 0.272639
0 0.372208 0.706478 0.103855 0.26672
0 0.630433 0.909838 0.0782321 0.177435
0 0.786738 0.380445 0.117404 0.0854004
0 0.112253 0.346032 0.177529 0.206623
0 0.323046 0.909462 0.0867958 0.181076
0 0.848211 0.172309 0.121274 0.0964754
0 0.0375079 0.743421 0.0744595 0.241899
0 0.324481 0.573474 0.135941 0.170998
0 0.0891969 0.587862 0.178394 0.243311
0 0.883682 0.904357 0.177498 0.160837
0 0.497169 0.201769 0.090921 0.0968871
0 0.683271 0.27213 0.0621049 0.0699281
0 0.0450374 0.623093 0.0880906 0.279704
0 0.452127 0.538992 0.0462523 0.168013
0 0.17527 0.198778 0.0968464 0.0831413
