0 0.173653 0.670473 0.217169 0.210722
0 0.465596 0.828929 0.127265 0.261432
0 0.77601 0.645207 0.110566 0.184335
0 0.711303 0.815798 0.0997194 0.134014
0 0.566621 0.337549 0.119413 0.108445
0 0.468913 0.842149 0.145049 0.315703
0 0.149268 0.675565 0.156595 0.203379
0 0.223131 0.516359 0.121169 0.0930331
0 0.173653 0.670473 0.217169 0.210722
0 0.465596 0.828929 0.127265 0.261432
0 0.77601 0.645207 0.110566 0.184335
0 0.711303 0.815798 0.0997194 0.134014
0 0.566621 0.337549 0.119413 0.108445
0 0.468913 0.842149 0.145049 0.315703
0 0.149268 0.675565 0.156595 0.203379
0 0.223131 0.516359 0.121169 0.0930331
0 0.559927 0.333746 0.128791 0.0983294
0 0.177295 0.671514 0.242022 0.202161
0 0.710176 0.811089 0.090445 0.133026
0 0.781081 0.638066 0.0930636 0.182572
0 0.292365 0.548813 0.0791323 0.0710166
0 0.461319 0.83185 0.121801 0.25185
0 0.269331 0.432179 0.0810638 0.0660149
0 0.0905866 0.285904 0.0908038 0.0505479
0 0.26141 0.356187 0.115686 0.072285
0 0.0841029 0.235734 0.110988 0.0622701
0 0.920718 0.640512 0.113735 0.120764
