0 0.159259 0.33722 0.114495 0.269977
0 0.826824 0.504958 0.183717 0.189526
0 0.418762 0.426123 0.164609 0.133566
0 0.875908 0.152679 0.247673 0.252668
0 0.127694 0.645981 0.194161 0.156719
0 0.583781 0.2577 0.132637 0.120721
0 0.929941 0.901945 0.140117 0.146017
0 0.465795 0.661757 0.362688 0.419926
0 0.959827 0.608541 0.0803453 0.205797
0 0.506069 0.70001 0.42102 0.431621
0 0.48493 0.318942 0.0651825 0.129675
0 0.945719 0.758741 0.108562 0.150961
0 0.573651 0.43214 0.114496 0.12693
0 0.274594 0.0902655 0.136566 0.0879413
0 0.533816 0.725323 0.541963 0.472778
0 0.254112 0.681242 0.118082 0.121152
0 0.159259 0.33722 0.114495 0.269977
0 0.826824 0.504958 0.183717 0.189526
0 0.418762 0.426123 0.164609 0.133566
0 0.875908 0.152679 0.247673 0.252668
0 0.127694 0.645981 0.194161 0.156719
0 0.583781 0.2577 0.132637 0.120721
0 0.929941 0.901945 0.140117 0.146017
0 0.465795 0.661757 0.362688 0.419926
0 0.959827 0.608541 0.0803453 0.205797
0 0.506069 0.70001 0.42102 0.431621
0 0.48493 0.318942 0.0651825 0.129675
0 0.945719 0.758741 0.108562 0.150961
0 0.573651 0.43214 0.114496 0.12693
0 0.274594 0.0902655 0.136566 0.0879413
0 0.533816 0.725323 0.541963 0.472778
0 0.254112 0.681242 0.118082 0.121152
0 0.123528 0.64022 0.186634 0.139292
0 0.262568 0.0979808 0.157992 0.108544
0 0.892721 0.159147 0.214557 0.22829
0 0.82102 0.509025 0.181922 0.186725
0 0.927849 0.900208 0.140895 0.143664
0 0.583356 0.269217 0.0920189 0.107207
0 0.56736 0.841965 0.101377 0.0674957
0 0.159807 0.334122 0.120272 0.244524
0 0.510331 0.740631 0.474805 0.470763
0 0.959496 0.595457 0.0810088 0.15439
0 0.432264 0.42895 0.139409 0.126328
0 0.946365 0.742671 0.101493 0.185512
