0 0.895276 0.477493 0.157538 0.145009
0 0.796318 0.621278 0.167043 0.121186
0 0.925371 0.680417 0.140195 0.11525
0 0.368199 0.896628 0.210958 0.206744
0 0.0783779 0.511146 0.156756 0.297692
0 0.937076 0.356854 0.125848 0.13055
0 0.542042 0.322085 0.102486 0.105456
0 0.365368 0.412799 0.0471528 0.169325
0 0.860635 0.229576 0.10752 0.0746149
0 0.622606 0.559528 0.0753948 0.108301
0 0.192134 0.0665212 0.0714275 0.130278
0 0.549439 0.745141 0.0946314 0.136534
0 0.904907 0.859452 0.0819119 0.199826
0 0.895276 0.477493 0.157538 0.145009
0 0.796318 0.621278 0.167043 0.121186
0 0.925371 0.680417 0.140195 0.11525
0 0.368199 0.896628 0.210958 0.206744
0 0.0783779 0.511146 0.156756 0.297692
0 0.937076 0.356854 0.125848 0.13055
0 0.542042 0.322085 0.102486 0.105456
0 0.365368 0.412799 0.0471528 0.169325
0 0.860635 0.229576 0.10752 0.0746149
0 0.622606 0.559528 0.0753948 0.108301
0 0.192134 0.0665212 0.0714275 0.130278
0 0.549439 0.745141 0.0946314 0.136534
0 0.904907 0.859452 0.0819119 0.199826
0 0.795013 0.629934 0.180077 0.120876
0 0.540861 0.328402 0.101069 0.1044
0 0.93718 0.356437 0.125371 0.123616
0 0.365587 0.899869 0.176572 0.200263
0 0.89204 0.476086 0.142308 0.149701
0 0.0719505 0.514476 0.143901 0.272173
0 0.899242 0.845834 0.100435 0.176868
0 0.052024 0.166568 0.104048 0.0715077
0 0.608274 0.160366 0.0757347 0.0621899
0 0.922596 0.682054 0.12691 0.0947069
0 0.277286 0.269496 0.0918214 0.0768498
0 0.392634 0.277675 0.0685384 0.0759786
0 0.332353 0.233832 0.0574988 0.0756249
0 0.864323 0.242647 0.0913033 0.0632207
0 0.363239 0.418033 0.0334508 0.147012
0 0.168599 0.798727 0.337198 0.402547
