0 0.201403 0.346421 0.192396 0.202201
0 0.968592 0.593802 0.0628168 0.160762
0 0.811551 0.45055 0.0843899 0.126674
0 0.239008 0.0528498 0.115558 0.0991014
0 0.871892 0.313018 0.046236 0.104724
0 0.764777 0.22924 0.0710223 0.163426
0 0.201403 0.346421 0.192396 0.202201
0 0.968592 0.593802 0.0628168 0.160762
0 0.811551 0.45055 0.0843899 0.126674
0 0.239008 0.0528498 0.115558 0.0991014
0 0.871892 0.313018 0.046236 0.104724
0 0.764777 0.22924 0.0710223 0.163426
0 0.206209 0.337703 0.190736 0.226043
0 0.80944 0.445786 0.0838768 0.114658
0 0.971489 0.602782 0.0570218 0.177207
0 0.248043 0.0681691 0.103601 0.0973439
0 0.0281539 0.224143 0.0563078 0.126687
0 0.766968 0.229261 0.0634514 0.149328
0 0.7554 0.944722 0.150165 0.110556
