0 0.308729 0.583559 0.1378 0.23581
0 0.458528 0.442368 0.220008 0.261707
0 0.481378 0.25871 0.145034 0.167487
0 0.233688 0.317637 0.142718 0.24014
0 0.271509 0.405731 0.127628 0.174929
0 0.213297 0.976761 0.145415 0.0464787
0 0.0456222 0.525415 0.0895356 0.170708
0 0.308729 0.583559 0.1378 0.23581
0 0.458528 0.442368 0.220008 0.261707
0 0.481378 0.25871 0.145034 0.167487
0 0.233688 0.317637 0.142718 0.24014
0 0.271509 0.405731 0.127628 0.174929
0 0.213297 0.976761 0.145415 0.0464787
0 0.0456222 0.525415 0.0895356 0.170708
0 0.310093 0.579085 0.14441 0.225256
0 0.27321 0.406915 0.116083 0.170974
0 0.482893 0.258606 0.155491 0.163195
0 0.460052 0.44251 0.217486 0.261041
0 0.227383 0.321601 0.112733 0.228739
0 0.844291 0.18434 0.082193 0.0666775
0 0.89907 0.400214 0.065694 0.100995
0 0.799174 0.248095 0.0920357 0.0847599
