0 0.67282 0.269159 0.150971 0.129514
0 0.482229 0.132416 0.187633 0.175454
0 0.141808 0.0361181 0.090429 0.0722362
0 0.932782 0.826343 0.134437 0.233612
0 0.757649 0.526149 0.12505 0.0949749
0 0.258435 0.709138 0.105785 0.227774
0 0.033702 0.903833 0.0669855 0.192335
0 0.67282 0.269159 0.150971 0.129514
0 0.482229 0.132416 0.187633 0.175454
0 0.141808 0.0361181 0.090429 0.0722362
0 0.932782 0.826343 0.134437 0.233612
0 0.757649 0.526149 0.12505 0.0949749
0 0.258435 0.709138 0.105785 0.227774
0 0.033702 0.903833 0.0669855 0.192335
0 0.477328 0.136355 0.170977 0.176017
0 0.676806 0.273794 0.139612 0.11838
0 0.763914 0.531308 0.1281 0.0972878
0 0.793454 0.252278 0.0873714 0.0781352
0 0.92915 0.829355 0.138696 0.235537
0 0.914265 0.264102 0.124923 0.132496
0 0.33878 0.078868 0.114709 0.0987119
