0 0.632164 0.416031 0.223173 0.224612
0 0.376355 0.426282 0.177468 0.144822
0 0.527568 0.172041 0.118592 0.116789
0 0.177686 0.241259 0.109051 0.0949415
0 0.948653 0.745442 0.102695 0.209207
0 0.920037 0.495811 0.157912 0.135703
0 0.14244 0.150522 0.114817 0.110956
0 0.786674 0.549731 0.230228 0.186635
0 0.317821 0.20962 0.212539 0.17152
0 0.857892 0.197177 0.107576 0.0946114
0 0.418428 0.209722 0.119455 0.150991
0 0.548954 0.583361 0.138293 0.110772
0 0.48017 0.961652 0.0970478 0.0766952
0 0.630619 0.548257 0.0777481 0.117361
0 0.125843 0.0582953 0.130191 0.104033
0 0.632164 0.416031 0.223173 0.224612
0 0.376355 0.426282 0.177468 0.144822
0 0.527568 0.172041 0.118592 0.116789
0 0.177686 0.241259 0.109051 0.0949415
0 0.948653 0.745442 0.102695 0.209207
0 0.920037 0.495811 0.157912 0.135703
0 0.14244 0.150522 0.114817 0.110956
0 0.786674 0.549731 0.230228 0.186635
0 0.317821 0.20962 0.212539 0.17152
0 0.857892 0.197177 0.107576 0.0946114
0 0.418428 0.209722 0.119455 0.150991
0 0.548954 0.583361 0.138293 0.110772
0 0.48017 0.961652 0.0970478 0.0766952
0 0.630619 0.548257 0.0777481 0.117361
0 0.125843 0.0582953 0.130191 0.104033
0 0.917913 0.523116 0.154261 0.184476
0 0.629116 0.408957 0.214164 0.215404
0 0.311974 0.209419 0.170514 0.153644
0 0.11953 0.158215 0.152329 0.123345
0 0.384852 0.436771 0.203341 0.170355
0 0.948519 0.733235 0.0967194 0.208537
0 0.51452 0.173237 0.138389 0.125469
0 0.42529 0.221692 0.163193 0.202566
0 0.913171 0.321044 0.151427 0.114078
0 0.509284 0.819529 0.44139 0.360941
0 0.535397 0.561089 0.14901 0.204094
0 0.790794 0.545076 0.202711 0.180943
0 0.103798 0.0432927 0.151825 0.0865855
0 0.75589 0.0337791 0.0815942 0.0581209
0 0.617565 0.565476 0.078582 0.123866
0 0.284209 0.685857 0.178323 0.171669
0 0.766639 0.5543 0.174641 0.160401
