0 0.883775 0.4831 0.184433 0.183936
0 0.744565 0.095147 0.14147 0.114709
0 0.343396 0.582679 0.166536 0.223316
0 0.579652 0.346403 0.120599 0.110056
0 0.570198 0.472733 0.0920889 0.123926
0 0.583386 0.149697 0.13864 0.115652
0 0.0457636 0.448087 0.0915272 0.18761
0 0.149745 0.15819 0.142215 0.158875
0 0.37535 0.264126 0.0901138 0.070788
0 0.421404 0.312328 0.0850268 0.129103
0 0.214088 0.91089 0.112085 0.17822
0 0.854116 0.86496 0.127187 0.254382
0 0.666466 0.262326 0.0963842 0.147764
0 0.963113 0.36984 0.073774 0.126355
0 0.937989 0.56914 0.0909878 0.0789529
0 0.883775 0.4831 0.184433 0.183936
0 0.744565 0.095147 0.14147 0.114709
0 0.343396 0.582679 0.166536 0.223316
0 0.579652 0.346403 0.120599 0.110056
0 0.570198 0.472733 0.0920889 0.123926
0 0.583386 0.149697 0.13864 0.115652
0 0.0457636 0.448087 0.0915272 0.18761
0 0.149745 0.15819 0.142215 0.158875
0 0.37535 0.264126 0.0901138 0.070788
0 0.421404 0.312328 0.0850268 0.129103
0 0.214088 0.91089 0.112085 0.17822
0 0.854116 0.86496 0.127187 0.254382
0 0.666466 0.262326 0.0963842 0.147764
0 0.963113 0.36984 0.073774 0.126355
0 0.937989 0.56914 0.0909878 0.0789529
0 0.890832 0.493454 0.21579 0.218165
0 0.581509 0.349742 0.132402 0.112544
0 0.745166 0.0960442 0.13759 0.103596
0 0.154441 0.155574 0.156189 0.159995
0 0.423299 0.309219 0.0843165 0.120886
0 0.333437 0.58009 0.151034 0.218239
0 0.0483134 0.199805 0.0966269 0.171116
0 0.37595 0.260239 0.0997312 0.0743409
0 0.570937 0.463104 0.0845148 0.151428
0 0.0461642 0.460153 0.0923285 0.209934
0 0.58364 0.154833 0.144656 0.127812
0 0.799401 0.928576 0.224388 0.142848
0 0.475445 0.0894026 0.128636 0.106129
0 0.0375833 0.0808289 0.0751665 0.117798
0 0.858159 0.875699 0.100044 0.245541
0 0.245418 0.211945 0.0575987 0.138104
