0 0.209725 0.370125 0.194734 0.231921
0 0.813885 0.44997 0.0857099 0.125909
0 0.973622 0.60318 0.0527561 0.159821
0 0.0247323 0.237944 0.0446239 0.0972718
0 0.492534 0.865182 0.130249 0.188083
0 0.0689505 0.941639 0.0801439 0.109093
0 0.209725 0.370125 0.194734 0.231921
0 0.813885 0.44997 0.0857099 0.125909
0 0.973622 0.60318 0.0527561 0.159821
0 0.0247323 0.237944 0.0446239 0.0972718
0 0.492534 0.865182 0.130249 0.188083
0 0.0689505 0.941639 0.0801439 0.109093
0 0.210887 0.366251 0.198001 0.22359
0 0.253838 0.0744468 0.0989565 0.0867602
0 0.809757 0.448289 0.0829065 0.107348
0 0.975814 0.617637 0.0483727 0.165256
0 0.0308865 0.250256 0.0600513 0.130323
0 0.875247 0.308534 0.0452503 0.118128
