0 0.129512 0.524833 0.204739 0.20793
0 0.158003 0.842354 0.261398 0.315291
0 0.870884 0.309563 0.125775 0.124066
0 0.866569 0.48475 0.140472 0.123379
0 0.730048 0.412318 0.175033 0.199739
0 0.187334 0.364152 0.162879 0.13249
0 0.276067 0.142548 0.199398 0.182561
0 0.399712 0.150755 0.14554 0.122362
0 0.660034 0.262948 0.148126 0.174997
0 0.327569 0.264901 0.146799 0.132893
0 0.613504 0.132728 0.136076 0.114634
0 0.299073 0.626669 0.0481612 0.148024
0 0.398794 0.885402 0.109846 0.222009
0 0.951903 0.545161 0.0945183 0.232384
0 0.74723 0.844522 0.0741812 0.205193
0 0.915546 0.831999 0.0935326 0.193186
0 0.0603726 0.152385 0.101916 0.103911
0 0.129512 0.524833 0.204739 0.20793
0 0.158003 0.842354 0.261398 0.315291
0 0.870884 0.309563 0.125775 0.124066
0 0.866569 0.48475 0.140472 0.123379
0 0.730048 0.412318 0.175033 0.199739
0 0.187334 0.364152 0.162879 0.13249
0 0.276067 0.142548 0.199398 0.182561
0 0.399712 0.150755 0.14554 0.122362
0 0.660034 0.262948 0.148126 0.174997
0 0.327569 0.264901 0.146799 0.132893
0 0.613504 0.132728 0.136076 0.114634
0 0.299073 0.626669 0.0481612 0.148024
0 0.398794 0.885402 0.109846 0.222009
0 0.951903 0.545161 0.0945183 0.232384
0 0.74723 0.844522 0.0741812 0.205193
0 0.915546 0.831999 0.0935326 0.193186
0 0.0603726 0.152385 0.101916 0.103911
0 0.157581 0.841671 0.25537 0.316658
0 0.135432 0.532109 0.185423 0.213792
0 0.735504 0.41748 0.192196 0.233061
0 0.396674 0.166295 0.167338 0.14288
0 0.632599 0.787071 0.100732 0.20393
0 0.245156 0.135676 0.155811 0.145558
0 0.342545 0.276225 0.219927 0.162632
0 0.746009 0.834787 0.0860282 0.19376
0 0.908028 0.828618 0.0797577 0.199837
0 0.191085 0.369956 0.201229 0.157651
0 0.602879 0.13627 0.144681 0.099377
0 0.599812 0.376801 0.0754795 0.0954471
0 0.667051 0.257757 0.152151 0.214689
0 0.606883 0.146478 0.15929 0.130641
