0 0.0679442 0.541857 0.135888 0.169974
0 0.711158 0.538958 0.132524 0.138323
0 0.61074 0.669165 0.127186 0.114875
0 0.932129 0.896872 0.128983 0.194105
0 0.8673 0.620329 0.110279 0.089897
0 0.469696 0.744584 0.054591 0.190896
0 0.675977 0.82345 0.056579 0.15969
0 0.322955 0.430542 0.130581 0.153183
0 0.606251 0.855935 0.0886229 0.153148
0 0.406712 0.224432 0.109732 0.0848305
0 0.803607 0.841335 0.0872786 0.179649
0 0.446854 0.57653 0.0418802 0.122807
0 0.0679442 0.541857 0.135888 0.169974
0 0.711158 0.538958 0.132524 0.138323
0 0.61074 0.669165 0.127186 0.114875
0 0.932129 0.896872 0.128983 0.194105
0 0.8673 0.620329 0.110279 0.089897
0 0.469696 0.744584 0.054591 0.190896
0 0.675977 0.82345 0.056579 0.15969
0 0.322955 0.430542 0.130581 0.153183
0 0.606251 0.855935 0.0886229 0.153148
0 0.406712 0.224432 0.109732 0.0848305
0 0.803607 0.841335 0.0872786 0.179649
0 0.446854 0.57653 0.0418802 0.122807
0 0.0659886 0.546072 0.131977 0.155832
0 0.610788 0.675196 0.12985 0.116032
0 0.238382 0.405613 0.0943341 0.0603027
0 0.76874 0.697313 0.0910505 0.0919064
0 0.63106 0.515136 0.0983288 0.181319
0 0.717029 0.540332 0.123149 0.126719
0 0.921885 0.875562 0.156229 0.234146
0 0.31122 0.437168 0.128962 0.159507
0 0.472118 0.742826 0.0458738 0.185928
0 0.60207 0.859405 0.0833481 0.132842
0 0.594849 0.202359 0.0786495 0.0657325
0 0.67932 0.822654 0.0486312 0.149818
0 0.961586 0.728758 0.076704 0.0638823
0 0.870968 0.621945 0.115356 0.0752971
0 0.34556 0.193396 0.0632896 0.0535049
0 0.366773 0.509118 0.075341 0.0756339
0 0.336055 0.61912 0.0557394 0.105223
