0 0.889091 0.647687 0.221818 0.252232
0 0.871494 0.460771 0.145034 0.140644
0 0.383811 0.284041 0.260244 0.188807
0 0.102082 0.404106 0.171232 0.284158
0 0.648853 0.567389 0.0798782 0.199611
0 0.932143 0.235456 0.117654 0.105141
0 0.746598 0.579073 0.123435 0.148369
0 0.695676 0.366 0.127341 0.163815
0 0.130043 0.446127 0.0997408 0.176718
0 0.726231 0.370754 0.219712 0.185789
0 0.774218 0.334891 0.125352 0.126724
0 0.889091 0.647687 0.221818 0.252232
0 0.871494 0.460771 0.145034 0.140644
0 0.383811 0.284041 0.260244 0.188807
0 0.102082 0.404106 0.171232 0.284158
0 0.648853 0.567389 0.0798782 0.199611
0 0.932143 0.235456 0.117654 0.105141
0 0.746598 0.579073 0.123435 0.148369
0 0.695676 0.366 0.127341 0.163815
0 0.130043 0.446127 0.0997408 0.176718
0 0.726231 0.370754 0.219712 0.185789
0 0.774218 0.334891 0.125352 0.126724
0 0.885585 0.635763 0.22883 0.22497
0 0.87374 0.464856 0.147767 0.13535
0 0.696414 0.373271 0.140444 0.172575
0 0.778098 0.329521 0.1325 0.131188
0 0.924293 0.234164 0.11356 0.110214
0 0.396812 0.267214 0.243787 0.207078
0 0.74309 0.58206 0.108626 0.115969
0 0.105984 0.408452 0.150557 0.238413
0 0.652705 0.566998 0.0693922 0.145895
0 0.160514 0.883028 0.109859 0.233944
