0 0.597015 0.447934 0.11991 0.0869853
0 0.0612913 0.571483 0.118013 0.219568
0 0.732766 0.298168 0.196764 0.130041
0 0.866465 0.283508 0.190448 0.115863
0 0.675024 0.925408 0.259941 0.149185
0 0.597015 0.447934 0.11991 0.0869853
0 0.0612913 0.571483 0.118013 0.219568
0 0.732766 0.298168 0.196764 0.130041
0 0.866465 0.283508 0.190448 0.115863
0 0.675024 0.925408 0.259941 0.149185
0 0.862912 0.286596 0.205683 0.131974
0 0.598905 0.447722 0.114405 0.0867313
0 0.73259 0.29195 0.1838 0.13756
0 0.0600796 0.57389 0.120159 0.193809
0 0.667383 0.938209 0.237275 0.123583
