0 0.82637 0.60184 0.184096 0.267338
0 0.887864 0.933028 0.173786 0.133943
0 0.197762 0.394346 0.154417 0.202328
0 0.750338 0.286217 0.116845 0.126044
0 0.346076 0.414131 0.0810245 0.170166
0 0.501274 0.532189 0.125863 0.147248
0 0.182861 0.800456 0.110924 0.326494
0 0.412606 0.376492 0.0511561 0.149287
0 0.615162 0.823637 0.114857 0.128922
0 0.339273 0.177763 0.108652 0.0947475
0 0.377579 0.614247 0.0502785 0.175929
0 0.548524 0.528469 0.0670769 0.125525
0 0.109797 0.362845 0.0807152 0.158814
0 0.977002 0.597732 0.0459957 0.169949
0 0.511962 0.400076 0.0504622 0.0920673
0 0.506934 0.21789 0.0886578 0.121156
0 0.613542 0.408236 0.0541239 0.129368
0 0.179624 0.8089 0.13784 0.3822
0 0.247284 0.106696 0.100183 0.0814248
0 0.552395 0.77632 0.0939173 0.19525
0 0.0182043 0.678839 0.0363989 0.102537
0 0.972963 0.496459 0.0472164 0.134787
0 0.0216978 0.794627 0.0373548 0.133813
0 0.82637 0.60184 0.184096 0.267338
0 0.887864 0.933028 0.173786 0.133943
0 0.197762 0.394346 0.154417 0.202328
0 0.750338 0.286217 0.116845 0.126044
0 0.346076 0.414131 0.0810245 0.170166
0 0.501274 0.532189 0.125863 0.147248
0 0.182861 0.800456 0.110924 0.326494
0 0.412606 0.376492 0.0511561 0.149287
0 0.615162 0.823637 0.114857 0.128922
0 0.339273 0.177763 0.108652 0.0947475
0 0.377579 0.614247 0.0502785 0.175929
0 0.548524 0.528469 0.0670769 0.125525
0 0.109797 0.362845 0.0807152 0.158814
0 0.977002 0.597732 0.0459957 0.169949
0 0.511962 0.400076 0.0504622 0.0920673
0 0.506934 0.21789 0.0886578 0.121156
0 0.613542 0.408236 0.0541239 0.129368
0 0.179624 0.8089 0.13784 0.3822
0 0.247284 0.106696 0.100183 0.0814248
0 0.552395 0.77632 0.0939173 0.19525
0 0.0182043 0.678839 0.0363989 0.102537
0 0.972963 0.496459 0.0472164 0.134787
0 0.0216978 0.794627 0.0373548 0.133813
0 0.202387 0.390844 0.154666 0.202106
0 0.33572 0.177557 0.105716 0.0884928
0 0.825188 0.609638 0.196156 0.2656
0 0.881243 0.923666 0.170893 0.152668
0 0.748284 0.292125 0.123508 0.129373
0 0.249016 0.110746 0.10849 0.0911032
0 0.494225 0.524471 0.104365 0.134531
0 0.176974 0.788626 0.123035 0.31958
0 0.587409 0.301814 0.0636866 0.0693245
0 0.551863 0.529944 0.0654037 0.0944341
0 0.614668 0.82649 0.127881 0.134084
0 0.345805 0.417162 0.0749001 0.156561
0 0.414749 0.378285 0.0510592 0.145738
0 0.511006 0.219663 0.0821275 0.12501
0 0.0400437 0.137477 0.0781334 0.105598
0 0.51335 0.401549 0.0550472 0.0841477
0 0.975446 0.607319 0.0491079 0.160629
0 0.38014 0.613831 0.0484063 0.180705
0 0.56895 0.610955 0.0771706 0.104526
0 0.542394 0.835116 0.115911 0.329768
0 0.489251 0.588791 0.0695397 0.0445702
0 0.119294 0.354488 0.0682124 0.141497
