0 0.266279 0.185588 0.201329 0.198187
0 0.547603 0.353265 0.179341 0.265325
0 0.421776 0.371965 0.277958 0.311073
0 0.843264 0.421878 0.0557049 0.136745
0 0.648771 0.0865086 0.113756 0.128337
0 0.771482 0.246519 0.108557 0.0659888
0 0.266279 0.185588 0.201329 0.198187
0 0.547603 0.353265 0.179341 0.265325
0 0.421776 0.371965 0.277958 0.311073
0 0.843264 0.421878 0.0557049 0.136745
0 0.648771 0.0865086 0.113756 0.128337
0 0.771482 0.246519 0.108557 0.0659888
0 0.551843 0.364028 0.161394 0.281369
0 0.275155 0.188904 0.235139 0.193019
0 0.650073 0.0885668 0.127163 0.132235
0 0.408048 0.37383 0.252719 0.291576
0 0.773551 0.245945 0.0985842 0.0568521
0 0.84621 0.307913 0.0771475 0.0623714
0 0.568771 0.166571 0.098579 0.0665708
0 0.843472 0.423765 0.0726051 0.159971
0 0.151729 0.520684 0.0406232 0.0435689
