0 0.437664 0.722606 0.160564 0.240354
0 0.361794 0.808691 0.140244 0.258109
0 0.573739 0.821185 0.141451 0.208124
0 0.497435 0.629813 0.12448 0.219593
0 0.692892 0.879851 0.135659 0.142672
0 0.728615 0.445393 0.118419 0.124537
0 0.141204 0.625451 0.149863 0.213015
0 0.566927 0.6064 0.0669717 0.174337
0 0.223307 0.195732 0.0970857 0.0888695
0 0.943215 0.818226 0.11357 0.131417
0 0.260653 0.530728 0.0810775 0.166259
0 0.652844 0.702437 0.122335 0.193682
0 0.643585 0.347153 0.0844177 0.0681107
0 0.415128 0.468037 0.113909 0.131471
0 0.0824046 0.967146 0.164809 0.0657071
0 0.057202 0.240799 0.114404 0.0892441
0 0.330611 0.474171 0.0421669 0.140867
0 0.611635 0.227264 0.102568 0.116596
0 0.338561 0.484799 0.0487624 0.155829
0 0.237681 0.362925 0.127575 0.165172
0 0.633313 0.620568 0.0801876 0.150686
0 0.437664 0.722606 0.160564 0.240354
0 0.361794 0.808691 0.140244 0.258109
0 0.573739 0.821185 0.141451 0.208124
0 0.497435 0.629813 0.12448 0.219593
0 0.692892 0.879851 0.135659 0.142672
0 0.728615 0.445393 0.118419 0.124537
0 0.141204 0.625451 0.149863 0.213015
0 0.566927 0.6064 0.0669717 0.174337
0 0.223307 0.195732 0.0970857 0.0888695
0 0.943215 0.818226 0.11357 0.131417
0 0.260653 0.530728 0.0810775 0.166259
0 0.652844 0.702437 0.122335 0.193682
0 0.643585 0.347153 0.0844177 0.0681107
0 0.415128 0.468037 0.113909 0.131471
0 0.0824046 0.967146 0.164809 0.0657071
0 0.057202 0.240799 0.114404 0.0892441
0 0.330611 0.474171 0.0421669 0.140867
0 0.611635 0.227264 0.102568 0.116596
0 0.338561 0.484799 0.0487624 0.155829
0 0.237681 0.362925 0.127575 0.165172
0 0.633313 0.620568 0.0801876 0.150686
0 0.571291 0.817627 0.141457 0.218881
0 0.438914 0.725128 0.155256 0.246161
0 0.365324 0.807717 0.141736 0.222426
0 0.721756 0.448572 0.123223 0.125319
0 0.495524 0.618458 0.127723 0.198837
0 0.653835 0.672243 0.117027 0.227197
0 0.706459 0.876729 0.124991 0.143571
0 0.218754 0.378727 0.178195 0.187781
0 0.128707 0.735929 0.199131 0.181067
0 0.149242 0.597823 0.176428 0.26986
0 0.566529 0.589766 0.0580923 0.149422
0 0.260209 0.50585 0.106988 0.126717
0 0.0762926 0.320597 0.0932958 0.0820774
0 0.763434 0.335116 0.0763636 0.0878062
0 0.637205 0.343819 0.0886748 0.0721027
0 0.21389 0.192339 0.0689132 0.0782858
0 0.939534 0.81052 0.118787 0.157324
0 0.895001 0.2326 0.116917 0.122642
0 0.933557 0.651218 0.130146 0.1637
0 0.056648 0.23848 0.113296 0.0786343
