0 0.336841 0.116238 0.201904 0.19021
0 0.688784 0.151674 0.110454 0.0957046
0 0.955742 0.892962 0.0885153 0.20378
0 0.448659 0.182154 0.118548 0.101884
0 0.733178 0.597683 0.0947699 0.178443
0 0.88688 0.311276 0.105202 0.0868794
0 0.554733 0.259162 0.113101 0.0883292
0 0.336841 0.116238 0.201904 0.19021
0 0.688784 0.151674 0.110454 0.0957046
0 0.955742 0.892962 0.0885153 0.20378
0 0.448659 0.182154 0.118548 0.101884
0 0.733178 0.597683 0.0947699 0.178443
0 0.88688 0.311276 0.105202 0.0868794
0 0.554733 0.259162 0.113101 0.0883292
0 0.888669 0.319097 0.105199 0.0713796
0 0.33825 0.121007 0.191129 0.194217
0 0.131011 0.416719 0.253592 0.304719
0 0.957561 0.898462 0.0808714 0.182368
0 0.45073 0.185854 0.123594 0.092715
0 0.418503 0.343175 0.040168 0.117934
