0 0.786766 0.0788084 0.140478 0.124015
0 0.833162 0.597741 0.208031 0.173708
0 0.874601 0.260244 0.150205 0.130037
0 0.072042 0.181218 0.138382 0.153396
0 0.221544 0.294073 0.151058 0.17067
0 0.593346 0.46388 0.288235 0.329233
0 0.661751 0.330919 0.11793 0.0874881
0 0.163769 0.690295 0.327539 0.234175
0 0.932894 0.177475 0.105894 0.0829329
0 0.0895553 0.978342 0.178379 0.0433151
0 0.828476 0.344907 0.137913 0.107486
0 0.786766 0.0788084 0.140478 0.124015
0 0.833162 0.597741 0.208031 0.173708
0 0.874601 0.260244 0.150205 0.130037
0 0.072042 0.181218 0.138382 0.153396
0 0.221544 0.294073 0.151058 0.17067
0 0.593346 0.46388 0.288235 0.329233
0 0.661751 0.330919 0.11793 0.0874881
0 0.163769 0.690295 0.327539 0.234175
0 0.932894 0.177475 0.105894 0.0829329
0 0.0895553 0.978342 0.178379 0.0433151
0 0.828476 0.344907 0.137913 0.107486
0 0.0706062 0.177744 0.140959 0.156477
0 0.219063 0.293751 0.173346 0.205802
0 0.586444 0.465574 0.277997 0.362519
0 0.859764 0.362668 0.181103 0.139816
0 0.659337 0.334473 0.11965 0.0991458
0 0.838164 0.591261 0.240678 0.186355
0 0.0953886 0.637992 0.190777 0.126021
0 0.16725 0.822433 0.3345 0.280532
0 0.787286 0.0908325 0.140935 0.124727
0 0.873311 0.770124 0.0582125 0.182908
0 0.880764 0.263836 0.152591 0.114258
