0 0.421998 0.409652 0.214631 0.16472
0 0.637278 0.309218 0.145837 0.18149
0 0.691362 0.519778 0.319398 0.247792
0 0.151681 0.384816 0.303363 0.333863
0 0.220902 0.0668222 0.145148 0.133644
0 0.540568 0.388686 0.0968432 0.101096
0 0.557664 0.0407255 0.124384 0.0807228
0 0.41954 0.390049 0.186354 0.135967
0 0.822987 0.38814 0.127764 0.133863
0 0.421998 0.409652 0.214631 0.16472
0 0.637278 0.309218 0.145837 0.18149
0 0.691362 0.519778 0.319398 0.247792
0 0.151681 0.384816 0.303363 0.333863
0 0.220902 0.0668222 0.145148 0.133644
0 0.540568 0.388686 0.0968432 0.101096
0 0.557664 0.0407255 0.124384 0.0807228
0 0.41954 0.390049 0.186354 0.135967
0 0.822987 0.38814 0.127764 0.133863
0 0.454281 0.215161 0.149454 0.197815
0 0.42296 0.393903 0.165445 0.154493
0 0.624786 0.30388 0.171677 0.202295
0 0.814492 0.384338 0.154496 0.130324
0 0.695693 0.537658 0.274189 0.290318
0 0.330928 0.153242 0.115191 0.13053
0 0.187946 0.402577 0.375893 0.423719
0 0.921292 0.286648 0.134926 0.1225
0 0.677651 0.941756 0.0761421 0.116488
0 0.223738 0.0799564 0.143817 0.159913
0 0.540576 0.04111 0.0953026 0.0749091
