0 0.169603 0.47809 0.204431 0.227602
0 0.822304 0.432462 0.0932879 0.137535
0 0.604413 0.949957 0.162074 0.0981812
0 0.856009 0.301242 0.0527794 0.133038
0 0.493699 0.0564774 0.129132 0.103631
0 0.184939 0.26517 0.0894377 0.207564
0 0.773945 0.308375 0.0684792 0.177748
0 0.169603 0.47809 0.204431 0.227602
0 0.822304 0.432462 0.0932879 0.137535
0 0.604413 0.949957 0.162074 0.0981812
0 0.856009 0.301242 0.0527794 0.133038
0 0.493699 0.0564774 0.129132 0.103631
0 0.184939 0.26517 0.0894377 0.207564
0 0.773945 0.308375 0.0684792 0.177748
0 0.178142 0.467011 0.182929 0.220142
0 0.82373 0.431444 0.0810689 0.111313
0 0.859714 0.302755 0.0531242 0.141263
