0 0.310384 0.832974 0.253236 0.305713
0 0.438569 0.503354 0.16246 0.302696
0 0.155782 0.340411 0.153378 0.250258
0 0.523733 0.742855 0.155039 0.247481
0 0.592813 0.571127 0.113286 0.186136
0 0.1618 0.506609 0.139076 0.152229
0 0.386852 0.318401 0.107249 0.161295
0 0.752374 0.588992 0.122504 0.151754
0 0.960908 0.645347 0.0726112 0.159983
0 0.713423 0.689278 0.124857 0.104237
0 0.629099 0.373912 0.103649 0.10097
0 0.0588047 0.151069 0.0948288 0.124352
0 0.310384 0.832974 0.253236 0.305713
0 0.438569 0.503354 0.16246 0.302696
0 0.155782 0.340411 0.153378 0.250258
0 0.523733 0.742855 0.155039 0.247481
0 0.592813 0.571127 0.113286 0.186136
0 0.1618 0.506609 0.139076 0.152229
0 0.386852 0.318401 0.107249 0.161295
0 0.752374 0.588992 0.122504 0.151754
0 0.960908 0.645347 0.0726112 0.159983
0 0.713423 0.689278 0.124857 0.104237
0 0.629099 0.373912 0.103649 0.10097
0 0.0588047 0.151069 0.0948288 0.124352
0 0.149993 0.338779 0.136452 0.253139
0 0.442978 0.512034 0.161778 0.316885
0 0.743433 0.576991 0.129141 0.136808
0 0.596804 0.573999 0.107337 0.169279
0 0.700888 0.689736 0.105635 0.110418
0 0.389167 0.328849 0.110408 0.151672
0 0.29185 0.820634 0.274087 0.278429
0 0.633634 0.379417 0.0881544 0.0917533
0 0.329724 0.813012 0.195171 0.269289
0 0.960192 0.636568 0.0766472 0.152272
0 0.929408 0.437456 0.0788385 0.0900511
0 0.534013 0.745213 0.200366 0.232085
0 0.842322 0.244536 0.09329 0.0851946
0 0.338071 0.415548 0.0644684 0.0564777
0 0.754148 0.851962 0.154167 0.2279
