0 0.390858 0.530694 0.102589 0.135071
0 0.536186 0.429197 0.127004 0.135803
0 0.313258 0.382468 0.14182 0.153433
0 0.14432 0.36352 0.180367 0.205668
0 0.860299 0.905138 0.135872 0.133756
0 0.495394 0.209265 0.100455 0.104705
0 0.279993 0.0391949 0.0893296 0.0717897
0 0.971384 0.77911 0.0572329 0.192431
0 0.390858 0.530694 0.102589 0.135071
0 0.536186 0.429197 0.127004 0.135803
0 0.313258 0.382468 0.14182 0.153433
0 0.14432 0.36352 0.180367 0.205668
0 0.860299 0.905138 0.135872 0.133756
0 0.495394 0.209265 0.100455 0.104705
0 0.279993 0.0391949 0.0893296 0.0717897
0 0.971384 0.77911 0.0572329 0.192431
0 0.389225 0.531639 0.1039 0.126531
0 0.860443 0.893295 0.145409 0.138441
0 0.16319 0.354459 0.103958 0.205118
0 0.316765 0.389699 0.155239 0.155565
0 0.972257 0.777272 0.0554869 0.161481
0 0.71576 0.229164 0.115144 0.109467
0 0.0320661 0.223694 0.0641323 0.211129
0 0.542832 0.418696 0.106015 0.105843
