0 0.602256 0.443526 0.114966 0.0879388
0 0.849029 0.278474 0.167057 0.125537
0 0.710621 0.287474 0.186907 0.138846
0 0.455799 0.112157 0.136925 0.132471
0 0.124034 0.103874 0.125069 0.0937197
0 0.97425 0.418435 0.0460587 0.104633
0 0.602256 0.443526 0.114966 0.0879388
0 0.849029 0.278474 0.167057 0.125537
0 0.710621 0.287474 0.186907 0.138846
0 0.455799 0.112157 0.136925 0.132471
0 0.124034 0.103874 0.125069 0.0937197
0 0.97425 0.418435 0.0460587 0.104633
0 0.598966 0.445902 0.1208 0.0898265
0 0.847357 0.274237 0.207519 0.135766
0 0.713458 0.28714 0.185251 0.154288
0 0.446616 0.116706 0.121905 0.114322
0 0.119939 0.11186 0.145079 0.102898
0 0.921466 0.230965 0.133228 0.0986867
0 0.0342824 0.556077 0.0682529 0.173726
