0 0.560335 0.104348 0.178379 0.190494
0 0.75521 0.271419 0.137721 0.104609
0 0.773792 0.0590426 0.161631 0.118085
0 0.468598 0.533434 0.115992 0.173172
0 0.451418 0.414271 0.114458 0.162167
0 0.476481 0.801833 0.0565922 0.205545
0 0.155469 0.289547 0.123377 0.0976905
0 0.691788 0.898778 0.148922 0.195734
0 0.943909 0.436057 0.112183 0.169627
0 0.363736 0.252484 0.267712 0.24108
0 0.345906 0.494665 0.0712393 0.113314
0 0.101837 0.863193 0.179647 0.273613
0 0.547666 0.308114 0.104563 0.114374
0 0.573397 0.464863 0.0910669 0.137911
0 0.560335 0.104348 0.178379 0.190494
0 0.75521 0.271419 0.137721 0.104609
0 0.773792 0.0590426 0.161631 0.118085
0 0.468598 0.533434 0.115992 0.173172
0 0.451418 0.414271 0.114458 0.162167
0 0.476481 0.801833 0.0565922 0.205545
0 0.155469 0.289547 0.123377 0.0976905
0 0.691788 0.898778 0.148922 0.195734
0 0.943909 0.436057 0.112183 0.169627
0 0.363736 0.252484 0.267712 0.24108
0 0.345906 0.494665 0.0712393 0.113314
0 0.101837 0.863193 0.179647 0.273613
0 0.547666 0.308114 0.104563 0.114374
0 0.573397 0.464863 0.0910669 0.137911
0 0.562749 0.110952 0.171014 0.189253
0 0.537787 0.317041 0.0865932 0.0995362
0 0.751319 0.270263 0.146952 0.105204
0 0.161595 0.286398 0.137948 0.103285
0 0.367525 0.271833 0.274341 0.326266
0 0.467534 0.531204 0.112965 0.181548
0 0.769406 0.0614768 0.179258 0.105713
0 0.556941 0.470156 0.0820343 0.130271
0 0.451827 0.410265 0.101219 0.162593
0 0.676648 0.893951 0.127713 0.2029
0 0.0674199 0.514477 0.13484 0.269175
0 0.483821 0.780286 0.0768263 0.223122
0 0.0897785 0.875892 0.179557 0.248217
