0 0.687255 0.46259 0.142697 0.172063
0 0.070923 0.47861 0.128905 0.156852
0 0.0914653 0.243436 0.144818 0.0920578
0 0.691183 0.2312 0.1477 0.111567
0 0.935584 0.744935 0.115173 0.129765
0 0.134202 0.713636 0.268404 0.294157
0 0.881666 0.531519 0.143478 0.123369
0 0.568279 0.876718 0.11631 0.151581
0 0.700012 0.620342 0.0589286 0.103956
0 0.52199 0.764784 0.104809 0.113211
0 0.687255 0.46259 0.142697 0.172063
0 0.070923 0.47861 0.128905 0.156852
0 0.0914653 0.243436 0.144818 0.0920578
0 0.691183 0.2312 0.1477 0.111567
0 0.935584 0.744935 0.115173 0.129765
0 0.134202 0.713636 0.268404 0.294157
0 0.881666 0.531519 0.143478 0.123369
0 0.568279 0.876718 0.11631 0.151581
0 0.700012 0.620342 0.0589286 0.103956
0 0.52199 0.764784 0.104809 0.113211
0 0.0875567 0.252017 0.166262 0.104721
0 0.69075 0.233456 0.151072 0.0993591
0 0.859394 0.528531 0.0849392 0.0989135
0 0.323558 0.203327 0.0904741 0.0566631
0 0.891945 0.42835 0.102062 0.0965619
0 0.0716547 0.478557 0.131051 0.15579
0 0.695482 0.495719 0.134694 0.219229
0 0.0945639 0.747948 0.189128 0.303771
0 0.695089 0.469183 0.128271 0.158079
0 0.932542 0.734785 0.11576 0.16983
0 0.786103 0.304557 0.0943672 0.0667881
