0 0.836986 0.0693157 0.158424 0.138631
0 0.770175 0.415555 0.226923 0.288375
0 0.639418 0.0709653 0.18494 0.141931
0 0.850532 0.452951 0.298935 0.282847
0 0.214302 0.121914 0.298344 0.243827
0 0.840955 0.19188 0.102668 0.0828292
0 0.706829 0.795171 0.160991 0.185012
0 0.208766 0.324765 0.274107 0.270896
0 0.950301 0.0813148 0.0993975 0.0968316
0 0.836986 0.0693157 0.158424 0.138631
0 0.770175 0.415555 0.226923 0.288375
0 0.639418 0.0709653 0.18494 0.141931
0 0.850532 0.452951 0.298935 0.282847
0 0.214302 0.121914 0.298344 0.243827
0 0.840955 0.19188 0.102668 0.0828292
0 0.706829 0.795171 0.160991 0.185012
0 0.208766 0.324765 0.274107 0.270896
0 0.950301 0.0813148 0.0993975 0.0968316
0 0.646059 0.0693463 0.175567 0.138693
0 0.830292 0.445285 0.339416 0.318008
0 0.830787 0.190371 0.120042 0.0780236
0 0.0495125 0.119653 0.0974577 0.167079
0 0.0464563 0.088952 0.089214 0.0971877
0 0.239195 0.116739 0.254017 0.233478
0 0.826545 0.0624108 0.16755 0.124822
0 0.201727 0.278166 0.306672 0.229969
0 0.604793 0.125425 0.0974398 0.0565143
