0 0.930948 0.785203 0.138103 0.215695
0 0.484522 0.196372 0.151694 0.190541
0 0.669797 0.280379 0.135394 0.112089
0 0.716687 0.490282 0.13194 0.0967742
0 0.0978786 0.0515866 0.110206 0.0934727
0 0.0718376 0.275487 0.102623 0.146077
0 0.334156 0.125005 0.119358 0.104839
0 0.276536 0.933206 0.140111 0.133587
0 0.426742 0.810047 0.10246 0.234584
0 0.930948 0.785203 0.138103 0.215695
0 0.484522 0.196372 0.151694 0.190541
0 0.669797 0.280379 0.135394 0.112089
0 0.716687 0.490282 0.13194 0.0967742
0 0.0978786 0.0515866 0.110206 0.0934727
0 0.0718376 0.275487 0.102623 0.146077
0 0.334156 0.125005 0.119358 0.104839
0 0.276536 0.933206 0.140111 0.133587
0 0.426742 0.810047 0.10246 0.234584
0 0.48298 0.195502 0.14864 0.182508
0 0.928137 0.788849 0.139029 0.205161
0 0.666332 0.280394 0.132952 0.104097
0 0.717457 0.489019 0.130068 0.0881034
0 0.75403 0.253103 0.0886564 0.0851704
0 0.660346 0.355131 0.103893 0.0953485
0 0.093744 0.0542625 0.123635 0.0979813
