0 0.834583 0.635872 0.160535 0.11615
0 0.889843 0.488185 0.152527 0.15406
0 0.369898 0.899393 0.203816 0.201214
0 0.0810267 0.526787 0.157506 0.282324
0 0.370482 0.439388 0.0506282 0.155211
0 0.943056 0.364349 0.113889 0.131076
0 0.5436 0.326922 0.10859 0.113651
0 0.946505 0.689566 0.106385 0.116809
0 0.907797 0.866782 0.101991 0.233174
0 0.199991 0.0811257 0.0870104 0.13733
0 0.0606148 0.161432 0.120948 0.095009
0 0.834583 0.635872 0.160535 0.11615
0 0.889843 0.488185 0.152527 0.15406
0 0.369898 0.899393 0.203816 0.201214
0 0.0810267 0.526787 0.157506 0.282324
0 0.370482 0.439388 0.0506282 0.155211
0 0.943056 0.364349 0.113889 0.131076
0 0.5436 0.326922 0.10859 0.113651
0 0.946505 0.689566 0.106385 0.116809
0 0.907797 0.866782 0.101991 0.233174
0 0.199991 0.0811257 0.0870104 0.13733
0 0.0606148 0.161432 0.120948 0.095009
0 0.829697 0.637805 0.18093 0.118741
0 0.904389 0.849832 0.105703 0.166828
0 0.0637363 0.179526 0.127473 0.0827185
0 0.891045 0.478431 0.152053 0.153706
0 0.545137 0.339182 0.104595 0.109916
0 0.0731359 0.534942 0.146272 0.280325
0 0.364349 0.899595 0.178352 0.20081
0 0.94325 0.363496 0.113501 0.121415
0 0.344428 0.245881 0.0579992 0.0805266
0 0.612944 0.165728 0.0773094 0.0670145
0 0.374756 0.442807 0.0362172 0.145359
0 0.164559 0.812309 0.329118 0.368349
0 0.28542 0.270679 0.0932745 0.0934961
0 0.938366 0.693747 0.100782 0.0806245
0 0.864895 0.246174 0.0969172 0.0606263
0 0.574718 0.766664 0.05401 0.0581587
0 0.969065 0.653424 0.0610554 0.11903
