0 0.926714 0.537412 0.146571 0.176157
0 0.606801 0.400496 0.121305 0.124858
0 0.412994 0.116005 0.122362 0.209409
0 0.755495 0.52694 0.0859714 0.177012
0 0.725265 0.759257 0.110175 0.319193
0 0.0818689 0.311345 0.133562 0.119306
0 0.465731 0.405811 0.0755837 0.114476
0 0.679962 0.335057 0.0768944 0.120666
0 0.922054 0.816193 0.155892 0.367613
0 0.533655 0.267587 0.0702183 0.0852079
0 0.88608 0.110212 0.0865473 0.0686438
0 0.689637 0.342615 0.0586484 0.10473
0 0.596109 0.391309 0.141658 0.163125
0 0.926714 0.537412 0.146571 0.176157
0 0.606801 0.400496 0.121305 0.124858
0 0.412994 0.116005 0.122362 0.209409
0 0.755495 0.52694 0.0859714 0.177012
0 0.725265 0.759257 0.110175 0.319193
0 0.0818689 0.311345 0.133562 0.119306
0 0.465731 0.405811 0.0755837 0.114476
0 0.679962 0.335057 0.0768944 0.120666
0 0.922054 0.816193 0.155892 0.367613
0 0.533655 0.267587 0.0702183 0.0852079
0 0.88608 0.110212 0.0865473 0.0686438
0 0.689637 0.342615 0.0586484 0.10473
0 0.596109 0.391309 0.141658 0.163125
0 0.4107 0.104502 0.124197 0.164259
0 0.0565273 0.0807454 0.113055 0.161491
0 0.611543 0.413996 0.109998 0.0858664
0 0.908101 0.532093 0.166909 0.162983
0 0.755177 0.527227 0.0692974 0.138876
0 0.912831 0.820478 0.174337 0.359044
0 0.727366 0.764935 0.106351 0.364157
0 0.155216 0.720312 0.0538882 0.0621328
