0 0.922295 0.244763 0.14682 0.114916
0 0.791403 0.581434 0.157411 0.215235
0 0.161657 0.243626 0.205675 0.201277
0 0.666952 0.324362 0.124018 0.101645
0 0.401739 0.461762 0.11436 0.117876
0 0.285008 0.23191 0.10891 0.120385
0 0.776071 0.0576335 0.11449 0.114023
0 0.554378 0.429364 0.232368 0.326865
0 0.884386 0.762332 0.0802792 0.161929
0 0.919181 0.378452 0.125462 0.128275
0 0.835464 0.211544 0.0972947 0.0945816
0 0.338981 0.0620644 0.12987 0.10133
0 0.0562174 0.196751 0.112435 0.114731
0 0.241702 0.694085 0.143762 0.144311
0 0.285894 0.138334 0.132841 0.190895
0 0.285607 0.711893 0.264924 0.200008
0 0.888082 0.91491 0.110292 0.170179
0 0.922295 0.244763 0.14682 0.114916
0 0.791403 0.581434 0.157411 0.215235
0 0.161657 0.243626 0.205675 0.201277
0 0.666952 0.324362 0.124018 0.101645
0 0.401739 0.461762 0.11436 0.117876
0 0.285008 0.23191 0.10891 0.120385
0 0.776071 0.0576335 0.11449 0.114023
0 0.554378 0.429364 0.232368 0.326865
0 0.884386 0.762332 0.0802792 0.161929
0 0.919181 0.378452 0.125462 0.128275
0 0.835464 0.211544 0.0972947 0.0945816
0 0.338981 0.0620644 0.12987 0.10133
0 0.0562174 0.196751 0.112435 0.114731
0 0.241702 0.694085 0.143762 0.144311
0 0.285894 0.138334 0.132841 0.190895
0 0.285607 0.711893 0.264924 0.200008
0 0.888082 0.91491 0.110292 0.170179
0 0.798309 0.594117 0.166163 0.212483
0 0.554189 0.440324 0.241951 0.429584
0 0.158235 0.252989 0.219012 0.239974
0 0.835344 0.211072 0.107038 0.0895586
0 0.285281 0.228298 0.11012 0.10243
0 0.927306 0.244253 0.138931 0.120722
0 0.774994 0.0519018 0.107762 0.103804
0 0.664713 0.325984 0.119333 0.120738
0 0.558198 0.219363 0.126074 0.123994
0 0.890492 0.746719 0.0769875 0.161182
0 0.327224 0.0580493 0.111025 0.107232
0 0.924963 0.907251 0.150073 0.185498
0 0.851108 0.357164 0.0718163 0.0508326
0 0.0478658 0.208469 0.0935057 0.149789
