0 0.525143 0.63549 0.172619 0.252241
0 0.458896 0.320052 0.109649 0.105876
0 0.336405 0.919307 0.212859 0.161385
0 0.216264 0.259244 0.150455 0.178503
0 0.59654 0.400129 0.0993137 0.12654
0 0.0642455 0.694175 0.127273 0.276487
0 0.889894 0.590286 0.0846298 0.184159
0 0.210331 0.240324 0.135319 0.133521
0 0.0730161 0.708516 0.146032 0.350927
0 0.855503 0.495315 0.128457 0.149689
0 0.716163 0.281865 0.117917 0.1107
0 0.871783 0.287973 0.0984615 0.0668436
0 0.0971827 0.131792 0.102805 0.0739222
0 0.390414 0.221101 0.0804958 0.0720305
0 0.525143 0.63549 0.172619 0.252241
0 0.458896 0.320052 0.109649 0.105876
0 0.336405 0.919307 0.212859 0.161385
0 0.216264 0.259244 0.150455 0.178503
0 0.59654 0.400129 0.0993137 0.12654
0 0.0642455 0.694175 0.127273 0.276487
0 0.889894 0.590286 0.0846298 0.184159
0 0.210331 0.240324 0.135319 0.133521
0 0.0730161 0.708516 0.146032 0.350927
0 0.855503 0.495315 0.128457 0.149689
0 0.716163 0.281865 0.117917 0.1107
0 0.871783 0.287973 0.0984615 0.0668436
0 0.0971827 0.131792 0.102805 0.0739222
0 0.390414 0.221101 0.0804958 0.0720305
0 0.528949 0.64482 0.161355 0.23582
0 0.714097 0.269494 0.0878215 0.0804523
0 0.102069 0.133792 0.0950129 0.06437
0 0.458736 0.318935 0.106549 0.102879
0 0.214854 0.268073 0.159969 0.182589
0 0.328927 0.915741 0.21007 0.168518
0 0.597023 0.404213 0.0951845 0.117538
0 0.0739166 0.701405 0.147833 0.274244
0 0.848327 0.487765 0.118694 0.124407
0 0.624303 0.259244 0.0783224 0.0638996
0 0.0886149 0.033488 0.109333 0.0669759
0 0.0481989 0.1793 0.0733983 0.0523827
0 0.655835 0.213465 0.0880632 0.0614607
