0 0.307541 0.390869 0.122531 0.141198
0 0.107045 0.10196 0.214091 0.203921
0 0.681676 0.703812 0.306219 0.42261
0 0.431622 0.267296 0.110009 0.174784
0 0.3372 0.0961116 0.100376 0.0806894
0 0.30126 0.278103 0.0924275 0.148946
0 0.906258 0.402659 0.139896 0.123079
0 0.537637 0.490707 0.153743 0.0906359
0 0.797019 0.621705 0.0841431 0.204548
0 0.704797 0.525489 0.0734289 0.162073
0 0.494438 0.424846 0.122888 0.0921725
0 0.718634 0.773211 0.306862 0.453578
0 0.307541 0.390869 0.122531 0.141198
0 0.107045 0.10196 0.214091 0.203921
0 0.681676 0.703812 0.306219 0.42261
0 0.431622 0.267296 0.110009 0.174784
0 0.3372 0.0961116 0.100376 0.0806894
0 0.30126 0.278103 0.0924275 0.148946
0 0.906258 0.402659 0.139896 0.123079
0 0.537637 0.490707 0.153743 0.0906359
0 0.797019 0.621705 0.0841431 0.204548
0 0.704797 0.525489 0.0734289 0.162073
0 0.494438 0.424846 0.122888 0.0921725
0 0.718634 0.773211 0.306862 0.453578
0 0.952036 0.20015 0.0959281 0.0950596
0 0.522768 0.501934 0.104065 0.0809233
0 0.926348 0.928287 0.147304 0.143425
0 0.754055 0.157571 0.137816 0.12512
0 0.311159 0.40445 0.111199 0.12718
0 0.431331 0.294025 0.10449 0.252777
0 0.513624 0.434304 0.139687 0.12716
0 0.714881 0.778841 0.409644 0.442318
0 0.0620843 0.121945 0.124169 0.230669
0 0.905258 0.416231 0.18315 0.164851
0 0.819777 0.647278 0.0525694 0.237638
0 0.560662 0.289294 0.0751641 0.162835
0 0.719777 0.802128 0.317701 0.395743
0 0.341959 0.0912032 0.10189 0.076481
0 0.704424 0.72851 0.35442 0.476832
0 0.246604 0.260854 0.0890709 0.229242
