0 0.312764 0.26215 0.158341 0.129896
0 0.702367 0.756154 0.181999 0.412346
0 0.304404 0.735661 0.282717 0.366435
0 0.722867 0.504555 0.112053 0.21368
0 0.651927 0.276421 0.122187 0.110425
0 0.905373 0.892684 0.123436 0.214632
0 0.670069 0.741286 0.267034 0.447747
0 0.97895 0.447794 0.0420992 0.165044
0 0.314788 0.505251 0.11037 0.191731
0 0.0566282 0.256371 0.111539 0.133047
0 0.312764 0.26215 0.158341 0.129896
0 0.702367 0.756154 0.181999 0.412346
0 0.304404 0.735661 0.282717 0.366435
0 0.722867 0.504555 0.112053 0.21368
0 0.651927 0.276421 0.122187 0.110425
0 0.905373 0.892684 0.123436 0.214632
0 0.670069 0.741286 0.267034 0.447747
0 0.97895 0.447794 0.0420992 0.165044
0 0.314788 0.505251 0.11037 0.191731
0 0.0566282 0.256371 0.111539 0.133047
0 0.311808 0.262376 0.168599 0.13483
0 0.648279 0.28296 0.140157 0.115664
0 0.908906 0.890309 0.163577 0.219383
0 0.727785 0.509516 0.121527 0.233078
0 0.296984 0.727266 0.289323 0.363603
0 0.702538 0.767156 0.201331 0.374973
0 0.786241 0.451815 0.0606246 0.111811
0 0.0559499 0.258959 0.1119 0.140692
0 0.417589 0.181025 0.135826 0.148161
0 0.577123 0.802753 0.128844 0.365464
0 0.526629 0.126246 0.133741 0.101733
0 0.276289 0.475935 0.0591078 0.166637
0 0.125675 0.297315 0.0849413 0.13493
0 0.512087 0.44651 0.0390268 0.119452
