0 0.78029 0.227786 0.205144 0.217365
0 0.560792 0.359867 0.128249 0.105377
0 0.671995 0.0641389 0.163037 0.122683
0 0.929225 0.36956 0.125145 0.17509
0 0.579368 0.206468 0.0923307 0.110583
0 0.906003 0.111891 0.118991 0.0900108
0 0.608687 0.291061 0.109011 0.0916459
0 0.459776 0.0737573 0.108207 0.0776521
0 0.0940854 0.968735 0.188171 0.06253
0 0.457976 0.912977 0.105511 0.174046
0 0.943908 0.191807 0.0966251 0.091084
0 0.78029 0.227786 0.205144 0.217365
0 0.560792 0.359867 0.128249 0.105377
0 0.671995 0.0641389 0.163037 0.122683
0 0.929225 0.36956 0.125145 0.17509
0 0.579368 0.206468 0.0923307 0.110583
0 0.906003 0.111891 0.118991 0.0900108
0 0.608687 0.291061 0.109011 0.0916459
0 0.459776 0.0737573 0.108207 0.0776521
0 0.0940854 0.968735 0.188171 0.06253
0 0.457976 0.912977 0.105511 0.174046
0 0.943908 0.191807 0.0966251 0.091084
0 0.561128 0.364125 0.136101 0.106871
0 0.778542 0.218955 0.214219 0.207567
0 0.611405 0.302796 0.110507 0.0779478
0 0.924422 0.370515 0.151156 0.205027
0 0.674888 0.072289 0.183045 0.130088
0 0.583016 0.201956 0.0920043 0.115616
