0 0.201919 0.237221 0.17071 0.191479
0 0.2192 0.791233 0.294493 0.294271
0 0.611826 0.482287 0.0891921 0.195579
0 0.259184 0.067675 0.097172 0.0722519
0 0.0253851 0.646894 0.0506429 0.227133
0 0.695931 0.258593 0.150375 0.10852
0 0.216467 0.973091 0.161174 0.0538176
0 0.954889 0.329029 0.0902219 0.108862
0 0.468851 0.113511 0.0988755 0.101826
0 0.0299479 0.617336 0.0575474 0.181995
0 0.201919 0.237221 0.17071 0.191479
0 0.2192 0.791233 0.294493 0.294271
0 0.611826 0.482287 0.0891921 0.195579
0 0.259184 0.067675 0.097172 0.0722519
0 0.0253851 0.646894 0.0506429 0.227133
0 0.695931 0.258593 0.150375 0.10852
0 0.216467 0.973091 0.161174 0.0538176
0 0.954889 0.329029 0.0902219 0.108862
0 0.468851 0.113511 0.0988755 0.101826
0 0.0299479 0.617336 0.0575474 0.181995
0 0.688002 0.264883 0.144776 0.0985463
0 0.195891 0.23199 0.165989 0.204418
0 0.610506 0.48174 0.0899085 0.182945
0 0.186241 0.795107 0.343259 0.302073
0 0.923995 0.336135 0.152011 0.136045
0 0.0663144 0.0825619 0.079968 0.0475889
0 0.467873 0.11841 0.0942103 0.101232
0 0.0343062 0.670632 0.0686124 0.334735
