0 0.874824 0.640269 0.250352 0.248213
0 0.464667 0.258689 0.215403 0.191812
0 0.798653 0.332338 0.119139 0.119862
0 0.89112 0.464514 0.141886 0.133487
0 0.142537 0.420662 0.102701 0.224125
0 0.671783 0.55857 0.0745476 0.188269
0 0.950907 0.238848 0.0981867 0.114284
0 0.434661 0.39843 0.0954269 0.093654
0 0.197617 0.901782 0.118852 0.196436
0 0.706663 0.357065 0.109336 0.147061
0 0.747285 0.568668 0.101063 0.140019
0 0.874824 0.640269 0.250352 0.248213
0 0.464667 0.258689 0.215403 0.191812
0 0.798653 0.332338 0.119139 0.119862
0 0.89112 0.464514 0.141886 0.133487
0 0.142537 0.420662 0.102701 0.224125
0 0.671783 0.55857 0.0745476 0.188269
0 0.950907 0.238848 0.0981867 0.114284
0 0.434661 0.39843 0.0954269 0.093654
0 0.197617 0.901782 0.118852 0.196436
0 0.706663 0.357065 0.109336 0.147061
0 0.747285 0.568668 0.101063 0.140019
0 0.884118 0.646036 0.231765 0.250257
0 0.463894 0.245463 0.19815 0.187718
0 0.897536 0.473293 0.15392 0.144166
0 0.714643 0.371831 0.136032 0.187552
0 0.0552341 0.181243 0.108832 0.125784
0 0.942195 0.235114 0.106218 0.107286
0 0.115473 0.397898 0.156356 0.287183
0 0.804136 0.330887 0.128133 0.128842
0 0.671507 0.558145 0.0724079 0.152708
0 0.886537 0.769034 0.0564425 0.138828
0 0.190904 0.872544 0.107299 0.252441
0 0.757548 0.580682 0.0891178 0.11937
0 0.0435782 0.326822 0.0827441 0.162253
0 0.203066 0.327175 0.0626921 0.0574865
