0 0.65118 0.412109 0.346081 0.410888
0 0.453758 0.364959 0.212809 0.180888
0 0.477909 0.926517 0.232859 0.146966
0 0.797293 0.172576 0.130619 0.162276
0 0.664743 0.113916 0.135082 0.111154
0 0.286173 0.456798 0.212318 0.150063
0 0.642502 0.382637 0.290973 0.316523
0 0.665976 0.438634 0.269883 0.383177
0 0.125678 0.193757 0.144439 0.0995842
0 0.65118 0.412109 0.346081 0.410888
0 0.453758 0.364959 0.212809 0.180888
0 0.477909 0.926517 0.232859 0.146966
0 0.797293 0.172576 0.130619 0.162276
0 0.664743 0.113916 0.135082 0.111154
0 0.286173 0.456798 0.212318 0.150063
0 0.642502 0.382637 0.290973 0.316523
0 0.665976 0.438634 0.269883 0.383177
0 0.125678 0.193757 0.144439 0.0995842
0 0.448908 0.367662 0.211011 0.193473
0 0.656669 0.411068 0.309945 0.400191
0 0.661528 0.114906 0.142628 0.116327
0 0.292599 0.456002 0.199555 0.154737
0 0.471359 0.923856 0.230706 0.152288
0 0.135764 0.19561 0.13531 0.0953169
0 0.175134 0.0283744 0.120837 0.0567488
0 0.108829 0.104315 0.117452 0.0627614
