0 0.201786 0.28146 0.157554 0.178308
0 0.709148 0.505849 0.142348 0.226247
0 0.942054 0.53046 0.0974958 0.191723
0 0.797378 0.816817 0.263443 0.348179
0 0.557777 0.849078 0.159785 0.139479
0 0.116702 0.84528 0.233404 0.309441
0 0.518018 0.716667 0.0954912 0.258617
0 0.402862 0.503556 0.132559 0.175917
0 0.307918 0.500194 0.0462276 0.146443
0 0.668236 0.260837 0.11114 0.120469
0 0.281018 0.177452 0.0914929 0.0824305
0 0.490522 0.466323 0.0545391 0.138646
0 0.044598 0.262611 0.089196 0.124269
0 0.446122 0.364587 0.0383171 0.0780059
0 0.201786 0.28146 0.157554 0.178308
0 0.709148 0.505849 0.142348 0.226247
0 0.942054 0.53046 0.0974958 0.191723
0 0.797378 0.816817 0.263443 0.348179
0 0.557777 0.849078 0.159785 0.139479
0 0.116702 0.84528 0.233404 0.309441
0 0.518018 0.716667 0.0954912 0.258617
0 0.402862 0.503556 0.132559 0.175917
0 0.307918 0.500194 0.0462276 0.146443
0 0.668236 0.260837 0.11114 0.120469
0 0.281018 0.177452 0.0914929 0.0824305
0 0.490522 0.466323 0.0545391 0.138646
0 0.044598 0.262611 0.089196 0.124269
0 0.446122 0.364587 0.0383171 0.0780059
0 0.202684 0.265634 0.154597 0.146219
0 0.797193 0.811463 0.27854 0.377075
0 0.116261 0.822288 0.232522 0.315006
0 0.402384 0.505446 0.123426 0.162488
0 0.715282 0.506502 0.134879 0.233308
0 0.944413 0.529688 0.0973656 0.203884
0 0.557603 0.852607 0.186472 0.154467
0 0.0493322 0.264415 0.0960699 0.126517
0 0.515507 0.71442 0.0922694 0.286135
0 0.6671 0.26047 0.100113 0.106823
0 0.429559 0.182594 0.090716 0.11518
0 0.306626 0.503415 0.0506084 0.165302
0 0.533222 0.278844 0.0556986 0.0628303
