0 0.557553 0.904614 0.189227 0.190772
0 0.878114 0.6908 0.162916 0.202837
0 0.171904 0.71613 0.116857 0.152746
0 0.337414 0.686251 0.242226 0.185893
0 0.645847 0.360745 0.152485 0.101734
0 0.751011 0.80566 0.0865084 0.132005
0 0.343418 0.813967 0.0524123 0.171437
0 0.271971 0.391447 0.118275 0.0784125
0 0.557553 0.904614 0.189227 0.190772
0 0.878114 0.6908 0.162916 0.202837
0 0.171904 0.71613 0.116857 0.152746
0 0.337414 0.686251 0.242226 0.185893
0 0.645847 0.360745 0.152485 0.101734
0 0.751011 0.80566 0.0865084 0.132005
0 0.343418 0.813967 0.0524123 0.171437
0 0.271971 0.391447 0.118275 0.0784125
0 0.648141 0.364962 0.151405 0.105265
0 0.877872 0.683605 0.17333 0.226701
0 0.352308 0.679138 0.266217 0.189765
0 0.559906 0.903042 0.180448 0.193915
0 0.169026 0.715898 0.116101 0.155771
0 0.749622 0.803443 0.0884884 0.125989
0 0.276237 0.39004 0.109039 0.0727994
0 0.135017 0.271865 0.0865216 0.0714832
0 0.0549926 0.393245 0.0920536 0.0645338
0 0.21106 0.55347 0.0650475 0.061754
