0 0.702905 0.602399 0.204692 0.269749
0 0.175316 0.492203 0.18484 0.184238
0 0.814617 0.493828 0.158568 0.155663
0 0.140977 0.685612 0.185611 0.180795
0 0.81898 0.592994 0.114945 0.126087
0 0.458243 0.775331 0.384797 0.337559
0 0.954418 0.782522 0.0911358 0.241525
0 0.480049 0.442708 0.204816 0.245969
0 0.881797 0.397909 0.12969 0.114915
0 0.502314 0.802031 0.436007 0.395939
0 0.566924 0.842504 0.374727 0.314992
0 0.432083 0.783922 0.447239 0.425315
0 0.597118 0.511857 0.0429794 0.112817
0 0.117292 0.451723 0.0814629 0.163171
0 0.702905 0.602399 0.204692 0.269749
0 0.175316 0.492203 0.18484 0.184238
0 0.814617 0.493828 0.158568 0.155663
0 0.140977 0.685612 0.185611 0.180795
0 0.81898 0.592994 0.114945 0.126087
0 0.458243 0.775331 0.384797 0.337559
0 0.954418 0.782522 0.0911358 0.241525
0 0.480049 0.442708 0.204816 0.245969
0 0.881797 0.397909 0.12969 0.114915
0 0.502314 0.802031 0.436007 0.395939
0 0.566924 0.842504 0.374727 0.314992
0 0.432083 0.783922 0.447239 0.425315
0 0.597118 0.511857 0.0429794 0.112817
0 0.117292 0.451723 0.0814629 0.163171
0 0.169833 0.500404 0.183187 0.199112
0 0.141733 0.678541 0.192944 0.195599
0 0.478247 0.451375 0.20904 0.251619
0 0.814957 0.49842 0.171476 0.183307
0 0.702335 0.608238 0.214279 0.28808
0 0.816534 0.594319 0.115417 0.124638
0 0.120984 0.444398 0.0830339 0.155933
0 0.19192 0.226116 0.0731885 0.0559841
0 0.751592 0.222973 0.112676 0.093759
0 0.439043 0.766539 0.381441 0.330191
0 0.548072 0.824903 0.34495 0.333788
0 0.598376 0.510745 0.0555962 0.125011
0 0.530111 0.80935 0.430179 0.381299
0 0.959224 0.778285 0.0791546 0.186701
0 0.0399588 0.473879 0.0778667 0.20883
0 0.878988 0.399155 0.124546 0.122892
0 0.466605 0.784636 0.44939 0.416568
0 0.283258 0.308638 0.0413633 0.0967941
