0 0.812159 0.738734 0.248486 0.24746
0 0.103493 0.643285 0.206985 0.177019
0 0.491654 0.294698 0.131596 0.121579
0 0.537157 0.476657 0.126671 0.115265
0 0.489475 0.0797178 0.225093 0.159436
0 0.918891 0.417055 0.162219 0.225925
0 0.457479 0.877702 0.197519 0.244597
0 0.851084 0.299363 0.159353 0.11249
0 0.344161 0.522182 0.268323 0.250651
0 0.83109 0.957935 0.157202 0.0841302
0 0.322874 0.131599 0.102241 0.0960128
0 0.633015 0.136956 0.0915307 0.090039
0 0.866122 0.166481 0.108543 0.0938611
0 0.926546 0.407187 0.146908 0.174661
0 0.948444 0.073861 0.102176 0.147722
0 0.0550242 0.314284 0.0979503 0.285798
0 0.863735 0.294968 0.132005 0.0924763
0 0.330619 0.543453 0.336723 0.311313
0 0.812159 0.738734 0.248486 0.24746
0 0.103493 0.643285 0.206985 0.177019
0 0.491654 0.294698 0.131596 0.121579
0 0.537157 0.476657 0.126671 0.115265
0 0.489475 0.0797178 0.225093 0.159436
0 0.918891 0.417055 0.162219 0.225925
0 0.457479 0.877702 0.197519 0.244597
0 0.851084 0.299363 0.159353 0.11249
0 0.344161 0.522182 0.268323 0.250651
0 0.83109 0.957935 0.157202 0.0841302
0 0.322874 0.131599 0.102241 0.0960128
0 0.633015 0.136956 0.0915307 0.090039
0 0.866122 0.166481 0.108543 0.0938611
0 0.926546 0.407187 0.146908 0.174661
0 0.948444 0.073861 0.102176 0.147722
0 0.0550242 0.314284 0.0979503 0.285798
0 0.863735 0.294968 0.132005 0.0924763
0 0.330619 0.543453 0.336723 0.311313
0 0.489897 0.0808765 0.19667 0.161753
0 0.318687 0.140214 0.0991453 0.108846
0 0.814874 0.742032 0.243593 0.242061
0 0.858053 0.170006 0.123031 0.0778736
0 0.911691 0.425928 0.176617 0.22206
0 0.381288 0.537642 0.326054 0.322895
0 0.490095 0.29894 0.105732 0.11315
0 0.107363 0.650446 0.214726 0.214043
0 0.525562 0.463725 0.116187 0.11919
0 0.796783 0.526559 0.0978668 0.102662
0 0.569303 0.112441 0.0850946 0.0664974
0 0.443747 0.867756 0.178319 0.264488
0 0.496924 0.737598 0.0528751 0.0605368
0 0.838255 0.959328 0.186018 0.0779393
0 0.644446 0.236029 0.109548 0.114765
0 0.634007 0.146259 0.0831266 0.073445
