0 0.281382 0.265211 0.140921 0.186321
0 0.303007 0.800662 0.28402 0.30354
0 0.66184 0.5252 0.101059 0.203556
0 0.0740469 0.668867 0.0902438 0.297059
0 0.729154 0.259385 0.147554 0.102756
0 0.941987 0.352481 0.116025 0.113563
0 0.10323 0.0966037 0.0922619 0.0602408
0 0.276293 0.0716145 0.0837578 0.0659326
0 0.281382 0.265211 0.140921 0.186321
0 0.303007 0.800662 0.28402 0.30354
0 0.66184 0.5252 0.101059 0.203556
0 0.0740469 0.668867 0.0902438 0.297059
0 0.729154 0.259385 0.147554 0.102756
0 0.941987 0.352481 0.116025 0.113563
0 0.10323 0.0966037 0.0922619 0.0602408
0 0.276293 0.0716145 0.0837578 0.0659326
0 0.310198 0.807732 0.264811 0.3086
0 0.273257 0.264166 0.147058 0.184451
0 0.719192 0.267721 0.146241 0.105136
0 0.660505 0.514974 0.0828943 0.186307
0 0.940143 0.362084 0.119515 0.119827
0 0.0688778 0.692712 0.117478 0.308289
0 0.0391882 0.379672 0.0747068 0.0909761
