0 0.419855 0.264286 0.117836 0.182009
0 0.297036 0.391126 0.110432 0.136607
0 0.296642 0.274181 0.10574 0.208721
0 0.605465 0.675838 0.283463 0.359871
0 0.329845 0.0926186 0.0922101 0.0744655
0 0.613179 0.432837 0.0922516 0.105839
0 0.792153 0.605176 0.0683839 0.16371
0 0.486156 0.335228 0.0918146 0.120345
0 0.0968813 0.0931348 0.180261 0.18627
0 0.499071 0.426123 0.113805 0.105937
0 0.231093 0.246058 0.06837 0.239771
0 0.622272 0.523439 0.0966145 0.110699
0 0.419855 0.264286 0.117836 0.182009
0 0.297036 0.391126 0.110432 0.136607
0 0.296642 0.274181 0.10574 0.208721
0 0.605465 0.675838 0.283463 0.359871
0 0.329845 0.0926186 0.0922101 0.0744655
0 0.613179 0.432837 0.0922516 0.105839
0 0.792153 0.605176 0.0683839 0.16371
0 0.486156 0.335228 0.0918146 0.120345
0 0.0968813 0.0931348 0.180261 0.18627
0 0.499071 0.426123 0.113805 0.105937
0 0.231093 0.246058 0.06837 0.239771
0 0.622272 0.523439 0.0966145 0.110699
0 0.295608 0.401948 0.113821 0.132352
0 0.425162 0.265205 0.12563 0.200867
0 0.50094 0.425385 0.122046 0.0966841
0 0.80997 0.628021 0.0645772 0.226902
0 0.910624 0.92647 0.178751 0.147059
0 0.898863 0.432396 0.178691 0.18511
0 0.733905 0.150596 0.132508 0.118691
0 0.0509463 0.125489 0.101893 0.234651
0 0.332629 0.0894779 0.10147 0.0713166
0 0.661023 0.750694 0.427572 0.475192
0 0.551377 0.284461 0.0615364 0.147116
0 0.641391 0.687392 0.37951 0.453445
0 0.232022 0.247604 0.0805788 0.209031
