0 0.32361 0.241416 0.144732 0.148084
0 0.181243 0.407887 0.111738 0.119752
0 0.146512 0.796795 0.244235 0.172922
0 0.593939 0.754497 0.148659 0.358373
0 0.238234 0.707226 0.18235 0.174258
0 0.693055 0.327229 0.129381 0.140468
0 0.0832222 0.0766954 0.1344 0.116245
0 0.196082 0.277141 0.1107 0.184603
0 0.970733 0.393771 0.044581 0.145633
0 0.32361 0.241416 0.144732 0.148084
0 0.181243 0.407887 0.111738 0.119752
0 0.146512 0.796795 0.244235 0.172922
0 0.593939 0.754497 0.148659 0.358373
0 0.238234 0.707226 0.18235 0.174258
0 0.693055 0.327229 0.129381 0.140468
0 0.0832222 0.0766954 0.1344 0.116245
0 0.196082 0.277141 0.1107 0.184603
0 0.970733 0.393771 0.044581 0.145633
0 0.32356 0.24427 0.146387 0.14335
0 0.18028 0.411762 0.128747 0.116689
0 0.200386 0.2788 0.124109 0.170022
0 0.144477 0.796999 0.243554 0.185727
0 0.245466 0.713988 0.18277 0.188011
0 0.602029 0.757767 0.142626 0.340032
0 0.0697521 0.0675082 0.122948 0.124821
0 0.684448 0.325783 0.112944 0.126478
0 0.866769 0.414664 0.100453 0.0910647
