0 0.924118 0.798482 0.147863 0.23652
0 0.188435 0.297508 0.152308 0.104306
0 0.957792 0.677846 0.0844171 0.173262
0 0.594133 0.0840001 0.125641 0.0983467
0 0.72151 0.526759 0.0842341 0.119487
0 0.416899 0.558587 0.048028 0.100185
0 0.330532 0.192305 0.103155 0.10554
0 0.620681 0.531865 0.109291 0.184759
0 0.561503 0.410263 0.0398338 0.0927909
0 0.924118 0.798482 0.147863 0.23652
0 0.188435 0.297508 0.152308 0.104306
0 0.957792 0.677846 0.0844171 0.173262
0 0.594133 0.0840001 0.125641 0.0983467
0 0.72151 0.526759 0.0842341 0.119487
0 0.416899 0.558587 0.048028 0.100185
0 0.330532 0.192305 0.103155 0.10554
0 0.620681 0.531865 0.109291 0.184759
0 0.561503 0.410263 0.0398338 0.0927909
0 0.923709 0.795582 0.152581 0.208402
0 0.183352 0.304201 0.157345 0.111506
0 0.72038 0.523569 0.0818035 0.114371
0 0.960079 0.677258 0.0798424 0.172608
0 0.40709 0.291666 0.079476 0.0513855
0 0.333691 0.192147 0.0934859 0.100282
0 0.868426 0.46779 0.119752 0.122093
0 0.609725 0.527451 0.0883518 0.164833
0 0.742169 0.359587 0.0549231 0.0551392
0 0.629391 0.568431 0.105708 0.0940601
