0 0.476944 0.362479 0.12525 0.144032
0 0.833438 0.859158 0.333124 0.281685
0 0.233067 0.536648 0.156661 0.155632
0 0.843154 0.152211 0.313692 0.304421
0 0.774334 0.602012 0.16694 0.151703
0 0.0484053 0.116765 0.0968106 0.209847
0 0.452966 0.903311 0.188316 0.193378
0 0.22732 0.686926 0.349066 0.23444
0 0.2698 0.219906 0.293396 0.278095
0 0.0676851 0.467488 0.12681 0.194102
0 0.978321 0.604622 0.0392273 0.174469
0 0.342801 0.247119 0.131348 0.137576
0 0.817286 0.186903 0.365428 0.373806
0 0.476944 0.362479 0.12525 0.144032
0 0.833438 0.859158 0.333124 0.281685
0 0.233067 0.536648 0.156661 0.155632
0 0.843154 0.152211 0.313692 0.304421
0 0.774334 0.602012 0.16694 0.151703
0 0.0484053 0.116765 0.0968106 0.209847
0 0.452966 0.903311 0.188316 0.193378
0 0.22732 0.686926 0.349066 0.23444
0 0.2698 0.219906 0.293396 0.278095
0 0.0676851 0.467488 0.12681 0.194102
0 0.978321 0.604622 0.0392273 0.174469
0 0.342801 0.247119 0.131348 0.137576
0 0.817286 0.186903 0.365428 0.373806
0 0.766054 0.606852 0.182527 0.149703
0 0.443396 0.898232 0.185285 0.203536
0 0.480916 0.360659 0.128006 0.165284
0 0.804843 0.862893 0.36464 0.274214
0 0.260411 0.226068 0.302771 0.260785
0 0.232917 0.540969 0.17257 0.197793
0 0.0510787 0.127189 0.101447 0.187385
0 0.586926 0.362464 0.108027 0.118961
0 0.826241 0.160078 0.347518 0.320155
0 0.813537 0.198205 0.372927 0.396409
0 0.0779048 0.483839 0.15581 0.237901
0 0.221501 0.695582 0.33194 0.290781
0 0.487764 0.108182 0.135955 0.155098
0 0.0476492 0.107264 0.093384 0.142193
0 0.955621 0.588341 0.0873884 0.25041
