0 0.868861 0.685908 0.17029 0.199537
0 0.641473 0.360387 0.150517 0.102599
0 0.548281 0.907136 0.177671 0.185729
0 0.167999 0.712301 0.113882 0.146067
0 0.746429 0.803475 0.0888981 0.137913
0 0.344884 0.695779 0.257987 0.219368
0 0.270457 0.389488 0.10116 0.069956
0 0.868861 0.685908 0.17029 0.199537
0 0.641473 0.360387 0.150517 0.102599
0 0.548281 0.907136 0.177671 0.185729
0 0.167999 0.712301 0.113882 0.146067
0 0.746429 0.803475 0.0888981 0.137913
0 0.344884 0.695779 0.257987 0.219368
0 0.270457 0.389488 0.10116 0.069956
0 0.867666 0.678707 0.163464 0.215844
0 0.64124 0.363929 0.152516 0.107563
0 0.27573 0.387223 0.109247 0.0744576
0 0.340209 0.680795 0.262439 0.184516
0 0.555863 0.902461 0.17541 0.195078
0 0.164626 0.710072 0.111344 0.147891
0 0.746247 0.80316 0.0879063 0.127468
0 0.131518 0.269351 0.0869045 0.0691936
0 0.0514243 0.389792 0.0922093 0.065512
