0 0.873107 0.645333 0.184139 0.109451
0 0.0850495 0.55178 0.170099 0.30702
0 0.380508 0.898156 0.223044 0.203687
0 0.28774 0.501238 0.201123 0.182961
0 0.0822914 0.176067 0.159159 0.11222
0 0.554798 0.330722 0.0994169 0.109681
0 0.903267 0.882569 0.0879183 0.205794
0 0.946909 0.375987 0.106181 0.132461
0 0.384095 0.456024 0.0551347 0.152323
0 0.884161 0.502666 0.142926 0.192781
0 0.630107 0.56579 0.082328 0.114467
0 0.873107 0.645333 0.184139 0.109451
0 0.0850495 0.55178 0.170099 0.30702
0 0.380508 0.898156 0.223044 0.203687
0 0.28774 0.501238 0.201123 0.182961
0 0.0822914 0.176067 0.159159 0.11222
0 0.554798 0.330722 0.0994169 0.109681
0 0.903267 0.882569 0.0879183 0.205794
0 0.946909 0.375987 0.106181 0.132461
0 0.384095 0.456024 0.0551347 0.152323
0 0.884161 0.502666 0.142926 0.192781
0 0.630107 0.56579 0.082328 0.114467
0 0.868888 0.647746 0.181393 0.123728
0 0.886674 0.474318 0.1473 0.145872
0 0.0776895 0.184112 0.154645 0.108298
0 0.366001 0.905975 0.175229 0.18805
0 0.90956 0.860308 0.101545 0.166878
0 0.0776974 0.556331 0.155395 0.287616
0 0.552997 0.341152 0.110572 0.106777
0 0.35858 0.252577 0.0580903 0.077436
0 0.619067 0.168768 0.0758976 0.0678246
0 0.950409 0.369591 0.0991829 0.123668
0 0.291818 0.274117 0.101471 0.0888831
0 0.40696 0.283121 0.0541988 0.0553721
0 0.957109 0.671778 0.0849374 0.160831
