0 0.709987 0.586013 0.200846 0.291646
0 0.198459 0.432287 0.179783 0.201574
0 0.545251 0.429129 0.178898 0.268338
0 0.945131 0.776972 0.106873 0.210112
0 0.675212 0.790714 0.0980384 0.188034
0 0.288582 0.734844 0.368241 0.35103
0 0.875097 0.491468 0.151854 0.146776
0 0.0547733 0.400755 0.104766 0.20262
0 0.339384 0.780947 0.368979 0.342043
0 0.334974 0.76762 0.487568 0.450415
0 0.82372 0.557115 0.129842 0.147884
0 0.127906 0.406304 0.0846779 0.168783
0 0.885467 0.388751 0.121538 0.0860648
0 0.440591 0.506255 0.0726534 0.128357
0 0.241515 0.711939 0.389309 0.38497
0 0.952049 0.531956 0.0850575 0.157408
0 0.186736 0.186473 0.0669541 0.0668272
0 0.304015 0.26922 0.0425781 0.0942978
0 0.709987 0.586013 0.200846 0.291646
0 0.198459 0.432287 0.179783 0.201574
0 0.545251 0.429129 0.178898 0.268338
0 0.945131 0.776972 0.106873 0.210112
0 0.675212 0.790714 0.0980384 0.188034
0 0.288582 0.734844 0.368241 0.35103
0 0.875097 0.491468 0.151854 0.146776
0 0.0547733 0.400755 0.104766 0.20262
0 0.339384 0.780947 0.368979 0.342043
0 0.334974 0.76762 0.487568 0.450415
0 0.82372 0.557115 0.129842 0.147884
0 0.127906 0.406304 0.0846779 0.168783
0 0.885467 0.388751 0.121538 0.0860648
0 0.440591 0.506255 0.0726534 0.128357
0 0.241515 0.711939 0.389309 0.38497
0 0.952049 0.531956 0.0850575 0.157408
0 0.186736 0.186473 0.0669541 0.0668272
0 0.304015 0.26922 0.0425781 0.0942978
0 0.195544 0.450496 0.194805 0.221331
0 0.875158 0.505962 0.192843 0.20366
0 0.677906 0.781676 0.093807 0.18243
0 0.0541545 0.408582 0.107084 0.186141
0 0.515595 0.451149 0.210953 0.269106
0 0.710729 0.589397 0.209724 0.295347
0 0.133458 0.40219 0.0938441 0.1743
0 0.949557 0.774286 0.0966995 0.164631
0 0.300809 0.748482 0.391729 0.374228
0 0.76387 0.388354 0.0876377 0.0654919
0 0.802475 0.432001 0.096777 0.0642176
0 0.358592 0.799033 0.448196 0.401934
0 0.186831 0.183047 0.0668594 0.0565066
0 0.297961 0.267289 0.0413273 0.0843178
