0 0.640832 0.540699 0.16807 0.299142
0 0.892847 0.716467 0.201865 0.390491
0 0.407619 0.347229 0.114398 0.133764
0 0.708143 0.448407 0.0701381 0.151624
0 0.84685 0.141091 0.108589 0.104662
0 0.568025 0.349985 0.132088 0.136256
0 0.882968 0.473396 0.200962 0.143843
0 0.918526 0.347714 0.114018 0.0977371
0 0.640832 0.540699 0.16807 0.299142
0 0.892847 0.716467 0.201865 0.390491
0 0.407619 0.347229 0.114398 0.133764
0 0.708143 0.448407 0.0701381 0.151624
0 0.84685 0.141091 0.108589 0.104662
0 0.568025 0.349985 0.132088 0.136256
0 0.882968 0.473396 0.200962 0.143843
0 0.918526 0.347714 0.114018 0.0977371
0 0.641925 0.545614 0.16828 0.296741
0 0.888559 0.486341 0.183148 0.168069
0 0.408178 0.349846 0.129871 0.124751
0 0.897998 0.738496 0.204003 0.393228
0 0.71348 0.448532 0.0668295 0.143324
0 0.842041 0.139006 0.100986 0.089912
0 0.623031 0.303352 0.0672646 0.0751919
0 0.652175 0.124797 0.0708931 0.10228
0 0.827529 0.372008 0.0952955 0.0645442
0 0.957792 0.447473 0.0796047 0.138499
0 0.386251 0.864572 0.0571901 0.0939823
