0 0.118136 0.122964 0.199675 0.18617
0 0.89642 0.800554 0.20716 0.250304
0 0.805413 0.55573 0.0544144 0.169465
0 0.945673 0.632262 0.10532 0.174295
0 0.746595 0.112913 0.201696 0.156403
0 0.701599 0.385304 0.147981 0.117216
0 0.134195 0.648729 0.0847275 0.212385
0 0.302219 0.531396 0.0927048 0.180469
0 0.768736 0.106373 0.156075 0.123837
0 0.552237 0.155447 0.242388 0.300018
0 0.956205 0.520018 0.0818295 0.163793
0 0.548883 0.810994 0.154985 0.37164
0 0.962809 0.109129 0.0743819 0.0822452
0 0.118136 0.122964 0.199675 0.18617
0 0.89642 0.800554 0.20716 0.250304
0 0.805413 0.55573 0.0544144 0.169465
0 0.945673 0.632262 0.10532 0.174295
0 0.746595 0.112913 0.201696 0.156403
0 0.701599 0.385304 0.147981 0.117216
0 0.134195 0.648729 0.0847275 0.212385
0 0.302219 0.531396 0.0927048 0.180469
0 0.768736 0.106373 0.156075 0.123837
0 0.552237 0.155447 0.242388 0.300018
0 0.956205 0.520018 0.0818295 0.163793
0 0.548883 0.810994 0.154985 0.37164
0 0.962809 0.109129 0.0743819 0.0822452
0 0.115039 0.120236 0.203776 0.194145
0 0.766541 0.10819 0.125321 0.116067
0 0.959322 0.524793 0.0791382 0.155565
0 0.553082 0.147131 0.197878 0.22317
0 0.884288 0.784456 0.231425 0.227719
0 0.810683 0.554863 0.0449856 0.166317
0 0.965591 0.108867 0.068819 0.0639874
0 0.952952 0.421145 0.0907172 0.111049
