0 0.66727 0.357978 0.19766 0.234609
0 0.246507 0.305563 0.220788 0.188072
0 0.426785 0.457076 0.147725 0.111792
0 0.674904 0.500061 0.23029 0.156941
0 0.487484 0.422765 0.116023 0.0931685
0 0.558481 0.185473 0.120416 0.125162
0 0.892997 0.347243 0.119434 0.107395
0 0.80439 0.268528 0.121643 0.0930225
0 0.166526 0.780436 0.25426 0.439129
0 0.66727 0.357978 0.19766 0.234609
0 0.246507 0.305563 0.220788 0.188072
0 0.426785 0.457076 0.147725 0.111792
0 0.674904 0.500061 0.23029 0.156941
0 0.487484 0.422765 0.116023 0.0931685
0 0.558481 0.185473 0.120416 0.125162
0 0.892997 0.347243 0.119434 0.107395
0 0.80439 0.268528 0.121643 0.0930225
0 0.166526 0.780436 0.25426 0.439129
0 0.488418 0.42524 0.117731 0.0907453
0 0.435478 0.464255 0.154225 0.115179
0 0.250061 0.311652 0.188945 0.199153
0 0.551208 0.184487 0.138607 0.133275
0 0.66325 0.364495 0.226216 0.253791
0 0.463889 0.300501 0.0819767 0.106499
0 0.686971 0.511202 0.250788 0.166454
0 0.755291 0.037878 0.0953476 0.0745683
0 0.891799 0.347841 0.119116 0.0943471
