0 0.305958 0.800697 0.124767 0.305511
0 0.821421 0.832485 0.170482 0.152445
0 0.496642 0.821463 0.110239 0.321696
0 0.627813 0.66568 0.102101 0.211867
0 0.592289 0.485222 0.0972468 0.194201
0 0.342837 0.535472 0.0779652 0.196351
0 0.566392 0.74227 0.104745 0.286558
0 0.0621457 0.370022 0.124291 0.153064
0 0.207511 0.579257 0.119029 0.132073
0 0.506928 0.447419 0.0790157 0.134242
0 0.4968 0.574305 0.123227 0.165818
0 0.140942 0.183629 0.130699 0.118356
0 0.309747 0.251763 0.0928244 0.145187
0 0.102179 0.901195 0.0823445 0.197609
0 0.924383 0.654014 0.0826347 0.0983358
0 0.811926 0.463839 0.0777645 0.0807524
0 0.174813 0.396062 0.0827815 0.145494
0 0.70438 0.670742 0.0536667 0.212955
0 0.298196 0.797235 0.154483 0.370899
0 0.913684 0.900295 0.102492 0.19941
0 0.857432 0.578383 0.114758 0.191606
0 0.644579 0.788692 0.073498 0.19018
0 0.401415 0.57188 0.0419574 0.114402
0 0.305958 0.800697 0.124767 0.305511
0 0.821421 0.832485 0.170482 0.152445
0 0.496642 0.821463 0.110239 0.321696
0 0.627813 0.66568 0.102101 0.211867
0 0.592289 0.485222 0.0972468 0.194201
0 0.342837 0.535472 0.0779652 0.196351
0 0.566392 0.74227 0.104745 0.286558
0 0.0621457 0.370022 0.124291 0.153064
0 0.207511 0.579257 0.119029 0.132073
0 0.506928 0.447419 0.0790157 0.134242
0 0.4968 0.574305 0.123227 0.165818
0 0.140942 0.183629 0.130699 0.118356
0 0.309747 0.251763 0.0928244 0.145187
0 0.102179 0.901195 0.0823445 0.197609
0 0.924383 0.654014 0.0826347 0.0983358
0 0.811926 0.463839 0.0777645 0.0807524
0 0.174813 0.396062 0.0827815 0.145494
0 0.70438 0.670742 0.0536667 0.212955
0 0.298196 0.797235 0.154483 0.370899
0 0.913684 0.900295 0.102492 0.19941
0 0.857432 0.578383 0.114758 0.191606
0 0.644579 0.788692 0.073498 0.19018
0 0.401415 0.57188 0.0419574 0.114402
0 0.621128 0.664162 0.106702 0.172982
0 0.132948 0.195072 0.141872 0.131735
0 0.817694 0.832365 0.15759 0.149071
0 0.30241 0.813207 0.142544 0.323842
0 0.508064 0.44878 0.0752829 0.124305
0 0.581524 0.474307 0.0867963 0.159349
0 0.486903 0.562676 0.117343 0.138632
0 0.345611 0.541774 0.083353 0.161308
0 0.310578 0.267284 0.110213 0.14184
0 0.209464 0.579886 0.105471 0.124157
0 0.489631 0.80631 0.111707 0.306672
0 0.403946 0.572302 0.045619 0.109124
0 0.561666 0.74125 0.103442 0.261093
0 0.815916 0.472129 0.0829243 0.083015
0 0.0581513 0.371693 0.113589 0.113256
0 0.679096 0.878853 0.101649 0.177561
0 0.10383 0.107925 0.138918 0.0987796
0 0.641959 0.769676 0.0678482 0.149845
0 0.916317 0.875701 0.156556 0.248598
0 0.865988 0.577933 0.114598 0.166586
0 0.601953 0.389995 0.0679298 0.0678481
0 0.372907 0.160112 0.0628258 0.0812834
0 0.925204 0.652053 0.078528 0.0962634
0 0.705 0.634158 0.0494516 0.175023
0 0.450117 0.400023 0.0513403 0.0882608
