0 0.743343 0.893396 0.209281 0.213207
0 0.80592 0.646503 0.151735 0.149847
0 0.0690653 0.0546644 0.138131 0.105227
0 0.338489 0.151664 0.237558 0.204598
0 0.858799 0.893867 0.121135 0.203038
0 0.931135 0.542786 0.123867 0.117243
0 0.0889811 0.391746 0.177962 0.20863
0 0.780399 0.433483 0.0973417 0.152993
0 0.142324 0.239268 0.12884 0.122658
0 0.728404 0.584845 0.0487277 0.125538
0 0.28655 0.441579 0.309132 0.263598
0 0.743343 0.893396 0.209281 0.213207
0 0.80592 0.646503 0.151735 0.149847
0 0.0690653 0.0546644 0.138131 0.105227
0 0.338489 0.151664 0.237558 0.204598
0 0.858799 0.893867 0.121135 0.203038
0 0.931135 0.542786 0.123867 0.117243
0 0.0889811 0.391746 0.177962 0.20863
0 0.780399 0.433483 0.0973417 0.152993
0 0.142324 0.239268 0.12884 0.122658
0 0.728404 0.584845 0.0487277 0.125538
0 0.28655 0.441579 0.309132 0.263598
0 0.0645806 0.0607443 0.129161 0.0852403
0 0.162119 0.135556 0.180392 0.160963
0 0.747203 0.900002 0.219286 0.199995
0 0.805021 0.651671 0.157966 0.159044
0 0.100259 0.387981 0.200518 0.22618
0 0.357768 0.162306 0.195129 0.217771
0 0.143332 0.238173 0.117655 0.115314
0 0.602584 0.336655 0.0865345 0.101058
0 0.924426 0.534506 0.129842 0.13112
