0 0.307878 0.283605 0.124359 0.100547
0 0.395953 0.393031 0.170333 0.143776
0 0.800074 0.538727 0.117823 0.129075
0 0.585257 0.503475 0.137957 0.188064
0 0.718525 0.875758 0.19461 0.221031
0 0.846985 0.344035 0.171493 0.221567
0 0.393921 0.105248 0.11241 0.0810598
0 0.311195 0.156561 0.105136 0.0863643
0 0.464079 0.202961 0.0879642 0.0647131
0 0.307878 0.283605 0.124359 0.100547
0 0.395953 0.393031 0.170333 0.143776
0 0.800074 0.538727 0.117823 0.129075
0 0.585257 0.503475 0.137957 0.188064
0 0.718525 0.875758 0.19461 0.221031
0 0.846985 0.344035 0.171493 0.221567
0 0.393921 0.105248 0.11241 0.0810598
0 0.311195 0.156561 0.105136 0.0863643
0 0.464079 0.202961 0.0879642 0.0647131
0 0.384068 0.392457 0.171561 0.136458
0 0.585916 0.503704 0.141965 0.210129
0 0.309673 0.28509 0.130298 0.0988226
0 0.796596 0.535201 0.118882 0.130439
0 0.839856 0.344537 0.149474 0.218061
0 0.718636 0.870905 0.195741 0.226604
0 0.314004 0.159017 0.0958524 0.0693681
0 0.467026 0.202235 0.0854517 0.0583583
0 0.393451 0.10723 0.105003 0.0790782
0 0.0600773 0.053384 0.120155 0.1011
