0 0.356727 0.611152 0.132508 0.111614
0 0.916072 0.762881 0.14692 0.202601
0 0.12157 0.565776 0.235054 0.171319
0 0.307945 0.440205 0.133017 0.106486
0 0.0783623 0.905988 0.156725 0.188023
0 0.450336 0.301484 0.124962 0.118702
0 0.890485 0.559811 0.126614 0.15755
0 0.347934 0.151744 0.111362 0.0831601
0 0.573206 0.465204 0.085958 0.103694
0 0.652825 0.724022 0.102531 0.104576
0 0.356727 0.611152 0.132508 0.111614
0 0.916072 0.762881 0.14692 0.202601
0 0.12157 0.565776 0.235054 0.171319
0 0.307945 0.440205 0.133017 0.106486
0 0.0783623 0.905988 0.156725 0.188023
0 0.450336 0.301484 0.124962 0.118702
0 0.890485 0.559811 0.126614 0.15755
0 0.347934 0.151744 0.111362 0.0831601
0 0.573206 0.465204 0.085958 0.103694
0 0.652825 0.724022 0.102531 0.104576
0 0.307769 0.443143 0.126803 0.104349
0 0.346959 0.609732 0.115181 0.107791
0 0.889333 0.556138 0.137853 0.141623
0 0.913809 0.757775 0.142769 0.151884
0 0.136723 0.572225 0.265333 0.193168
0 0.577973 0.460168 0.075823 0.108842
0 0.0585963 0.914004 0.113803 0.141456
0 0.602374 0.409724 0.0733025 0.0767934
