0 0.133916 0.430787 0.163618 0.112161
0 0.273701 0.709997 0.113733 0.214973
0 0.383011 0.884692 0.134346 0.230615
0 0.376162 0.721053 0.109705 0.162381
0 0.0703737 0.324789 0.131529 0.112163
0 0.159741 0.214959 0.133814 0.102737
0 0.57436 0.529555 0.0958639 0.0748689
0 0.0402562 0.82163 0.0796006 0.174026
0 0.222082 0.277428 0.0814437 0.0740393
0 0.487839 0.460901 0.117012 0.102885
0 0.133916 0.430787 0.163618 0.112161
0 0.273701 0.709997 0.113733 0.214973
0 0.383011 0.884692 0.134346 0.230615
0 0.376162 0.721053 0.109705 0.162381
0 0.0703737 0.324789 0.131529 0.112163
0 0.159741 0.214959 0.133814 0.102737
0 0.57436 0.529555 0.0958639 0.0748689
0 0.0402562 0.82163 0.0796006 0.174026
0 0.222082 0.277428 0.0814437 0.0740393
0 0.487839 0.460901 0.117012 0.102885
0 0.122409 0.434981 0.169567 0.112966
0 0.270998 0.72568 0.102221 0.19556
0 0.577115 0.534063 0.0955967 0.0600213
0 0.38174 0.877147 0.160918 0.245705
0 0.152285 0.205249 0.122242 0.0904229
0 0.0361467 0.821545 0.0722934 0.206984
0 0.374858 0.746294 0.116591 0.210365
0 0.222264 0.279355 0.0869206 0.069342
0 0.725993 0.405183 0.0732085 0.0697322
0 0.256604 0.454358 0.0892634 0.128449
