0 0.815383 0.658493 0.144629 0.211602
0 0.603545 0.351238 0.147573 0.116676
0 0.237134 0.673965 0.261714 0.180393
0 0.724529 0.807853 0.0855732 0.142891
0 0.228514 0.660902 0.197462 0.143401
0 0.104563 0.244829 0.105795 0.082698
0 0.815383 0.658493 0.144629 0.211602
0 0.603545 0.351238 0.147573 0.116676
0 0.237134 0.673965 0.261714 0.180393
0 0.724529 0.807853 0.0855732 0.142891
0 0.228514 0.660902 0.197462 0.143401
0 0.104563 0.244829 0.105795 0.082698
0 0.818157 0.658338 0.132428 0.199607
0 0.254622 0.683148 0.275531 0.198895
0 0.601195 0.350288 0.147365 0.0981851
0 0.727183 0.80702 0.0806189 0.131711
0 0.267356 0.371854 0.108127 0.0730239
0 0.926237 0.648225 0.147527 0.181905
0 0.108817 0.252944 0.0953472 0.0688751
0 0.506184 0.884625 0.13499 0.23075
0 0.302796 0.558493 0.0752188 0.0705969
