0 0.813048 0.170913 0.223655 0.169873
0 0.626303 0.185302 0.133285 0.118071
0 0.594787 0.350519 0.117917 0.0965485
0 0.947264 0.306208 0.10312 0.137875
0 0.643797 0.281234 0.0935148 0.080769
0 0.813048 0.170913 0.223655 0.169873
0 0.626303 0.185302 0.133285 0.118071
0 0.594787 0.350519 0.117917 0.0965485
0 0.947264 0.306208 0.10312 0.137875
0 0.643797 0.281234 0.0935148 0.080769
0 0.587382 0.35192 0.134631 0.0985289
0 0.648687 0.282658 0.103019 0.0701979
0 0.817233 0.172239 0.224228 0.175711
0 0.630071 0.185519 0.135239 0.121
0 0.949233 0.302236 0.094754 0.189982
