0 0.649677 0.54859 0.161532 0.312171
0 0.904922 0.742531 0.177355 0.383783
0 0.71117 0.446947 0.0670315 0.155315
0 0.577034 0.35034 0.125474 0.130261
0 0.89104 0.476405 0.177743 0.154495
0 0.515685 0.318612 0.10772 0.160194
0 0.413529 0.341141 0.128862 0.141649
0 0.649677 0.54859 0.161532 0.312171
0 0.904922 0.742531 0.177355 0.383783
0 0.71117 0.446947 0.0670315 0.155315
0 0.577034 0.35034 0.125474 0.130261
0 0.89104 0.476405 0.177743 0.154495
0 0.515685 0.318612 0.10772 0.160194
0 0.413529 0.341141 0.128862 0.141649
0 0.653491 0.559469 0.170647 0.313097
0 0.885152 0.480716 0.172896 0.158875
0 0.906468 0.764105 0.184103 0.375959
0 0.416195 0.344809 0.128205 0.132869
0 0.718542 0.44687 0.0654602 0.146037
0 0.629448 0.299237 0.0727739 0.0766276
0 0.83994 0.135061 0.0975014 0.0935952
0 0.653042 0.12444 0.07742 0.102809
0 0.957486 0.451017 0.078957 0.145474
0 0.684707 0.2711 0.0746142 0.0876194
