0 0.419705 0.619868 0.14139 0.124814
0 0.403626 0.809216 0.112716 0.122751
0 0.690753 0.672428 0.176057 0.231703
0 0.830427 0.69975 0.16482 0.208981
0 0.360966 0.918371 0.127507 0.163259
0 0.144541 0.555342 0.0581904 0.148681
0 0.268108 0.526383 0.102436 0.183858
0 0.949011 0.950157 0.099159 0.0996867
0 0.189905 0.366101 0.0448138 0.104737
0 0.659384 0.93375 0.149265 0.132501
0 0.618399 0.404099 0.132863 0.194466
0 0.39158 0.303907 0.138717 0.126983
0 0.136006 0.489976 0.058637 0.156939
0 0.957464 0.785464 0.075367 0.263608
0 0.660904 0.510306 0.0442613 0.0874447
0 0.210315 0.23015 0.104662 0.0935539
0 0.833364 0.448854 0.0449602 0.0956377
0 0.0275682 0.564497 0.0551363 0.191938
0 0.621093 0.408492 0.158806 0.24777
0 0.378167 0.404258 0.0700237 0.0849897
0 0.419705 0.619868 0.14139 0.124814
0 0.403626 0.809216 0.112716 0.122751
0 0.690753 0.672428 0.176057 0.231703
0 0.830427 0.69975 0.16482 0.208981
0 0.360966 0.918371 0.127507 0.163259
0 0.144541 0.555342 0.0581904 0.148681
0 0.268108 0.526383 0.102436 0.183858
0 0.949011 0.950157 0.099159 0.0996867
0 0.189905 0.366101 0.0448138 0.104737
0 0.659384 0.93375 0.149265 0.132501
0 0.618399 0.404099 0.132863 0.194466
0 0.39158 0.303907 0.138717 0.126983
0 0.136006 0.489976 0.058637 0.156939
0 0.957464 0.785464 0.075367 0.263608
0 0.660904 0.510306 0.0442613 0.0874447
0 0.210315 0.23015 0.104662 0.0935539
0 0.833364 0.448854 0.0449602 0.0956377
0 0.0275682 0.564497 0.0551363 0.191938
0 0.621093 0.408492 0.158806 0.24777
0 0.378167 0.404258 0.0700237 0.0849897
0 0.835989 0.701105 0.151765 0.231695
0 0.419132 0.622373 0.140499 0.112609
0 0.691009 0.682151 0.172235 0.233752
0 0.658312 0.924278 0.157454 0.151444
0 0.403894 0.805519 0.117752 0.124553
0 0.405071 0.323037 0.14173 0.167246
0 0.363728 0.908546 0.126383 0.182908
0 0.621901 0.388807 0.128305 0.192209
0 0.147777 0.556605 0.068982 0.177895
0 0.0315831 0.563192 0.0615726 0.223813
0 0.274909 0.535659 0.113085 0.190256
0 0.190281 0.361292 0.0457372 0.11137
0 0.169954 0.831433 0.0846222 0.293105
0 0.946341 0.956874 0.104482 0.0862526
