0 0.771713 0.495908 0.216651 0.321508
0 0.659019 0.352855 0.150556 0.129263
0 0.649761 0.180845 0.116703 0.2016
0 0.41358 0.383282 0.347691 0.352412
0 0.91801 0.348615 0.101587 0.118078
0 0.923875 0.172684 0.0980609 0.0835335
0 0.949832 0.913418 0.100337 0.173164
0 0.541035 0.479884 0.108051 0.111128
0 0.533425 0.201169 0.113287 0.139831
0 0.297881 0.0434238 0.121227 0.0854893
0 0.771713 0.495908 0.216651 0.321508
0 0.659019 0.352855 0.150556 0.129263
0 0.649761 0.180845 0.116703 0.2016
0 0.41358 0.383282 0.347691 0.352412
0 0.91801 0.348615 0.101587 0.118078
0 0.923875 0.172684 0.0980609 0.0835335
0 0.949832 0.913418 0.100337 0.173164
0 0.541035 0.479884 0.108051 0.111128
0 0.533425 0.201169 0.113287 0.139831
0 0.297881 0.0434238 0.121227 0.0854893
0 0.658329 0.356029 0.168886 0.134175
0 0.530301 0.208063 0.152864 0.172412
0 0.777238 0.508306 0.213561 0.321558
0 0.650698 0.176191 0.124898 0.1833
0 0.28727 0.060443 0.178821 0.120886
0 0.421811 0.396824 0.333214 0.443622
0 0.953841 0.912985 0.0884235 0.17403
0 0.830838 0.232573 0.108095 0.13484
0 0.913833 0.341686 0.084993 0.0919962
