0 0.770356 0.426141 0.209394 0.245987
0 0.916755 0.527247 0.166491 0.28671
0 0.266918 0.127936 0.301252 0.251218
0 0.67881 0.790714 0.172293 0.191171
0 0.0643446 0.147278 0.126657 0.18023
0 0.271963 0.331548 0.286558 0.290459
0 0.32333 0.0340833 0.0845301 0.0606506
0 0.770356 0.426141 0.209394 0.245987
0 0.916755 0.527247 0.166491 0.28671
0 0.266918 0.127936 0.301252 0.251218
0 0.67881 0.790714 0.172293 0.191171
0 0.0643446 0.147278 0.126657 0.18023
0 0.271963 0.331548 0.286558 0.290459
0 0.32333 0.0340833 0.0845301 0.0606506
0 0.0781855 0.15391 0.156371 0.197586
0 0.934769 0.911769 0.103268 0.125042
0 0.670484 0.120577 0.208263 0.180483
0 0.769397 0.444375 0.216758 0.291032
0 0.689911 0.783079 0.153933 0.149946
0 0.842777 0.133523 0.21027 0.181773
0 0.2406 0.339862 0.294259 0.327144
0 0.296944 0.132464 0.21888 0.204457
0 0.919284 0.50729 0.161432 0.223286
0 0.620483 0.378827 0.0770126 0.0929325
