0 0.172625 0.575912 0.10411 0.132564
0 0.236016 0.453067 0.104449 0.0815988
0 0.133815 0.434321 0.135427 0.109283
0 0.172625 0.575912 0.10411 0.132564
0 0.236016 0.453067 0.104449 0.0815988
0 0.133815 0.434321 0.135427 0.109283
0 0.431628 0.407363 0.0817057 0.0644062
0 0.174888 0.576726 0.0925248 0.126642
0 0.32095 0.335245 0.0869474 0.0880247
0 0.23877 0.456546 0.0971873 0.0843738
0 0.0396366 0.822997 0.0772979 0.187258
0 0.0628381 0.194815 0.0769933 0.0585056
0 0.962213 0.867188 0.075574 0.265623
