0 0.142677 0.269462 0.244697 0.260728
0 0.134174 0.865654 0.268348 0.221007
0 0.138077 0.439164 0.159265 0.148262
0 0.237486 0.762423 0.194965 0.174008
0 0.73697 0.362597 0.177802 0.183708
0 0.622341 0.188658 0.0844948 0.0705676
0 0.513072 0.574385 0.0959293 0.311167
0 0.655826 0.313074 0.0749451 0.12392
0 0.142677 0.269462 0.244697 0.260728
0 0.134174 0.865654 0.268348 0.221007
0 0.138077 0.439164 0.159265 0.148262
0 0.237486 0.762423 0.194965 0.174008
0 0.73697 0.362597 0.177802 0.183708
0 0.622341 0.188658 0.0844948 0.0705676
0 0.513072 0.574385 0.0959293 0.311167
0 0.655826 0.313074 0.0749451 0.12392
0 0.138681 0.863133 0.26875 0.209067
0 0.240249 0.771213 0.196887 0.195891
0 0.714972 0.371617 0.114517 0.145715
0 0.144802 0.436009 0.165234 0.131349
0 0.156481 0.290704 0.246756 0.235598
0 0.66082 0.318338 0.0752358 0.12507
0 0.524989 0.57285 0.113293 0.357505
