0 0.0988612 0.418218 0.175363 0.10897
0 0.12894 0.200064 0.138083 0.109956
0 0.226053 0.681719 0.100295 0.180736
0 0.355938 0.698913 0.110027 0.156779
0 0.336704 0.862881 0.187395 0.274237
0 0.034928 0.799145 0.0690172 0.199638
0 0.438778 0.506694 0.129808 0.0924013
0 0.232521 0.437187 0.090808 0.1438
0 0.0988612 0.418218 0.175363 0.10897
0 0.12894 0.200064 0.138083 0.109956
0 0.226053 0.681719 0.100295 0.180736
0 0.355938 0.698913 0.110027 0.156779
0 0.336704 0.862881 0.187395 0.274237
0 0.034928 0.799145 0.0690172 0.199638
0 0.438778 0.506694 0.129808 0.0924013
0 0.232521 0.437187 0.090808 0.1438
0 0.0977306 0.41563 0.169644 0.10863
0 0.230782 0.683593 0.099147 0.160841
0 0.427288 0.506082 0.123873 0.0920423
0 0.12398 0.191417 0.124084 0.0975195
0 0.34199 0.857378 0.189565 0.285244
0 0.200148 0.262009 0.0850958 0.0650047
0 0.353491 0.702237 0.0994659 0.153113
0 0.695322 0.383692 0.0761521 0.0722287
0 0.0318219 0.821231 0.0632014 0.201437
0 0.22477 0.435452 0.106402 0.145152
0 0.456763 0.435619 0.0885498 0.0900651
0 0.557258 0.512049 0.0896669 0.0579206
