0 0.562742 0.90468 0.187161 0.190639
0 0.174205 0.718956 0.109655 0.154492
0 0.889166 0.68641 0.17507 0.213214
0 0.659234 0.362309 0.14281 0.101013
0 0.356743 0.691144 0.254642 0.211153
0 0.754954 0.807417 0.0872306 0.138591
0 0.275783 0.392559 0.103694 0.0723904
0 0.352621 0.817812 0.0536204 0.174712
0 0.88687 0.8438 0.127157 0.13921
0 0.562742 0.90468 0.187161 0.190639
0 0.174205 0.718956 0.109655 0.154492
0 0.889166 0.68641 0.17507 0.213214
0 0.659234 0.362309 0.14281 0.101013
0 0.356743 0.691144 0.254642 0.211153
0 0.754954 0.807417 0.0872306 0.138591
0 0.275783 0.392559 0.103694 0.0723904
0 0.352621 0.817812 0.0536204 0.174712
0 0.88687 0.8438 0.127157 0.13921
0 0.886185 0.688114 0.177254 0.22333
0 0.363363 0.681099 0.26744 0.190101
0 0.659751 0.366086 0.132596 0.0929503
0 0.56521 0.902346 0.179552 0.195308
0 0.172494 0.71926 0.117939 0.158618
0 0.137687 0.275993 0.0867686 0.0721161
0 0.751518 0.806818 0.0889244 0.123672
0 0.279111 0.39301 0.106064 0.0729635
0 0.057171 0.39773 0.0959776 0.0590135
0 0.16611 0.580485 0.062275 0.0967988
0 0.351265 0.808209 0.0612056 0.162087
0 0.138899 0.2865 0.0750588 0.0594443
