0 0.678654 0.270696 0.174918 0.136233
0 0.826095 0.263952 0.193321 0.138741
0 0.594672 0.431231 0.125878 0.0914064
0 0.104526 0.0852292 0.1417 0.0986234
0 0.967068 0.405343 0.0632042 0.106809
0 0.392512 0.12067 0.0783682 0.0650682
0 0.927778 0.231327 0.108448 0.0912241
0 0.448199 0.0970807 0.123723 0.125126
0 0.913244 0.159878 0.121824 0.0759753
0 0.678654 0.270696 0.174918 0.136233
0 0.826095 0.263952 0.193321 0.138741
0 0.594672 0.431231 0.125878 0.0914064
0 0.104526 0.0852292 0.1417 0.0986234
0 0.967068 0.405343 0.0632042 0.106809
0 0.392512 0.12067 0.0783682 0.0650682
0 0.927778 0.231327 0.108448 0.0912241
0 0.448199 0.0970807 0.123723 0.125126
0 0.913244 0.159878 0.121824 0.0759753
0 0.680532 0.267394 0.168863 0.138689
0 0.593912 0.430518 0.127602 0.096013
0 0.829295 0.262722 0.226988 0.158539
0 0.110443 0.095435 0.154625 0.106702
0 0.658969 0.360985 0.091989 0.0655272
0 0.391315 0.119624 0.0670049 0.0539477
0 0.917955 0.161041 0.109781 0.0640325
