0 0.130326 0.291368 0.135029 0.134724
0 0.250195 0.55502 0.139726 0.253706
0 0.663254 0.825202 0.12189 0.234505
0 0.585484 0.874154 0.100318 0.251691
0 0.507142 0.597701 0.0818157 0.164672
0 0.3865 0.840248 0.0790502 0.294999
0 0.946431 0.819915 0.107138 0.193978
0 0.684449 0.643669 0.0910341 0.179008
0 0.922678 0.900771 0.102455 0.198459
0 0.11923 0.514305 0.0756142 0.18573
0 0.586187 0.448195 0.0956132 0.140435
0 0.516513 0.457806 0.116471 0.130085
0 0.44822 0.63269 0.0837869 0.224746
0 0.0266067 0.720447 0.0532134 0.201817
0 0.167536 0.200089 0.069394 0.147061
0 0.196541 0.381274 0.0765421 0.102932
0 0.309324 0.350324 0.0696139 0.163349
0 0.0790869 0.0966032 0.0652701 0.155728
0 0.879363 0.482487 0.0763805 0.103103
0 0.378973 0.234396 0.0916321 0.108078
0 0.380232 0.87349 0.0685466 0.25302
0 0.770672 0.292088 0.0946242 0.102948
0 0.976317 0.660469 0.0473652 0.126677
0 0.320639 0.361244 0.0705842 0.16379
0 0.760077 0.627298 0.111111 0.117901
0 0.248717 0.13984 0.0812012 0.121107
0 0.130326 0.291368 0.135029 0.134724
0 0.250195 0.55502 0.139726 0.253706
0 0.663254 0.825202 0.12189 0.234505
0 0.585484 0.874154 0.100318 0.251691
0 0.507142 0.597701 0.0818157 0.164672
0 0.3865 0.840248 0.0790502 0.294999
0 0.946431 0.819915 0.107138 0.193978
0 0.684449 0.643669 0.0910341 0.179008
0 0.922678 0.900771 0.102455 0.198459
0 0.11923 0.514305 0.0756142 0.18573
0 0.586187 0.448195 0.0956132 0.140435
0 0.516513 0.457806 0.116471 0.130085
0 0.44822 0.63269 0.0837869 0.224746
0 0.0266067 0.720447 0.0532134 0.201817
0 0.167536 0.200089 0.069394 0.147061
0 0.196541 0.381274 0.0765421 0.102932
0 0.309324 0.350324 0.0696139 0.163349
0 0.0790869 0.0966032 0.0652701 0.155728
0 0.879363 0.482487 0.0763805 0.103103
0 0.378973 0.234396 0.0916321 0.108078
0 0.380232 0.87349 0.0685466 0.25302
0 0.770672 0.292088 0.0946242 0.102948
0 0.976317 0.660469 0.0473652 0.126677
0 0.320639 0.361244 0.0705842 0.16379
0 0.760077 0.627298 0.111111 0.117901
0 0.248717 0.13984 0.0812012 0.121107
0 0.128742 0.297199 0.139301 0.122871
0 0.507207 0.588356 0.0783547 0.150586
0 0.245442 0.547885 0.154745 0.255135
0 0.668135 0.822109 0.124765 0.22149
0 0.116066 0.515789 0.0730245 0.178677
0 0.924454 0.893841 0.119531 0.212317
0 0.448165 0.644072 0.102955 0.234816
0 0.384963 0.851835 0.0828634 0.29633
0 0.949304 0.812433 0.0961369 0.155432
0 0.682451 0.634899 0.107623 0.19078
0 0.758289 0.630767 0.109052 0.122121
0 0.882491 0.483999 0.0765769 0.0844801
0 0.579433 0.855952 0.103629 0.288095
0 0.0801787 0.120359 0.117449 0.234093
0 0.248472 0.262374 0.0679002 0.0795486
0 0.5813 0.450052 0.0825903 0.115409
0 0.517992 0.457484 0.118509 0.1306
0 0.0247894 0.726014 0.0495787 0.202423
0 0.892485 0.745096 0.195254 0.306599
0 0.974585 0.660224 0.0508311 0.106927
0 0.334257 0.164298 0.0819202 0.0780407
0 0.321655 0.360107 0.07193 0.187048
