0 0.811768 0.484222 0.13405 0.169143
0 0.684226 0.647713 0.275476 0.283902
0 0.228279 0.614664 0.17544 0.284628
0 0.92051 0.706719 0.134923 0.20137
0 0.228781 0.348671 0.174319 0.25069
0 0.112286 0.259917 0.146393 0.18857
0 0.235131 0.586904 0.160645 0.208605
0 0.605877 0.346112 0.145668 0.304737
0 0.728378 0.0582792 0.159069 0.116558
0 0.947085 0.512881 0.099777 0.0789934
0 0.390495 0.313697 0.097961 0.118471
0 0.027043 0.0841586 0.0530331 0.168317
0 0.136618 0.302041 0.0926363 0.218974
0 0.854624 0.391253 0.0975052 0.0779951
0 0.443879 0.244889 0.048243 0.193446
0 0.811768 0.484222 0.13405 0.169143
0 0.684226 0.647713 0.275476 0.283902
0 0.228279 0.614664 0.17544 0.284628
0 0.92051 0.706719 0.134923 0.20137
0 0.228781 0.348671 0.174319 0.25069
0 0.112286 0.259917 0.146393 0.18857
0 0.235131 0.586904 0.160645 0.208605
0 0.605877 0.346112 0.145668 0.304737
0 0.728378 0.0582792 0.159069 0.116558
0 0.947085 0.512881 0.099777 0.0789934
0 0.390495 0.313697 0.097961 0.118471
0 0.027043 0.0841586 0.0530331 0.168317
0 0.136618 0.302041 0.0926363 0.218974
0 0.854624 0.391253 0.0975052 0.0779951
0 0.443879 0.244889 0.048243 0.193446
0 0.227033 0.353852 0.192405 0.238471
0 0.104547 0.264571 0.152906 0.214619
0 0.80976 0.491162 0.131522 0.157752
0 0.692752 0.654698 0.260343 0.254819
0 0.921544 0.691056 0.130957 0.218479
0 0.719431 0.0567687 0.171009 0.113537
0 0.226748 0.611379 0.178453 0.270652
0 0.855466 0.396576 0.0943226 0.0800132
0 0.94593 0.518238 0.104643 0.0654334
0 0.394656 0.32066 0.100318 0.104888
0 0.609855 0.372643 0.131817 0.348717
0 0.0983151 0.090607 0.0623224 0.0554192
0 0.445782 0.256166 0.0477176 0.19976
0 0.564587 0.622401 0.0632544 0.110203
