0 0.884225 0.619616 0.144898 0.206365
0 0.606594 0.413143 0.177555 0.220318
0 0.819917 0.26286 0.121963 0.100546
0 0.324843 0.906358 0.0884838 0.187283
0 0.813153 0.384301 0.0999729 0.0806152
0 0.269468 0.0718862 0.140316 0.115634
0 0.844108 0.835597 0.114917 0.328805
0 0.729448 0.395747 0.0548903 0.115277
0 0.884225 0.619616 0.144898 0.206365
0 0.606594 0.413143 0.177555 0.220318
0 0.819917 0.26286 0.121963 0.100546
0 0.324843 0.906358 0.0884838 0.187283
0 0.813153 0.384301 0.0999729 0.0806152
0 0.269468 0.0718862 0.140316 0.115634
0 0.844108 0.835597 0.114917 0.328805
0 0.729448 0.395747 0.0548903 0.115277
0 0.88344 0.616546 0.149606 0.203996
0 0.610255 0.416402 0.154047 0.236211
0 0.81479 0.388293 0.0951313 0.0699133
0 0.818588 0.26113 0.111425 0.0987983
0 0.844763 0.85197 0.099544 0.296059
0 0.274543 0.0847601 0.112539 0.0596702
