0 0.630595 0.401127 0.215326 0.209134
0 0.303082 0.201867 0.153603 0.145664
0 0.333928 0.887723 0.148343 0.155598
0 0.926862 0.499325 0.12822 0.162378
0 0.390569 0.423336 0.193563 0.135363
0 0.135395 0.0569073 0.13838 0.113815
0 0.780834 0.543196 0.210217 0.183556
0 0.956138 0.733837 0.0858601 0.197719
0 0.191876 0.240666 0.106016 0.106391
0 0.527544 0.171899 0.112661 0.120258
0 0.425674 0.214325 0.133002 0.169001
0 0.283384 0.685188 0.136228 0.135481
0 0.155671 0.156964 0.115783 0.117156
0 0.519128 0.825808 0.225597 0.323999
0 0.415097 0.199031 0.108999 0.137885
0 0.630595 0.401127 0.215326 0.209134
0 0.303082 0.201867 0.153603 0.145664
0 0.333928 0.887723 0.148343 0.155598
0 0.926862 0.499325 0.12822 0.162378
0 0.390569 0.423336 0.193563 0.135363
0 0.135395 0.0569073 0.13838 0.113815
0 0.780834 0.543196 0.210217 0.183556
0 0.956138 0.733837 0.0858601 0.197719
0 0.191876 0.240666 0.106016 0.106391
0 0.527544 0.171899 0.112661 0.120258
0 0.425674 0.214325 0.133002 0.169001
0 0.283384 0.685188 0.136228 0.135481
0 0.155671 0.156964 0.115783 0.117156
0 0.519128 0.825808 0.225597 0.323999
0 0.415097 0.199031 0.108999 0.137885
0 0.627428 0.396315 0.203429 0.208335
0 0.318174 0.211491 0.183578 0.161502
0 0.395121 0.432022 0.195093 0.1565
0 0.143399 0.159504 0.128656 0.120613
0 0.921706 0.51368 0.137269 0.180848
0 0.797727 0.535465 0.218308 0.186264
0 0.431806 0.220546 0.180893 0.201226
0 0.957561 0.727975 0.0827345 0.214073
0 0.491035 0.800953 0.366742 0.398094
0 0.914896 0.322507 0.156723 0.128113
0 0.176686 0.238026 0.113962 0.0823417
0 0.813855 0.350413 0.0964132 0.0979019
0 0.31683 0.87547 0.156328 0.206519
0 0.91672 0.492928 0.13681 0.131386
0 0.345915 0.293908 0.108779 0.0991888
0 0.289906 0.690277 0.209183 0.190932
0 0.0924804 0.875231 0.0458249 0.0665612
