0 0.763748 0.237968 0.196672 0.219623
0 0.545438 0.371882 0.131818 0.107282
0 0.912102 0.382284 0.175797 0.161855
0 0.890375 0.127438 0.115203 0.0908328
0 0.425719 0.892466 0.112737 0.215067
0 0.589587 0.302105 0.104028 0.0911254
0 0.565703 0.215417 0.0874006 0.110613
0 0.665648 0.0794414 0.19135 0.132453
0 0.439271 0.0725944 0.109368 0.0933803
0 0.763748 0.237968 0.196672 0.219623
0 0.545438 0.371882 0.131818 0.107282
0 0.912102 0.382284 0.175797 0.161855
0 0.890375 0.127438 0.115203 0.0908328
0 0.425719 0.892466 0.112737 0.215067
0 0.589587 0.302105 0.104028 0.0911254
0 0.565703 0.215417 0.0874006 0.110613
0 0.665648 0.0794414 0.19135 0.132453
0 0.439271 0.0725944 0.109368 0.0933803
0 0.90922 0.389507 0.179875 0.191805
0 0.542415 0.371863 0.14092 0.106939
0 0.762555 0.239694 0.219104 0.213412
0 0.591095 0.308046 0.109353 0.0958447
0 0.662683 0.0915379 0.181567 0.128682
0 0.56528 0.215199 0.0902273 0.12777
