0 0.0820374 0.543307 0.164075 0.209898
0 0.28032 0.2255 0.133334 0.166326
0 0.613146 0.462611 0.315629 0.267162
0 0.84955 0.514643 0.158894 0.119772
0 0.0595875 0.263443 0.119175 0.164899
0 0.0569948 0.735032 0.11399 0.349834
0 0.542961 0.88198 0.232991 0.236039
0 0.293382 0.423977 0.0943217 0.118353
0 0.463035 0.426294 0.129522 0.125563
0 0.604822 0.667651 0.0889418 0.174912
0 0.825638 0.859479 0.209659 0.281042
0 0.442947 0.0449734 0.0953409 0.0702656
0 0.193904 0.278511 0.0821288 0.136641
0 0.949912 0.570876 0.100176 0.157947
0 0.0820374 0.543307 0.164075 0.209898
0 0.28032 0.2255 0.133334 0.166326
0 0.613146 0.462611 0.315629 0.267162
0 0.84955 0.514643 0.158894 0.119772
0 0.0595875 0.263443 0.119175 0.164899
0 0.0569948 0.735032 0.11399 0.349834
0 0.542961 0.88198 0.232991 0.236039
0 0.293382 0.423977 0.0943217 0.118353
0 0.463035 0.426294 0.129522 0.125563
0 0.604822 0.667651 0.0889418 0.174912
0 0.825638 0.859479 0.209659 0.281042
0 0.442947 0.0449734 0.0953409 0.0702656
0 0.193904 0.278511 0.0821288 0.136641
0 0.949912 0.570876 0.100176 0.157947
0 0.0873048 0.539422 0.170088 0.197324
0 0.441052 0.0452819 0.101444 0.0719827
0 0.842935 0.506129 0.143897 0.112511
0 0.0620329 0.257719 0.124066 0.19626
0 0.29265 0.422144 0.0892679 0.125703
0 0.285287 0.219329 0.138518 0.18695
0 0.0523376 0.740057 0.104675 0.314392
0 0.584417 0.486883 0.398072 0.327285
0 0.816775 0.876664 0.164414 0.23575
0 0.948929 0.264319 0.0802679 0.0608419
0 0.946092 0.597584 0.107815 0.224411
0 0.519522 0.883558 0.182569 0.232884
0 0.191637 0.277562 0.0782392 0.147471
0 0.121535 0.130923 0.120218 0.107423
0 0.600804 0.684423 0.0834748 0.109174
0 0.0611429 0.0301473 0.112784 0.0570496
0 0.149757 0.743614 0.10693 0.135148
