0 0.784044 0.496375 0.215976 0.314542
0 0.668266 0.351838 0.161503 0.125342
0 0.433398 0.385382 0.352984 0.362862
0 0.908983 0.358733 0.104479 0.116152
0 0.307078 0.0526411 0.141228 0.105282
0 0.920728 0.164641 0.096006 0.079351
0 0.532689 0.184086 0.0894753 0.0945465
0 0.208992 0.847455 0.139977 0.11042
0 0.784044 0.496375 0.215976 0.314542
0 0.668266 0.351838 0.161503 0.125342
0 0.433398 0.385382 0.352984 0.362862
0 0.908983 0.358733 0.104479 0.116152
0 0.307078 0.0526411 0.141228 0.105282
0 0.920728 0.164641 0.096006 0.079351
0 0.532689 0.184086 0.0894753 0.0945465
0 0.208992 0.847455 0.139977 0.11042
0 0.664288 0.353673 0.171279 0.13608
0 0.536019 0.213719 0.155642 0.166315
0 0.788088 0.504589 0.201129 0.293981
0 0.649616 0.168382 0.139475 0.200205
0 0.289594 0.0563461 0.171162 0.112692
0 0.435418 0.389734 0.414377 0.465058
0 0.972026 0.91873 0.0559481 0.162539
0 0.90791 0.336379 0.0814213 0.0936692
