0 0.692652 0.382322 0.153676 0.117271
0 0.824123 0.553333 0.2278 0.268725
0 0.5247 0.511208 0.224449 0.409216
0 0.657189 0.226241 0.164035 0.232836
0 0.442933 0.300085 0.102312 0.148859
0 0.368424 0.184521 0.114807 0.147875
0 0.271023 0.469651 0.331177 0.453858
0 0.546737 0.0330618 0.0955812 0.0633572
0 0.96172 0.658695 0.0568901 0.133127
0 0.692652 0.382322 0.153676 0.117271
0 0.824123 0.553333 0.2278 0.268725
0 0.5247 0.511208 0.224449 0.409216
0 0.657189 0.226241 0.164035 0.232836
0 0.442933 0.300085 0.102312 0.148859
0 0.368424 0.184521 0.114807 0.147875
0 0.271023 0.469651 0.331177 0.453858
0 0.546737 0.0330618 0.0955812 0.0633572
0 0.96172 0.658695 0.0568901 0.133127
0 0.68778 0.387033 0.160838 0.119672
0 0.572807 0.250257 0.142179 0.123134
0 0.825325 0.565072 0.198775 0.244881
0 0.642875 0.216429 0.164387 0.220247
0 0.521784 0.510802 0.200711 0.363805
0 0.369045 0.187866 0.12391 0.15392
0 0.891477 0.420886 0.0750553 0.0574848
0 0.25902 0.4581 0.378081 0.379543
0 0.943263 0.681298 0.108146 0.166505
0 0.858455 0.201679 0.0637449 0.0942903
0 0.312251 0.567814 0.376723 0.512357
