0 0.127928 0.159958 0.255856 0.274286
0 0.563708 0.850926 0.0622438 0.153782
0 0.665415 0.641436 0.114817 0.173481
0 0.742839 0.434012 0.136548 0.112792
0 0.619245 0.523033 0.0994144 0.165367
0 0.759819 0.863846 0.0897354 0.142434
0 0.960041 0.851033 0.0799181 0.117947
0 0.93865 0.76768 0.117048 0.226244
0 0.127928 0.159958 0.255856 0.274286
0 0.563708 0.850926 0.0622438 0.153782
0 0.665415 0.641436 0.114817 0.173481
0 0.742839 0.434012 0.136548 0.112792
0 0.619245 0.523033 0.0994144 0.165367
0 0.759819 0.863846 0.0897354 0.142434
0 0.960041 0.851033 0.0799181 0.117947
0 0.93865 0.76768 0.117048 0.226244
0 0.134083 0.161571 0.249279 0.255011
0 0.750443 0.426641 0.116889 0.123337
0 0.661297 0.637964 0.103625 0.162685
0 0.566278 0.843631 0.0609173 0.15043
0 0.619565 0.532579 0.0977851 0.169933
0 0.965645 0.850173 0.0687094 0.0777744
0 0.762575 0.837024 0.0979416 0.168746
0 0.0330571 0.456745 0.0661141 0.173184
0 0.144869 0.942092 0.0489524 0.106826
