0 0.198983 0.5457 0.194319 0.176923
0 0.197673 0.874443 0.176601 0.251114
0 0.410416 0.160774 0.142535 0.122956
0 0.75889 0.269884 0.169986 0.148831
0 0.348134 0.265978 0.185844 0.149025
0 0.629544 0.752938 0.0880952 0.168445
0 0.049134 0.163114 0.0982681 0.114528
0 0.848314 0.850774 0.104547 0.23428
0 0.606239 0.148676 0.144476 0.124137
0 0.204071 0.050479 0.143122 0.100958
0 0.294634 0.153228 0.135421 0.152016
0 0.717358 0.402175 0.187211 0.23171
0 0.725269 0.412993 0.138606 0.221816
0 0.691708 0.819406 0.0931988 0.160206
0 0.428827 0.857233 0.0752188 0.223962
0 0.453108 0.313732 0.110046 0.150975
0 0.844833 0.478254 0.12038 0.105195
0 0.913199 0.0891452 0.163723 0.101255
0 0.198983 0.5457 0.194319 0.176923
0 0.197673 0.874443 0.176601 0.251114
0 0.410416 0.160774 0.142535 0.122956
0 0.75889 0.269884 0.169986 0.148831
0 0.348134 0.265978 0.185844 0.149025
0 0.629544 0.752938 0.0880952 0.168445
0 0.049134 0.163114 0.0982681 0.114528
0 0.848314 0.850774 0.104547 0.23428
0 0.606239 0.148676 0.144476 0.124137
0 0.204071 0.050479 0.143122 0.100958
0 0.294634 0.153228 0.135421 0.152016
0 0.717358 0.402175 0.187211 0.23171
0 0.725269 0.412993 0.138606 0.221816
0 0.691708 0.819406 0.0931988 0.160206
0 0.428827 0.857233 0.0752188 0.223962
0 0.453108 0.313732 0.110046 0.150975
0 0.844833 0.478254 0.12038 0.105195
0 0.913199 0.0891452 0.163723 0.101255
0 0.19737 0.878092 0.170994 0.230458
0 0.199467 0.548139 0.196901 0.181212
0 0.416464 0.177088 0.153439 0.145601
0 0.628456 0.767573 0.0917181 0.19307
0 0.690029 0.8179 0.0902479 0.17311
0 0.719226 0.418797 0.169445 0.232931
0 0.20005 0.0489989 0.166466 0.0979977
0 0.849225 0.484027 0.129258 0.113532
0 0.0496713 0.16278 0.096592 0.120741
0 0.844989 0.848421 0.0972603 0.232314
0 0.281096 0.150791 0.130124 0.114014
0 0.756267 0.266006 0.172996 0.140161
0 0.345734 0.274242 0.189772 0.156797
