0 0.0629988 0.0826187 0.125998 0.165237
0 0.267768 0.247304 0.164544 0.244143
0 0.897071 0.805164 0.205858 0.389671
0 0.635435 0.0633331 0.174536 0.126666
0 0.420246 0.262747 0.139574 0.258861
0 0.487758 0.74474 0.103192 0.174255
0 0.495178 0.11695 0.098079 0.0685021
0 0.809797 0.365291 0.0680833 0.131154
0 0.205479 0.422493 0.188224 0.261984
0 0.345952 0.0560106 0.101829 0.0810589
0 0.0629988 0.0826187 0.125998 0.165237
0 0.267768 0.247304 0.164544 0.244143
0 0.897071 0.805164 0.205858 0.389671
0 0.635435 0.0633331 0.174536 0.126666
0 0.420246 0.262747 0.139574 0.258861
0 0.487758 0.74474 0.103192 0.174255
0 0.495178 0.11695 0.098079 0.0685021
0 0.809797 0.365291 0.0680833 0.131154
0 0.205479 0.422493 0.188224 0.261984
0 0.345952 0.0560106 0.101829 0.0810589
0 0.266724 0.250338 0.167436 0.24498
0 0.64011 0.0620879 0.168012 0.124176
0 0.426721 0.255514 0.140631 0.290924
0 0.493433 0.120315 0.0978971 0.0680836
0 0.0683822 0.0840451 0.136764 0.16809
0 0.720926 0.213592 0.0973424 0.0628981
0 0.816782 0.366689 0.074918 0.14794
0 0.886003 0.800095 0.227995 0.39981
0 0.17885 0.378525 0.269353 0.386359
0 0.91001 0.240184 0.0909327 0.122801
0 0.12468 0.704173 0.0446375 0.055528
0 0.345404 0.0523003 0.0952545 0.0923841
