0 0.357717 0.266908 0.176835 0.20103
0 0.827136 0.524462 0.203103 0.237625
0 0.213701 0.309104 0.163382 0.265709
0 0.204105 0.807131 0.371202 0.379583
0 0.813609 0.507709 0.171223 0.174188
0 0.922635 0.496136 0.154731 0.183461
0 0.795558 0.171563 0.128839 0.103968
0 0.386584 0.549848 0.117524 0.202548
0 0.55493 0.457194 0.303032 0.267026
0 0.346015 0.42606 0.0609842 0.178222
0 0.936249 0.854719 0.111439 0.290563
0 0.47783 0.690072 0.118316 0.160888
0 0.205892 0.33247 0.133421 0.229404
0 0.770096 0.389206 0.13627 0.128829
0 0.948632 0.237658 0.0975533 0.120681
0 0.740657 0.933426 0.130137 0.131436
0 0.357717 0.266908 0.176835 0.20103
0 0.827136 0.524462 0.203103 0.237625
0 0.213701 0.309104 0.163382 0.265709
0 0.204105 0.807131 0.371202 0.379583
0 0.813609 0.507709 0.171223 0.174188
0 0.922635 0.496136 0.154731 0.183461
0 0.795558 0.171563 0.128839 0.103968
0 0.386584 0.549848 0.117524 0.202548
0 0.55493 0.457194 0.303032 0.267026
0 0.346015 0.42606 0.0609842 0.178222
0 0.936249 0.854719 0.111439 0.290563
0 0.47783 0.690072 0.118316 0.160888
0 0.205892 0.33247 0.133421 0.229404
0 0.770096 0.389206 0.13627 0.128829
0 0.948632 0.237658 0.0975533 0.120681
0 0.740657 0.933426 0.130137 0.131436
0 0.359682 0.264535 0.16528 0.201021
0 0.211067 0.323781 0.136269 0.252746
0 0.390806 0.558399 0.132104 0.237582
0 0.859684 0.519786 0.243485 0.243755
0 0.575075 0.482826 0.326541 0.363134
0 0.185578 0.852108 0.348715 0.270519
0 0.951459 0.238787 0.092273 0.115098
0 0.793166 0.175521 0.106342 0.109892
0 0.472023 0.685313 0.100642 0.136789
0 0.0358464 0.801295 0.0713171 0.17457
0 0.437575 0.842043 0.042135 0.0657988
