0 0.241491 0.23045 0.157074 0.133354
0 0.369463 0.490168 0.147724 0.161377
0 0.750855 0.773774 0.268503 0.371003
0 0.695744 0.481243 0.100055 0.197894
0 0.95612 0.513732 0.0844248 0.197935
0 0.565621 0.899332 0.18424 0.153841
0 0.155471 0.746419 0.310941 0.268299
0 0.0532874 0.228052 0.106575 0.130487
0 0.658104 0.258871 0.112681 0.107436
0 0.523812 0.704395 0.0765448 0.245079
0 0.287636 0.470291 0.0383683 0.140257
0 0.523563 0.719948 0.100733 0.26235
0 0.170907 0.762076 0.341813 0.32774
0 0.241491 0.23045 0.157074 0.133354
0 0.369463 0.490168 0.147724 0.161377
0 0.750855 0.773774 0.268503 0.371003
0 0.695744 0.481243 0.100055 0.197894
0 0.95612 0.513732 0.0844248 0.197935
0 0.565621 0.899332 0.18424 0.153841
0 0.155471 0.746419 0.310941 0.268299
0 0.0532874 0.228052 0.106575 0.130487
0 0.658104 0.258871 0.112681 0.107436
0 0.523812 0.704395 0.0765448 0.245079
0 0.287636 0.470291 0.0383683 0.140257
0 0.523563 0.719948 0.100733 0.26235
0 0.170907 0.762076 0.341813 0.32774
0 0.247609 0.230499 0.1652 0.131953
0 0.366392 0.488213 0.13808 0.169916
0 0.752494 0.783964 0.264275 0.401615
0 0.0561387 0.230504 0.108609 0.1213
0 0.700854 0.487856 0.10539 0.209944
0 0.164583 0.737099 0.329165 0.278816
0 0.55793 0.899031 0.205695 0.171878
0 0.659442 0.264645 0.108814 0.109462
0 0.951923 0.522083 0.0898077 0.224417
0 0.521293 0.720037 0.0951717 0.293974
0 0.418232 0.168478 0.106718 0.119177
0 0.28216 0.463096 0.0369323 0.144658
0 0.890778 0.366054 0.0644913 0.0664108
0 0.490858 0.4519 0.0496504 0.118577
0 0.868822 0.871566 0.121829 0.256867
0 0.0981872 0.128039 0.0893427 0.0608588
0 0.170134 0.290061 0.0788 0.130407
0 0.274837 0.361197 0.0331122 0.0710316
