0 0.62912 0.615449 0.125305 0.124317
0 0.906676 0.71134 0.127894 0.205563
0 0.244235 0.66191 0.181905 0.274818
0 0.126075 0.272956 0.147081 0.193939
0 0.652523 0.794508 0.271191 0.254562
0 0.241361 0.395996 0.162919 0.266559
0 0.693775 0.0725587 0.167732 0.139193
0 0.812612 0.523334 0.140399 0.176617
0 0.515878 0.334713 0.0528487 0.173492
0 0.828603 0.414744 0.100934 0.084938
0 0.597424 0.381224 0.141551 0.381929
0 0.603283 0.401341 0.106363 0.324207
0 0.434235 0.283658 0.0454844 0.193152
0 0.920486 0.240112 0.136003 0.131732
0 0.371876 0.345757 0.0636495 0.144931
0 0.388213 0.489801 0.0686264 0.128159
0 0.497161 0.343489 0.0557906 0.159578
0 0.434646 0.301961 0.0435026 0.139974
0 0.442303 0.264606 0.0569183 0.186054
0 0.62912 0.615449 0.125305 0.124317
0 0.906676 0.71134 0.127894 0.205563
0 0.244235 0.66191 0.181905 0.274818
0 0.126075 0.272956 0.147081 0.193939
0 0.652523 0.794508 0.271191 0.254562
0 0.241361 0.395996 0.162919 0.266559
0 0.693775 0.0725587 0.167732 0.139193
0 0.812612 0.523334 0.140399 0.176617
0 0.515878 0.334713 0.0528487 0.173492
0 0.828603 0.414744 0.100934 0.084938
0 0.597424 0.381224 0.141551 0.381929
0 0.603283 0.401341 0.106363 0.324207
0 0.434235 0.283658 0.0454844 0.193152
0 0.920486 0.240112 0.136003 0.131732
0 0.371876 0.345757 0.0636495 0.144931
0 0.388213 0.489801 0.0686264 0.128159
0 0.497161 0.343489 0.0557906 0.159578
0 0.434646 0.301961 0.0435026 0.139974
0 0.442303 0.264606 0.0569183 0.186054
0 0.647257 0.792402 0.299918 0.264817
0 0.627658 0.618591 0.137519 0.122931
0 0.817363 0.525226 0.128228 0.176383
0 0.129328 0.275974 0.149302 0.196512
0 0.907685 0.708609 0.126919 0.193668
0 0.239956 0.393676 0.170617 0.265348
0 0.238422 0.670081 0.186301 0.272304
0 0.689473 0.0693578 0.165929 0.134122
0 0.595986 0.388703 0.117535 0.295166
0 0.44405 0.266327 0.0569317 0.217665
0 0.818016 0.418065 0.119541 0.0961027
0 0.371685 0.343115 0.0679971 0.126511
0 0.95671 0.327461 0.081115 0.131258
0 0.790332 0.422538 0.174312 0.121456
0 0.388837 0.251831 0.0338266 0.0803763
0 0.526638 0.770749 0.0742829 0.156881
0 0.0556836 0.0298045 0.100841 0.0596089
