0 0.474025 0.273562 0.138209 0.13896
0 0.285135 0.662522 0.162847 0.168769
0 0.755497 0.426856 0.074883 0.171908
0 0.195919 0.731138 0.230933 0.164902
0 0.667803 0.12285 0.0985722 0.0729783
0 0.80369 0.837624 0.304736 0.305315
0 0.044265 0.0616795 0.0885301 0.0823121
0 0.202453 0.0988977 0.10907 0.108578
0 0.818133 0.429368 0.0691488 0.115243
0 0.0318736 0.19398 0.0620172 0.121036
0 0.261556 0.336725 0.12586 0.198767
0 0.497637 0.0435659 0.102863 0.080923
0 0.474025 0.273562 0.138209 0.13896
0 0.285135 0.662522 0.162847 0.168769
0 0.755497 0.426856 0.074883 0.171908
0 0.195919 0.731138 0.230933 0.164902
0 0.667803 0.12285 0.0985722 0.0729783
0 0.80369 0.837624 0.304736 0.305315
0 0.044265 0.0616795 0.0885301 0.0823121
0 0.202453 0.0988977 0.10907 0.108578
0 0.818133 0.429368 0.0691488 0.115243
0 0.0318736 0.19398 0.0620172 0.121036
0 0.261556 0.336725 0.12586 0.198767
0 0.497637 0.0435659 0.102863 0.080923
0 0.474164 0.273498 0.146047 0.143159
0 0.206548 0.103898 0.118823 0.123168
0 0.285201 0.665463 0.169031 0.17383
0 0.198317 0.738253 0.229459 0.173471
0 0.800513 0.812687 0.310118 0.343449
0 0.759935 0.428865 0.0862699 0.166667
0 0.496365 0.0485307 0.108067 0.081074
0 0.818412 0.429693 0.0725697 0.115993
0 0.662858 0.123288 0.101719 0.0642621
0 0.040831 0.0646178 0.0777167 0.0785875
0 0.261501 0.314571 0.108112 0.235761
0 0.243548 0.412394 0.0844276 0.123109
0 0.0223101 0.221256 0.0446203 0.0913781
0 0.0253889 0.202303 0.0507777 0.117985
