0 0.42723 0.0572653 0.14346 0.114531
0 0.0991457 0.31335 0.165599 0.14169
0 0.47542 0.346563 0.0938574 0.219767
0 0.60628 0.44419 0.117382 0.27262
0 0.0586012 0.0362661 0.114746 0.0725321
0 0.156577 0.0946334 0.133849 0.116655
0 0.0387047 0.48339 0.0771324 0.159105
0 0.191394 0.200897 0.11569 0.103816
0 0.340164 0.524062 0.134134 0.0992111
0 0.951586 0.911287 0.0802647 0.177427
0 0.359023 0.52329 0.102923 0.0945502
0 0.61984 0.441158 0.15291 0.318206
0 0.42723 0.0572653 0.14346 0.114531
0 0.0991457 0.31335 0.165599 0.14169
0 0.47542 0.346563 0.0938574 0.219767
0 0.60628 0.44419 0.117382 0.27262
0 0.0586012 0.0362661 0.114746 0.0725321
0 0.156577 0.0946334 0.133849 0.116655
0 0.0387047 0.48339 0.0771324 0.159105
0 0.191394 0.200897 0.11569 0.103816
0 0.340164 0.524062 0.134134 0.0992111
0 0.951586 0.911287 0.0802647 0.177427
0 0.359023 0.52329 0.102923 0.0945502
0 0.61984 0.441158 0.15291 0.318206
0 0.428746 0.0585441 0.146024 0.117088
0 0.0928662 0.309592 0.159014 0.152653
0 0.0578156 0.0372841 0.105977 0.0718988
0 0.609511 0.448546 0.120357 0.270892
0 0.468368 0.356803 0.0922747 0.283779
0 0.166911 0.0882979 0.0979662 0.0929122
0 0.258807 0.727654 0.0823499 0.34908
