0 0.753467 0.262366 0.138573 0.116784
0 0.829539 0.821199 0.340921 0.288745
0 0.200151 0.632475 0.367047 0.301389
0 0.0950167 0.29441 0.190033 0.243935
0 0.857469 0.244572 0.275642 0.340149
0 0.532623 0.324331 0.322739 0.299388
0 0.239523 0.171773 0.33437 0.343546
0 0.914271 0.475259 0.133725 0.0911257
0 0.340188 0.300857 0.105572 0.16041
0 0.854297 0.193852 0.291407 0.373877
0 0.800785 0.827799 0.39843 0.344402
0 0.753467 0.262366 0.138573 0.116784
0 0.829539 0.821199 0.340921 0.288745
0 0.200151 0.632475 0.367047 0.301389
0 0.0950167 0.29441 0.190033 0.243935
0 0.857469 0.244572 0.275642 0.340149
0 0.532623 0.324331 0.322739 0.299388
0 0.239523 0.171773 0.33437 0.343546
0 0.914271 0.475259 0.133725 0.0911257
0 0.340188 0.300857 0.105572 0.16041
0 0.854297 0.193852 0.291407 0.373877
0 0.800785 0.827799 0.39843 0.344402
0 0.867328 0.630572 0.134747 0.130154
0 0.904292 0.489995 0.149332 0.115797
0 0.874222 0.256184 0.238005 0.383045
0 0.506127 0.107118 0.133282 0.137763
0 0.856555 0.096783 0.198746 0.193566
0 0.493756 0.286467 0.353133 0.330217
0 0.808193 0.821271 0.354976 0.302622
0 0.52585 0.336204 0.40849 0.387328
0 0.751797 0.266034 0.140504 0.123308
0 0.191474 0.64819 0.376696 0.401816
0 0.487586 0.801133 0.411071 0.397734
0 0.863241 0.313248 0.251318 0.428135
0 0.119508 0.53139 0.191226 0.246935
0 0.133787 0.312858 0.267231 0.306664
0 0.249146 0.206653 0.31898 0.413305
0 0.343859 0.30585 0.0992264 0.173082
