0 0.279179 0.281829 0.123635 0.101489
0 0.122138 0.637946 0.114753 0.237515
0 0.815268 0.635359 0.112383 0.162506
0 0.773349 0.520285 0.0885222 0.101857
0 0.630594 0.530089 0.100844 0.108343
0 0.323833 0.556014 0.0730919 0.141566
0 0.0268167 0.473445 0.0531596 0.195435
0 0.485165 0.414099 0.0764877 0.116737
0 0.279179 0.281829 0.123635 0.101489
0 0.122138 0.637946 0.114753 0.237515
0 0.815268 0.635359 0.112383 0.162506
0 0.773349 0.520285 0.0885222 0.101857
0 0.630594 0.530089 0.100844 0.108343
0 0.323833 0.556014 0.0730919 0.141566
0 0.0268167 0.473445 0.0531596 0.195435
0 0.485165 0.414099 0.0764877 0.116737
0 0.126312 0.635631 0.105477 0.206449
0 0.271964 0.283189 0.131691 0.101665
0 0.62443 0.531782 0.0774682 0.0915604
0 0.772762 0.521996 0.0847164 0.0942277
0 0.845983 0.528216 0.0849129 0.0894487
0 0.388808 0.931179 0.0668773 0.084358
0 0.110079 0.0545499 0.115319 0.069414
0 0.440273 0.241873 0.0919432 0.0549012
0 0.427721 0.368748 0.0951023 0.0638243
0 0.824988 0.634358 0.0908864 0.141998
