0 0.259368 0.69751 0.19473 0.253424
0 0.262421 0.413162 0.130215 0.254883
0 0.130691 0.301576 0.137299 0.201503
0 0.819857 0.521457 0.145664 0.186024
0 0.685827 0.0791338 0.161057 0.136727
0 0.626246 0.640005 0.127323 0.127303
0 0.600043 0.371526 0.101712 0.273866
0 0.653072 0.863851 0.324743 0.272298
0 0.456459 0.282004 0.076347 0.211885
0 0.392192 0.504229 0.0991617 0.123454
0 0.910073 0.698234 0.121156 0.187522
0 0.365246 0.342928 0.0559568 0.153449
0 0.389074 0.599951 0.0870799 0.110295
0 0.527101 0.337802 0.0491246 0.175981
0 0.919205 0.529202 0.0653717 0.0914581
0 0.829497 0.402305 0.119603 0.100894
0 0.651048 0.851631 0.272569 0.22671
0 0.0714457 0.0480036 0.105545 0.0793397
0 0.259368 0.69751 0.19473 0.253424
0 0.262421 0.413162 0.130215 0.254883
0 0.130691 0.301576 0.137299 0.201503
0 0.819857 0.521457 0.145664 0.186024
0 0.685827 0.0791338 0.161057 0.136727
0 0.626246 0.640005 0.127323 0.127303
0 0.600043 0.371526 0.101712 0.273866
0 0.653072 0.863851 0.324743 0.272298
0 0.456459 0.282004 0.076347 0.211885
0 0.392192 0.504229 0.0991617 0.123454
0 0.910073 0.698234 0.121156 0.187522
0 0.365246 0.342928 0.0559568 0.153449
0 0.389074 0.599951 0.0870799 0.110295
0 0.527101 0.337802 0.0491246 0.175981
0 0.919205 0.529202 0.0653717 0.0914581
0 0.829497 0.402305 0.119603 0.100894
0 0.651048 0.851631 0.272569 0.22671
0 0.0714457 0.0480036 0.105545 0.0793397
0 0.621035 0.640646 0.121031 0.119799
0 0.137728 0.302635 0.139013 0.205132
0 0.636153 0.863308 0.332553 0.26796
0 0.257352 0.701992 0.188203 0.266291
0 0.68618 0.0770663 0.162753 0.144892
0 0.911409 0.700653 0.121173 0.191947
0 0.260698 0.407232 0.136744 0.277613
0 0.832653 0.405805 0.0984897 0.093853
0 0.60018 0.383609 0.105173 0.270843
0 0.827781 0.530464 0.13518 0.168265
0 0.401034 0.507082 0.0897413 0.132905
0 0.452053 0.28603 0.0509274 0.224674
0 0.364297 0.343448 0.0616821 0.134278
0 0.409604 0.619774 0.0762331 0.0902571
0 0.0715376 0.055207 0.121116 0.0764417
0 0.922217 0.531859 0.0678794 0.0772077
0 0.388488 0.252924 0.0362853 0.0782181
0 0.950319 0.337142 0.0993622 0.171987
