0 0.671599 0.646029 0.229717 0.369426
0 0.469116 0.385109 0.191152 0.160423
0 0.127216 0.766732 0.247463 0.216766
0 0.659505 0.265053 0.157368 0.116887
0 0.835613 0.133023 0.112786 0.0853674
0 0.456184 0.733461 0.150465 0.370243
0 0.254423 0.502262 0.119574 0.246496
0 0.0540327 0.951849 0.108065 0.0963023
0 0.731091 0.471665 0.105137 0.109666
0 0.200538 0.131601 0.264162 0.19794
0 0.449529 0.770683 0.138056 0.278335
0 0.524505 0.136453 0.145067 0.111181
0 0.921389 0.413706 0.157221 0.195288
0 0.165462 0.430677 0.0898273 0.159028
0 0.51665 0.512975 0.130239 0.138059
0 0.0701935 0.0676517 0.0866123 0.0708794
0 0.671599 0.646029 0.229717 0.369426
0 0.469116 0.385109 0.191152 0.160423
0 0.127216 0.766732 0.247463 0.216766
0 0.659505 0.265053 0.157368 0.116887
0 0.835613 0.133023 0.112786 0.0853674
0 0.456184 0.733461 0.150465 0.370243
0 0.254423 0.502262 0.119574 0.246496
0 0.0540327 0.951849 0.108065 0.0963023
0 0.731091 0.471665 0.105137 0.109666
0 0.200538 0.131601 0.264162 0.19794
0 0.449529 0.770683 0.138056 0.278335
0 0.524505 0.136453 0.145067 0.111181
0 0.921389 0.413706 0.157221 0.195288
0 0.165462 0.430677 0.0898273 0.159028
0 0.51665 0.512975 0.130239 0.138059
0 0.0701935 0.0676517 0.0866123 0.0708794
0 0.666578 0.282219 0.172482 0.139778
0 0.828107 0.13859 0.126141 0.0771801
0 0.665544 0.657285 0.238617 0.359035
0 0.13326 0.758229 0.251923 0.201282
0 0.468617 0.398189 0.177878 0.195354
0 0.522497 0.142736 0.135591 0.11871
0 0.222895 0.110855 0.199483 0.144432
0 0.257536 0.517694 0.128129 0.326744
0 0.682879 0.115228 0.143379 0.12626
0 0.731267 0.482758 0.118987 0.111827
0 0.445334 0.766108 0.114444 0.260919
0 0.891154 0.532269 0.0872879 0.0580665
0 0.92232 0.669241 0.0597935 0.0833011
0 0.18936 0.129467 0.260632 0.199799
