0 0.641151 0.83873 0.247068 0.301242
0 0.51026 0.341336 0.129735 0.189733
0 0.229326 0.149183 0.113198 0.119356
0 0.846393 0.614568 0.135806 0.202685
0 0.122793 0.274205 0.133501 0.12978
0 0.30631 0.803878 0.110367 0.316851
0 0.0422413 0.033946 0.0822161 0.0678919
0 0.0839915 0.78234 0.100187 0.293423
0 0.857545 0.622978 0.106472 0.163937
0 0.0736958 0.811671 0.097341 0.21815
0 0.113879 0.096946 0.09072 0.101214
0 0.641151 0.83873 0.247068 0.301242
0 0.51026 0.341336 0.129735 0.189733
0 0.229326 0.149183 0.113198 0.119356
0 0.846393 0.614568 0.135806 0.202685
0 0.122793 0.274205 0.133501 0.12978
0 0.30631 0.803878 0.110367 0.316851
0 0.0422413 0.033946 0.0822161 0.0678919
0 0.0839915 0.78234 0.100187 0.293423
0 0.857545 0.622978 0.106472 0.163937
0 0.0736958 0.811671 0.097341 0.21815
0 0.113879 0.096946 0.09072 0.101214
0 0.219972 0.152149 0.121556 0.111281
0 0.845327 0.613967 0.138726 0.189331
0 0.115866 0.271806 0.136553 0.135095
0 0.504222 0.343666 0.147382 0.182978
0 0.640609 0.835093 0.247404 0.304823
0 0.285261 0.779012 0.141702 0.327781
0 0.0814159 0.797261 0.0891649 0.263038
0 0.300204 0.0619011 0.111443 0.0866543
0 0.116926 0.105393 0.0819282 0.109677
0 0.0401688 0.0376123 0.0778427 0.0636581
0 0.793429 0.276097 0.0748646 0.113983
0 0.696164 0.101527 0.102944 0.0681288
0 0.225395 0.572115 0.0412992 0.0564391
