0 0.272071 0.670746 0.117788 0.174718
0 0.137797 0.858043 0.190714 0.283915
0 0.0908943 0.396396 0.132616 0.146703
0 0.101812 0.641231 0.105358 0.164654
0 0.0725141 0.170493 0.132953 0.116859
0 0.0817888 0.483208 0.103948 0.0864015
0 0.13629 0.236747 0.0739555 0.0682725
0 0.356001 0.480226 0.113155 0.0901691
0 0.272071 0.670746 0.117788 0.174718
0 0.137797 0.858043 0.190714 0.283915
0 0.0908943 0.396396 0.132616 0.146703
0 0.101812 0.641231 0.105358 0.164654
0 0.0725141 0.170493 0.132953 0.116859
0 0.0817888 0.483208 0.103948 0.0864015
0 0.13629 0.236747 0.0739555 0.0682725
0 0.356001 0.480226 0.113155 0.0901691
0 0.266981 0.67215 0.113774 0.169655
0 0.358819 0.484505 0.111965 0.0893015
0 0.0656693 0.163371 0.115562 0.0797708
0 0.103173 0.644004 0.0999981 0.176841
0 0.356955 0.391951 0.0833483 0.0837522
0 0.0764378 0.394078 0.146526 0.158911
0 0.140711 0.236946 0.0825323 0.0643133
0 0.0752745 0.483024 0.0881214 0.0723473
0 0.0320881 0.81369 0.0641763 0.197818
0 0.128386 0.846382 0.182071 0.307236
0 0.284175 0.482095 0.0567106 0.0610111
0 0.522271 0.497693 0.111789 0.0677612
0 0.582912 0.471802 0.0853476 0.0719303
