0 0.783138 0.58344 0.150398 0.232903
0 0.0618722 0.549723 0.123523 0.258549
0 0.453076 0.681732 0.285965 0.288824
0 0.4054 0.382041 0.108826 0.131673
0 0.30686 0.470162 0.16413 0.176099
0 0.696832 0.89601 0.186146 0.207981
0 0.835507 0.815825 0.162969 0.31111
0 0.941364 0.807299 0.114495 0.238512
0 0.104634 0.339144 0.198041 0.228208
0 0.33915 0.210888 0.0974899 0.169572
0 0.0656027 0.891428 0.128265 0.202004
0 0.695553 0.385487 0.0658092 0.109152
0 0.648052 0.437336 0.083918 0.162069
0 0.328804 0.213169 0.0682572 0.19028
0 0.678731 0.269073 0.117345 0.128898
0 0.258728 0.0923787 0.127291 0.0925237
0 0.502493 0.384228 0.0670454 0.171371
0 0.883658 0.318847 0.109557 0.124112
0 0.320729 0.224066 0.0411301 0.157152
0 0.48778 0.0398773 0.11448 0.0797545
0 0.783138 0.58344 0.150398 0.232903
0 0.0618722 0.549723 0.123523 0.258549
0 0.453076 0.681732 0.285965 0.288824
0 0.4054 0.382041 0.108826 0.131673
0 0.30686 0.470162 0.16413 0.176099
0 0.696832 0.89601 0.186146 0.207981
0 0.835507 0.815825 0.162969 0.31111
0 0.941364 0.807299 0.114495 0.238512
0 0.104634 0.339144 0.198041 0.228208
0 0.33915 0.210888 0.0974899 0.169572
0 0.0656027 0.891428 0.128265 0.202004
0 0.695553 0.385487 0.0658092 0.109152
0 0.648052 0.437336 0.083918 0.162069
0 0.328804 0.213169 0.0682572 0.19028
0 0.678731 0.269073 0.117345 0.128898
0 0.258728 0.0923787 0.127291 0.0925237
0 0.502493 0.384228 0.0670454 0.171371
0 0.883658 0.318847 0.109557 0.124112
0 0.320729 0.224066 0.0411301 0.157152
0 0.48778 0.0398773 0.11448 0.0797545
0 0.46137 0.682873 0.266256 0.299001
0 0.689966 0.904409 0.163744 0.191182
0 0.31332 0.472721 0.172293 0.183534
0 0.0721046 0.54781 0.144209 0.261463
0 0.834912 0.81902 0.163639 0.291106
0 0.412731 0.378824 0.125013 0.139757
0 0.784249 0.583569 0.15841 0.220979
0 0.93431 0.79746 0.13138 0.238005
0 0.0897785 0.317192 0.179557 0.155606
0 0.325522 0.188899 0.127812 0.121119
0 0.869416 0.329785 0.0944492 0.136687
0 0.873311 0.612501 0.102027 0.108138
0 0.675212 0.263592 0.0981706 0.116252
0 0.659033 0.448125 0.0629923 0.121462
0 0.257324 0.0896856 0.121382 0.0958446
0 0.413394 0.262343 0.0641194 0.0894575
0 0.698245 0.385585 0.0527355 0.0956238
