0 0.7144 0.572077 0.254387 0.204579
0 0.547551 0.324785 0.173393 0.140308
0 0.51993 0.80627 0.11456 0.280142
0 0.528075 0.336017 0.208101 0.168072
0 0.206244 0.237529 0.180497 0.219165
0 0.715057 0.141695 0.0993021 0.108116
0 0.7144 0.572077 0.254387 0.204579
0 0.547551 0.324785 0.173393 0.140308
0 0.51993 0.80627 0.11456 0.280142
0 0.528075 0.336017 0.208101 0.168072
0 0.206244 0.237529 0.180497 0.219165
0 0.715057 0.141695 0.0993021 0.108116
0 0.71311 0.573232 0.243414 0.195339
0 0.545817 0.328317 0.155206 0.139632
0 0.51919 0.807504 0.129002 0.271024
0 0.460455 0.470682 0.140234 0.182219
0 0.062784 0.425104 0.121594 0.132354
0 0.197691 0.253447 0.2366 0.24444
0 0.18273 0.227462 0.180833 0.190801
0 0.179377 0.185079 0.166127 0.0958445
