0 0.818404 0.785571 0.177843 0.144799
0 0.597884 0.34885 0.156245 0.103221
0 0.255365 0.0555369 0.143933 0.111074
0 0.818785 0.416598 0.362431 0.340779
0 0.35999 0.535126 0.256653 0.245999
0 0.51271 0.197765 0.14613 0.121393
0 0.118222 0.234711 0.112948 0.118262
0 0.757805 0.501598 0.118239 0.185735
0 0.156034 0.913098 0.119932 0.142466
0 0.818404 0.785571 0.177843 0.144799
0 0.597884 0.34885 0.156245 0.103221
0 0.255365 0.0555369 0.143933 0.111074
0 0.818785 0.416598 0.362431 0.340779
0 0.35999 0.535126 0.256653 0.245999
0 0.51271 0.197765 0.14613 0.121393
0 0.118222 0.234711 0.112948 0.118262
0 0.757805 0.501598 0.118239 0.185735
0 0.156034 0.913098 0.119932 0.142466
0 0.809013 0.786076 0.179925 0.148544
0 0.594965 0.351509 0.180304 0.125381
0 0.259397 0.069979 0.180829 0.139958
0 0.816759 0.405444 0.356339 0.309809
0 0.364076 0.564604 0.233958 0.20779
0 0.517299 0.207018 0.17354 0.139708
0 0.82355 0.430473 0.352901 0.415416
0 0.115706 0.0415061 0.106294 0.0689648
0 0.372401 0.765499 0.066478 0.107014
