0 0.943302 0.935322 0.113395 0.114829
0 0.213119 0.548766 0.186472 0.185993
0 0.195025 0.924229 0.124213 0.145639
0 0.198549 0.693719 0.192206 0.143921
0 0.505651 0.694546 0.108562 0.0827553
0 0.39797 0.738175 0.0807645 0.165281
0 0.681997 0.445576 0.0814882 0.153092
0 0.391297 0.527314 0.108398 0.195613
0 0.943302 0.935322 0.113395 0.114829
0 0.213119 0.548766 0.186472 0.185993
0 0.195025 0.924229 0.124213 0.145639
0 0.198549 0.693719 0.192206 0.143921
0 0.505651 0.694546 0.108562 0.0827553
0 0.39797 0.738175 0.0807645 0.165281
0 0.681997 0.445576 0.0814882 0.153092
0 0.391297 0.527314 0.108398 0.195613
0 0.214655 0.543779 0.169025 0.149751
0 0.942143 0.931417 0.115715 0.106526
0 0.403833 0.739753 0.0876191 0.173187
0 0.508557 0.698551 0.101329 0.0727482
0 0.182791 0.700483 0.224219 0.189849
0 0.0806581 0.513795 0.0723269 0.187171
0 0.0360145 0.179651 0.071226 0.083098
0 0.391237 0.519562 0.0895479 0.156636
0 0.0271549 0.623757 0.0543098 0.113302
