0 0.136354 0.371361 0.252503 0.321605
0 0.892097 0.0708322 0.177138 0.141664
0 0.673253 0.299037 0.118168 0.109292
0 0.74945 0.466501 0.111187 0.305393
0 0.93129 0.447585 0.137421 0.15848
0 0.851386 0.230622 0.129342 0.10451
0 0.619636 0.0803168 0.202477 0.160634
0 0.650079 0.059137 0.155757 0.118274
0 0.946014 0.93119 0.107971 0.13762
0 0.447413 0.483156 0.35302 0.366318
0 0.218907 0.746198 0.0966166 0.189624
0 0.851171 0.571115 0.0935171 0.13533
0 0.0700372 0.440995 0.137415 0.209854
0 0.136354 0.371361 0.252503 0.321605
0 0.892097 0.0708322 0.177138 0.141664
0 0.673253 0.299037 0.118168 0.109292
0 0.74945 0.466501 0.111187 0.305393
0 0.93129 0.447585 0.137421 0.15848
0 0.851386 0.230622 0.129342 0.10451
0 0.619636 0.0803168 0.202477 0.160634
0 0.650079 0.059137 0.155757 0.118274
0 0.946014 0.93119 0.107971 0.13762
0 0.447413 0.483156 0.35302 0.366318
0 0.218907 0.746198 0.0966166 0.189624
0 0.851171 0.571115 0.0935171 0.13533
0 0.0700372 0.440995 0.137415 0.209854
0 0.940394 0.933738 0.112122 0.132524
0 0.131232 0.389761 0.239823 0.354529
0 0.848866 0.237256 0.130933 0.0897386
0 0.889367 0.0772187 0.170112 0.140153
0 0.747311 0.45702 0.108264 0.257434
0 0.932745 0.444805 0.134509 0.164174
0 0.675321 0.299858 0.122711 0.115211
0 0.810353 0.290263 0.101148 0.075217
0 0.906423 0.209378 0.0915337 0.0581197
0 0.456836 0.477356 0.441922 0.404472
0 0.655814 0.0474524 0.117902 0.0949048
0 0.630575 0.11404 0.127321 0.16308
0 0.846317 0.389799 0.0666222 0.109866
