0 0.362233 0.512043 0.138399 0.174507
0 0.714833 0.784634 0.210083 0.410689
0 0.278358 0.248695 0.171395 0.133452
0 0.0567969 0.235504 0.113594 0.131214
0 0.227611 0.736365 0.32748 0.311245
0 0.653306 0.276974 0.107551 0.10168
0 0.280995 0.46682 0.0412855 0.144629
0 0.596211 0.946489 0.176079 0.107022
0 0.885689 0.888774 0.112648 0.222451
0 0.702968 0.496003 0.0881039 0.189961
0 0.964882 0.503107 0.0637066 0.189645
0 0.499904 0.466206 0.0503414 0.110387
0 0.231835 0.721928 0.261267 0.264885
0 0.596482 0.428223 0.0597798 0.158308
0 0.362233 0.512043 0.138399 0.174507
0 0.714833 0.784634 0.210083 0.410689
0 0.278358 0.248695 0.171395 0.133452
0 0.0567969 0.235504 0.113594 0.131214
0 0.227611 0.736365 0.32748 0.311245
0 0.653306 0.276974 0.107551 0.10168
0 0.280995 0.46682 0.0412855 0.144629
0 0.596211 0.946489 0.176079 0.107022
0 0.885689 0.888774 0.112648 0.222451
0 0.702968 0.496003 0.0881039 0.189961
0 0.964882 0.503107 0.0637066 0.189645
0 0.499904 0.466206 0.0503414 0.110387
0 0.231835 0.721928 0.261267 0.264885
0 0.596482 0.428223 0.0597798 0.158308
0 0.278934 0.242114 0.162373 0.129111
0 0.0622823 0.236656 0.124565 0.125164
0 0.359692 0.523274 0.14015 0.188
0 0.22817 0.72937 0.308023 0.312977
0 0.714894 0.782255 0.236409 0.420003
0 0.889824 0.891213 0.125599 0.217574
0 0.712075 0.512255 0.111531 0.231951
0 0.142774 0.281142 0.0844128 0.135349
0 0.602353 0.940164 0.135054 0.110915
0 0.963457 0.513986 0.0730864 0.215034
0 0.50186 0.460184 0.0535398 0.100878
0 0.406445 0.189803 0.147826 0.157317
0 0.540118 0.76989 0.105529 0.349236
0 0.656703 0.28674 0.120488 0.107111
0 0.660265 0.179615 0.0810413 0.101865
0 0.275729 0.466067 0.040035 0.139627
