0 0.252618 0.371157 0.228452 0.330021
0 0.491379 0.498495 0.169955 0.314576
0 0.584209 0.811278 0.159423 0.123921
0 0.414168 0.310342 0.122009 0.164453
0 0.261744 0.779437 0.28916 0.244996
0 0.760444 0.561276 0.146179 0.149428
0 0.603625 0.550328 0.11093 0.159748
0 0.0309415 0.565719 0.061875 0.286209
0 0.569332 0.926288 0.300099 0.147424
0 0.964571 0.603768 0.0708572 0.156017
0 0.906408 0.738731 0.116461 0.17947
0 0.851521 0.238342 0.0948553 0.0957648
0 0.514469 0.633071 0.121026 0.209345
0 0.513075 0.662052 0.110884 0.202773
0 0.211406 0.424814 0.106194 0.198664
0 0.936327 0.429235 0.0776769 0.11988
0 0.252618 0.371157 0.228452 0.330021
0 0.491379 0.498495 0.169955 0.314576
0 0.584209 0.811278 0.159423 0.123921
0 0.414168 0.310342 0.122009 0.164453
0 0.261744 0.779437 0.28916 0.244996
0 0.760444 0.561276 0.146179 0.149428
0 0.603625 0.550328 0.11093 0.159748
0 0.0309415 0.565719 0.061875 0.286209
0 0.569332 0.926288 0.300099 0.147424
0 0.964571 0.603768 0.0708572 0.156017
0 0.906408 0.738731 0.116461 0.17947
0 0.851521 0.238342 0.0948553 0.0957648
0 0.514469 0.633071 0.121026 0.209345
0 0.513075 0.662052 0.110884 0.202773
0 0.211406 0.424814 0.106194 0.198664
0 0.936327 0.429235 0.0776769 0.11988
0 0.501184 0.519849 0.182461 0.323367
0 0.609303 0.548837 0.114041 0.159722
0 0.250071 0.373952 0.213638 0.310057
0 0.265301 0.776318 0.279244 0.281467
0 0.714798 0.656572 0.0887264 0.10088
0 0.768095 0.559124 0.107033 0.128642
0 0.601728 0.926099 0.196859 0.147802
0 0.406646 0.305869 0.114262 0.157407
0 0.583278 0.809959 0.172312 0.138733
0 0.936377 0.422868 0.0804496 0.0918427
0 0.0356358 0.577603 0.0683347 0.292001
0 0.854994 0.237468 0.0946507 0.0888497
0 0.882164 0.775562 0.121382 0.186476
0 0.966131 0.607646 0.0677385 0.16881
0 0.606106 0.331664 0.177929 0.180268
0 0.0350059 0.064921 0.0669952 0.129842
