0 0.186526 0.294188 0.211052 0.215406
0 0.217094 0.0547869 0.120664 0.103212
0 0.941444 0.58277 0.0850342 0.17259
0 0.777991 0.932913 0.169791 0.128447
0 0.956411 0.9276 0.0841404 0.144801
0 0.977744 0.354701 0.044512 0.115503
0 0.186526 0.294188 0.211052 0.215406
0 0.217094 0.0547869 0.120664 0.103212
0 0.941444 0.58277 0.0850342 0.17259
0 0.777991 0.932913 0.169791 0.128447
0 0.956411 0.9276 0.0841404 0.144801
0 0.977744 0.354701 0.044512 0.115503
0 0.208663 0.0640826 0.129959 0.0993453
0 0.94214 0.580325 0.0800987 0.145717
0 0.789442 0.459282 0.085989 0.109525
0 0.193027 0.291838 0.203288 0.238038
0 0.957563 0.930831 0.0774757 0.138339
0 0.229137 0.278642 0.284115 0.295716
0 0.769955 0.924925 0.15814 0.150151
0 0.439117 0.099528 0.0771684 0.0656005
