0 0.310036 0.103592 0.103126 0.0865882
0 0.0686635 0.0521245 0.119251 0.104249
0 0.369969 0.904834 0.0784999 0.190332
0 0.158 0.5965 0.0917972 0.21085
0 0.90561 0.80017 0.120642 0.353706
0 0.0989145 0.196846 0.137029 0.122877
0 0.907516 0.785852 0.145671 0.427009
0 0.272205 0.458867 0.0643292 0.20789
0 0.362718 0.272022 0.0609339 0.209191
0 0.310036 0.103592 0.103126 0.0865882
0 0.0686635 0.0521245 0.119251 0.104249
0 0.369969 0.904834 0.0784999 0.190332
0 0.158 0.5965 0.0917972 0.21085
0 0.90561 0.80017 0.120642 0.353706
0 0.0989145 0.196846 0.137029 0.122877
0 0.907516 0.785852 0.145671 0.427009
0 0.272205 0.458867 0.0643292 0.20789
0 0.362718 0.272022 0.0609339 0.209191
0 0.303634 0.10249 0.0924199 0.0759721
0 0.35489 0.264429 0.0831188 0.214679
0 0.944472 0.291132 0.0921739 0.10347
0 0.377657 0.913955 0.0623543 0.171612
0 0.754942 0.901724 0.0771159 0.108739
0 0.897617 0.0908291 0.0837856 0.080696
