0 0.20279 0.174906 0.187713 0.257346
0 0.631587 0.0577088 0.196096 0.115418
0 0.869205 0.77939 0.261591 0.44122
0 0.469921 0.0941077 0.101155 0.0823689
0 0.914698 0.221986 0.112943 0.11823
0 0.486957 0.755192 0.106923 0.189841
0 0.176541 0.464955 0.099516 0.137305
0 0.805819 0.343215 0.0942272 0.116259
0 0.383113 0.220468 0.12984 0.264674
0 0.0484816 0.0702013 0.0857893 0.119367
0 0.0488989 0.66536 0.0894113 0.135212
0 0.20279 0.174906 0.187713 0.257346
0 0.631587 0.0577088 0.196096 0.115418
0 0.869205 0.77939 0.261591 0.44122
0 0.469921 0.0941077 0.101155 0.0823689
0 0.914698 0.221986 0.112943 0.11823
0 0.486957 0.755192 0.106923 0.189841
0 0.176541 0.464955 0.099516 0.137305
0 0.805819 0.343215 0.0942272 0.116259
0 0.383113 0.220468 0.12984 0.264674
0 0.0484816 0.0702013 0.0857893 0.119367
0 0.0488989 0.66536 0.0894113 0.135212
0 0.629961 0.0576974 0.167345 0.115395
0 0.704758 0.202434 0.0989861 0.056998
0 0.20434 0.192808 0.18693 0.248328
0 0.469271 0.100527 0.0966234 0.0710031
0 0.802978 0.341147 0.0834963 0.141817
0 0.869753 0.778979 0.260495 0.434312
0 0.371195 0.202269 0.138427 0.306492
0 0.914469 0.210198 0.0980385 0.118602
0 0.42813 0.40198 0.198938 0.203525
0 0.869857 0.733353 0.260286 0.297397
0 0.025733 0.736516 0.0492642 0.128481
