0 0.78985 0.569093 0.149053 0.211273
0 0.925384 0.23415 0.145096 0.114542
0 0.402272 0.453094 0.118497 0.120182
0 0.148865 0.228523 0.229589 0.199738
0 0.562565 0.421145 0.232159 0.308273
0 0.833409 0.199719 0.104334 0.0956934
0 0.777404 0.0525924 0.112082 0.102294
0 0.287829 0.219835 0.0984924 0.12668
0 0.925234 0.908984 0.135029 0.165702
0 0.335338 0.0565989 0.123685 0.0887132
0 0.916017 0.372758 0.150354 0.130068
0 0.886426 0.74201 0.078241 0.14767
0 0.664926 0.312686 0.114187 0.0977637
0 0.78985 0.569093 0.149053 0.211273
0 0.925384 0.23415 0.145096 0.114542
0 0.402272 0.453094 0.118497 0.120182
0 0.148865 0.228523 0.229589 0.199738
0 0.562565 0.421145 0.232159 0.308273
0 0.833409 0.199719 0.104334 0.0956934
0 0.777404 0.0525924 0.112082 0.102294
0 0.287829 0.219835 0.0984924 0.12668
0 0.925234 0.908984 0.135029 0.165702
0 0.335338 0.0565989 0.123685 0.0887132
0 0.916017 0.372758 0.150354 0.130068
0 0.886426 0.74201 0.078241 0.14767
0 0.664926 0.312686 0.114187 0.0977637
0 0.797556 0.582928 0.165589 0.223418
0 0.561941 0.441563 0.255743 0.38558
0 0.159704 0.237716 0.215158 0.223829
0 0.922022 0.890781 0.155957 0.218439
0 0.83629 0.199363 0.11446 0.0965727
0 0.930632 0.234253 0.136908 0.118161
0 0.775128 0.0461424 0.107132 0.0922848
0 0.893955 0.375917 0.212089 0.196724
0 0.288595 0.221397 0.0914252 0.102787
0 0.046158 0.198315 0.0891412 0.1433
0 0.88313 0.73311 0.0650791 0.148367
0 0.672742 0.316116 0.104156 0.120183
0 0.481161 0.655013 0.239771 0.241577
0 0.560262 0.210914 0.119114 0.117494
