0 0.170219 0.261978 0.141387 0.131082
0 0.280848 0.140204 0.128632 0.109839
0 0.553897 0.326652 0.1577 0.176975
0 0.717434 0.781239 0.290677 0.301612
0 0.0843963 0.839722 0.150323 0.320557
0 0.339876 0.753351 0.110481 0.316409
0 0.891925 0.617046 0.147392 0.19907
0 0.902852 0.626431 0.11021 0.182992
0 0.32868 0.0458053 0.10194 0.0674443
0 0.105856 0.0391214 0.106168 0.0782428
0 0.673164 0.167554 0.0834342 0.118336
0 0.717402 0.096834 0.0902132 0.064239
0 0.170219 0.261978 0.141387 0.131082
0 0.280848 0.140204 0.128632 0.109839
0 0.553897 0.326652 0.1577 0.176975
0 0.717434 0.781239 0.290677 0.301612
0 0.0843963 0.839722 0.150323 0.320557
0 0.339876 0.753351 0.110481 0.316409
0 0.891925 0.617046 0.147392 0.19907
0 0.902852 0.626431 0.11021 0.182992
0 0.32868 0.0458053 0.10194 0.0674443
0 0.105856 0.0391214 0.106168 0.0782428
0 0.673164 0.167554 0.0834342 0.118336
0 0.717402 0.096834 0.0902132 0.064239
0 0.717235 0.787272 0.263303 0.301735
0 0.161262 0.254596 0.138297 0.134751
0 0.27889 0.141982 0.122319 0.110055
0 0.0776876 0.844347 0.141484 0.280914
0 0.891946 0.6098 0.136941 0.194809
0 0.54915 0.331911 0.167847 0.179306
0 0.0984602 0.0410412 0.11736 0.0820823
0 0.331754 0.751538 0.133498 0.319587
0 0.331494 0.0476387 0.113851 0.0796119
0 0.575716 0.801737 0.0318547 0.0553026
