0 0.922441 0.420774 0.142671 0.184983
0 0.142577 0.170751 0.183141 0.138829
0 0.806819 0.618023 0.0919788 0.234034
0 0.691397 0.142263 0.114388 0.142319
0 0.495961 0.115782 0.309419 0.231564
0 0.851441 0.803741 0.172253 0.210668
0 0.670586 0.55174 0.0846912 0.10116
0 0.674689 0.300801 0.0561788 0.180352
0 0.056483 0.0563514 0.0985705 0.112703
0 0.922328 0.595044 0.140704 0.165897
0 0.840283 0.798677 0.140386 0.160549
0 0.922441 0.420774 0.142671 0.184983
0 0.142577 0.170751 0.183141 0.138829
0 0.806819 0.618023 0.0919788 0.234034
0 0.691397 0.142263 0.114388 0.142319
0 0.495961 0.115782 0.309419 0.231564
0 0.851441 0.803741 0.172253 0.210668
0 0.670586 0.55174 0.0846912 0.10116
0 0.674689 0.300801 0.0561788 0.180352
0 0.056483 0.0563514 0.0985705 0.112703
0 0.922328 0.595044 0.140704 0.165897
0 0.840283 0.798677 0.140386 0.160549
0 0.143015 0.168141 0.179897 0.157094
0 0.0630223 0.0604027 0.115736 0.120805
0 0.691496 0.143291 0.121862 0.150157
0 0.81306 0.610743 0.0847541 0.229525
0 0.468843 0.0682881 0.156768 0.136576
0 0.927646 0.420599 0.137056 0.161766
0 0.336439 0.525456 0.0599671 0.147671
0 0.929411 0.594372 0.141178 0.191561
0 0.868978 0.79269 0.162024 0.228417
0 0.239016 0.160081 0.0673453 0.101391
0 0.820663 0.289063 0.10573 0.0748548
0 0.490534 0.131166 0.339892 0.262333
