0 0.445036 0.072305 0.13227 0.119286
0 0.229716 0.282139 0.16431 0.144646
0 0.342805 0.349263 0.120728 0.121845
0 0.515148 0.591294 0.206922 0.213156
0 0.750443 0.137615 0.107288 0.0978555
0 0.70113 0.730748 0.0961382 0.292197
0 0.141989 0.0890679 0.13173 0.137098
0 0.268475 0.0749941 0.108797 0.094593
0 0.187325 0.21065 0.074502 0.129937
0 0.578966 0.596208 0.0720575 0.221907
0 0.0414735 0.0783247 0.082947 0.130976
0 0.350367 0.14553 0.0934124 0.0939566
0 0.445036 0.072305 0.13227 0.119286
0 0.229716 0.282139 0.16431 0.144646
0 0.342805 0.349263 0.120728 0.121845
0 0.515148 0.591294 0.206922 0.213156
0 0.750443 0.137615 0.107288 0.0978555
0 0.70113 0.730748 0.0961382 0.292197
0 0.141989 0.0890679 0.13173 0.137098
0 0.268475 0.0749941 0.108797 0.094593
0 0.187325 0.21065 0.074502 0.129937
0 0.578966 0.596208 0.0720575 0.221907
0 0.0414735 0.0783247 0.082947 0.130976
0 0.350367 0.14553 0.0934124 0.0939566
0 0.234553 0.282602 0.154857 0.148777
0 0.480393 0.590825 0.162408 0.207138
0 0.341027 0.347142 0.12185 0.133973
0 0.276015 0.0928308 0.134045 0.0755616
0 0.577435 0.572088 0.0756968 0.230769
0 0.68161 0.694132 0.156105 0.385283
0 0.746394 0.138535 0.119125 0.102937
0 0.435116 0.0689875 0.105693 0.113877
0 0.142654 0.0930274 0.135596 0.143176
0 0.118535 0.317999 0.0820843 0.10127
0 0.0356981 0.212904 0.0713963 0.111237
0 0.268578 0.0892081 0.112352 0.0569291
0 0.0495091 0.0861481 0.0990183 0.128452
0 0.879203 0.939767 0.215195 0.120465
0 0.224412 0.392126 0.0519928 0.0456927
