0 0.119082 0.232803 0.210018 0.216589
0 0.127571 0.786504 0.255141 0.259811
0 0.4207 0.108664 0.104532 0.0876558
0 0.874013 0.318909 0.143097 0.135143
0 0.550778 0.43425 0.0938341 0.176723
0 0.649034 0.253311 0.127439 0.0938395
0 0.240387 0.076295 0.0907131 0.066072
0 0.942307 0.369966 0.106565 0.112688
0 0.04838 0.10247 0.0923819 0.0749665
0 0.119082 0.232803 0.210018 0.216589
0 0.127571 0.786504 0.255141 0.259811
0 0.4207 0.108664 0.104532 0.0876558
0 0.874013 0.318909 0.143097 0.135143
0 0.550778 0.43425 0.0938341 0.176723
0 0.649034 0.253311 0.127439 0.0938395
0 0.240387 0.076295 0.0907131 0.066072
0 0.942307 0.369966 0.106565 0.112688
0 0.04838 0.10247 0.0923819 0.0749665
0 0.125624 0.787242 0.251248 0.264401
0 0.862416 0.317429 0.15282 0.113653
0 0.550869 0.429808 0.0864966 0.190004
0 0.118275 0.224915 0.176241 0.1955
0 0.648802 0.263502 0.133219 0.0950035
0 0.359985 0.312679 0.0553133 0.0459383
0 0.933325 0.0869971 0.12526 0.112596
0 0.511776 0.0393002 0.112311 0.0723396
0 0.419635 0.108551 0.105257 0.0918744
