0 0.602002 0.573226 0.129191 0.257875
0 0.0919246 0.286817 0.183849 0.17983
0 0.103198 0.471892 0.068877 0.197426
0 0.7896 0.931787 0.127728 0.136426
0 0.216008 0.519091 0.146207 0.104569
0 0.384281 0.727912 0.107967 0.165307
0 0.602002 0.573226 0.129191 0.257875
0 0.0919246 0.286817 0.183849 0.17983
0 0.103198 0.471892 0.068877 0.197426
0 0.7896 0.931787 0.127728 0.136426
0 0.216008 0.519091 0.146207 0.104569
0 0.384281 0.727912 0.107967 0.165307
0 0.599969 0.570208 0.146986 0.246038
0 0.216315 0.529204 0.132632 0.125638
0 0.105031 0.47622 0.0655613 0.194257
0 0.385277 0.723479 0.100127 0.156453
0 0.807564 0.93472 0.170918 0.130561
0 0.706841 0.584652 0.0624238 0.0659597
