0 0.279229 0.790836 0.164999 0.322599
0 0.798062 0.838623 0.157964 0.137857
0 0.557957 0.712923 0.103578 0.279177
0 0.485609 0.78245 0.119448 0.315494
0 0.921633 0.899349 0.120799 0.201301
0 0.196333 0.597032 0.124744 0.140508
0 0.630548 0.698471 0.11374 0.246672
0 0.328893 0.53004 0.0797558 0.191198
0 0.0656727 0.864123 0.115566 0.271753
0 0.567086 0.432418 0.0985339 0.175429
0 0.126479 0.217251 0.185389 0.158709
0 0.68909 0.897034 0.102896 0.183798
0 0.294243 0.252813 0.116705 0.144796
0 0.804241 0.455384 0.0803436 0.0738648
0 0.644397 0.249936 0.0725817 0.0767554
0 0.0457752 0.388731 0.0912258 0.133907
0 0.501389 0.444975 0.0808413 0.133091
0 0.477229 0.564717 0.0945459 0.114917
0 0.626646 0.677857 0.108287 0.170929
0 0.974789 0.813327 0.0504213 0.105486
0 0.484764 0.789061 0.141881 0.386217
0 0.922679 0.638744 0.0800167 0.104991
0 0.851692 0.55689 0.10851 0.171019
0 0.427354 0.41404 0.0682551 0.12242
0 0.329698 0.163962 0.0748573 0.121341
0 0.641142 0.72336 0.0944233 0.291145
0 0.279229 0.790836 0.164999 0.322599
0 0.798062 0.838623 0.157964 0.137857
0 0.557957 0.712923 0.103578 0.279177
0 0.485609 0.78245 0.119448 0.315494
0 0.921633 0.899349 0.120799 0.201301
0 0.196333 0.597032 0.124744 0.140508
0 0.630548 0.698471 0.11374 0.246672
0 0.328893 0.53004 0.0797558 0.191198
0 0.0656727 0.864123 0.115566 0.271753
0 0.567086 0.432418 0.0985339 0.175429
0 0.126479 0.217251 0.185389 0.158709
0 0.68909 0.897034 0.102896 0.183798
0 0.294243 0.252813 0.116705 0.144796
0 0.804241 0.455384 0.0803436 0.0738648
0 0.644397 0.249936 0.0725817 0.0767554
0 0.0457752 0.388731 0.0912258 0.133907
0 0.501389 0.444975 0.0808413 0.133091
0 0.477229 0.564717 0.0945459 0.114917
0 0.626646 0.677857 0.108287 0.170929
0 0.974789 0.813327 0.0504213 0.105486
0 0.484764 0.789061 0.141881 0.386217
0 0.922679 0.638744 0.0800167 0.104991
0 0.851692 0.55689 0.10851 0.171019
0 0.427354 0.41404 0.0682551 0.12242
0 0.329698 0.163962 0.0748573 0.121341
0 0.641142 0.72336 0.0944233 0.291145
0 0.798769 0.837044 0.16451 0.145944
0 0.50346 0.446177 0.0831285 0.126453
0 0.279626 0.805219 0.170665 0.29918
0 0.560996 0.427091 0.0826331 0.156881
0 0.628629 0.670096 0.114984 0.182526
0 0.695218 0.899471 0.111068 0.182011
0 0.323699 0.528987 0.0904034 0.158448
0 0.293036 0.263873 0.0980078 0.138405
0 0.196903 0.600478 0.114512 0.128504
0 0.130469 0.216876 0.159623 0.15917
0 0.923012 0.874619 0.153977 0.241423
0 0.484803 0.790737 0.122029 0.29347
0 0.552463 0.713991 0.105228 0.258966
0 0.806443 0.460196 0.0771625 0.0770957
0 0.400048 0.572244 0.0458366 0.120103
0 0.17624 0.338324 0.107076 0.128274
0 0.855003 0.547769 0.110118 0.141986
0 0.048962 0.393718 0.0912291 0.119219
0 0.0675364 0.101282 0.135073 0.125057
0 0.0643592 0.850455 0.112402 0.29909
0 0.928004 0.641182 0.0809191 0.0980147
