0 0.251765 0.136796 0.128289 0.117306
0 0.684254 0.81537 0.252075 0.306274
0 0.141073 0.255285 0.136305 0.135474
0 0.531196 0.325234 0.145194 0.190069
0 0.317556 0.753009 0.123628 0.330367
0 0.874164 0.613829 0.125726 0.189505
0 0.0798488 0.804925 0.125841 0.311459
0 0.88841 0.626925 0.0905577 0.156449
0 0.325213 0.0472375 0.0998493 0.0725038
0 0.661385 0.172127 0.0846704 0.114616
0 0.708324 0.100833 0.101676 0.0650926
0 0.251765 0.136796 0.128289 0.117306
0 0.684254 0.81537 0.252075 0.306274
0 0.141073 0.255285 0.136305 0.135474
0 0.531196 0.325234 0.145194 0.190069
0 0.317556 0.753009 0.123628 0.330367
0 0.874164 0.613829 0.125726 0.189505
0 0.0798488 0.804925 0.125841 0.311459
0 0.88841 0.626925 0.0905577 0.156449
0 0.325213 0.0472375 0.0998493 0.0725038
0 0.661385 0.172127 0.0846704 0.114616
0 0.708324 0.100833 0.101676 0.0650926
0 0.682659 0.813993 0.255583 0.311666
0 0.140077 0.256651 0.137605 0.131743
0 0.252128 0.141581 0.118789 0.1102
0 0.865828 0.607548 0.139288 0.19152
0 0.531083 0.334689 0.152662 0.182668
0 0.302727 0.754531 0.15233 0.326763
0 0.0782198 0.813989 0.122282 0.289365
0 0.318072 0.0471418 0.113772 0.0878516
0 0.0683976 0.0383644 0.10556 0.0638508
0 0.707837 0.0947456 0.100258 0.0711991
0 0.0819406 0.0422494 0.0818819 0.055186
