0 0.587342 0.670509 0.133771 0.14917
0 0.251392 0.748083 0.219686 0.264459
0 0.137223 0.319572 0.143284 0.222673
0 0.585398 0.354409 0.100447 0.248324
0 0.65533 0.0878119 0.138986 0.139928
0 0.924056 0.334949 0.151887 0.172471
0 0.693197 0.765603 0.0853243 0.220792
0 0.881504 0.689627 0.119696 0.171458
0 0.274676 0.3862 0.120764 0.250187
0 0.377762 0.655319 0.0975343 0.143068
0 0.808091 0.540043 0.128828 0.165812
0 0.369449 0.535841 0.115265 0.131529
0 0.141944 0.157007 0.115849 0.0976679
0 0.964242 0.526688 0.0619164 0.121319
0 0.336682 0.333009 0.0462724 0.129094
0 0.379429 0.261139 0.0486243 0.103992
0 0.105411 0.877228 0.0975422 0.144179
0 0.447136 0.268905 0.0869232 0.2396
0 0.0607974 0.688288 0.104862 0.123949
0 0.308774 0.168891 0.0798233 0.136645
0 0.201759 0.0981099 0.0794961 0.0826415
0 0.501879 0.313923 0.0658174 0.205195
0 0.807619 0.408618 0.0955932 0.115004
0 0.893725 0.519645 0.0606052 0.0868024
0 0.960632 0.26506 0.0674782 0.122258
0 0.737623 0.409381 0.157312 0.154363
0 0.435503 0.236955 0.0900127 0.153468
0 0.587342 0.670509 0.133771 0.14917
0 0.251392 0.748083 0.219686 0.264459
0 0.137223 0.319572 0.143284 0.222673
0 0.585398 0.354409 0.100447 0.248324
0 0.65533 0.0878119 0.138986 0.139928
0 0.924056 0.334949 0.151887 0.172471
0 0.693197 0.765603 0.0853243 0.220792
0 0.881504 0.689627 0.119696 0.171458
0 0.274676 0.3862 0.120764 0.250187
0 0.377762 0.655319 0.0975343 0.143068
0 0.808091 0.540043 0.128828 0.165812
0 0.369449 0.535841 0.115265 0.131529
0 0.141944 0.157007 0.115849 0.0976679
0 0.964242 0.526688 0.0619164 0.121319
0 0.336682 0.333009 0.0462724 0.129094
0 0.379429 0.261139 0.0486243 0.103992
0 0.105411 0.877228 0.0975422 0.144179
0 0.447136 0.268905 0.0869232 0.2396
0 0.0607974 0.688288 0.104862 0.123949
0 0.308774 0.168891 0.0798233 0.136645
0 0.201759 0.0981099 0.0794961 0.0826415
0 0.501879 0.313923 0.0658174 0.205195
0 0.807619 0.408618 0.0955932 0.115004
0 0.893725 0.519645 0.0606052 0.0868024
0 0.960632 0.26506 0.0674782 0.122258
0 0.737623 0.409381 0.157312 0.154363
0 0.435503 0.236955 0.0900127 0.153468
0 0.592518 0.675088 0.122168 0.135745
0 0.65031 0.0956714 0.16799 0.147524
0 0.759773 0.41935 0.178766 0.1645
0 0.146822 0.320738 0.140543 0.20713
0 0.370683 0.536586 0.11738 0.137151
0 0.271126 0.387486 0.118379 0.255282
0 0.693389 0.772504 0.0811493 0.222458
0 0.885997 0.687416 0.116775 0.177738
0 0.924136 0.33454 0.141812 0.171678
0 0.245746 0.754382 0.2123 0.279225
0 0.813036 0.542559 0.128015 0.159162
0 0.580825 0.357631 0.10494 0.225427
0 0.0746586 0.0800991 0.11578 0.0772461
0 0.446192 0.313711 0.0654127 0.258435
0 0.847398 0.395168 0.144078 0.140294
0 0.390398 0.67701 0.0968447 0.117458
0 0.881832 0.190427 0.109854 0.0904142
0 0.89652 0.523637 0.0661554 0.0798738
0 0.20782 0.105839 0.0770429 0.0810118
