0 0.255835 0.366174 0.16705 0.133492
0 0.834772 0.831456 0.250434 0.330421
0 0.556891 0.410979 0.212209 0.170005
0 0.3976 0.521547 0.117782 0.147343
0 0.57017 0.730111 0.247465 0.224638
0 0.241879 0.526278 0.181709 0.149739
0 0.0808903 0.463103 0.154161 0.258938
0 0.0509539 0.0683324 0.101908 0.0959893
0 0.780586 0.157781 0.0815186 0.0921589
0 0.255835 0.366174 0.16705 0.133492
0 0.834772 0.831456 0.250434 0.330421
0 0.556891 0.410979 0.212209 0.170005
0 0.3976 0.521547 0.117782 0.147343
0 0.57017 0.730111 0.247465 0.224638
0 0.241879 0.526278 0.181709 0.149739
0 0.0808903 0.463103 0.154161 0.258938
0 0.0509539 0.0683324 0.101908 0.0959893
0 0.780586 0.157781 0.0815186 0.0921589
0 0.836048 0.833516 0.252346 0.332967
0 0.579778 0.745411 0.258284 0.236569
0 0.25175 0.366122 0.169606 0.139689
0 0.245725 0.53152 0.177501 0.15055
0 0.563911 0.407897 0.215089 0.186775
0 0.0826991 0.486375 0.165398 0.272504
0 0.395939 0.518511 0.113496 0.15806
0 0.0814368 0.297355 0.126808 0.148095
0 0.355027 0.0677275 0.10432 0.0954369
0 0.169695 0.312124 0.078284 0.0796219
