0 0.611748 0.45238 0.209656 0.307732
0 0.877821 0.682646 0.244359 0.351465
0 0.716023 0.422823 0.0771365 0.145906
0 0.414814 0.332856 0.121969 0.141332
0 0.294588 0.709764 0.097695 0.137108
0 0.495113 0.277806 0.0997011 0.11818
0 0.463183 0.0726361 0.13615 0.102703
0 0.611748 0.45238 0.209656 0.307732
0 0.877821 0.682646 0.244359 0.351465
0 0.716023 0.422823 0.0771365 0.145906
0 0.414814 0.332856 0.121969 0.141332
0 0.294588 0.709764 0.097695 0.137108
0 0.495113 0.277806 0.0997011 0.11818
0 0.463183 0.0726361 0.13615 0.102703
0 0.882112 0.692258 0.235776 0.374007
0 0.620897 0.466974 0.199595 0.294747
0 0.895527 0.452886 0.184503 0.14757
0 0.410283 0.327816 0.126151 0.13761
0 0.718309 0.423467 0.0627008 0.146943
0 0.954349 0.269796 0.0804476 0.0983597
0 0.897297 0.123664 0.104368 0.0811554
0 0.45995 0.07414 0.111309 0.112403
