0 0.377852 0.248077 0.13912 0.152285
0 0.553574 0.109921 0.16717 0.119774
0 0.411696 0.795576 0.200634 0.281276
0 0.509681 0.571482 0.153107 0.140648
0 0.770275 0.358045 0.136821 0.13832
0 0.792224 0.142643 0.103847 0.0879317
0 0.291675 0.0964879 0.0605221 0.107005
0 0.467244 0.0430293 0.116747 0.0832629
0 0.0608435 0.401064 0.121198 0.203431
0 0.366821 0.137225 0.0869759 0.0937803
0 0.377852 0.248077 0.13912 0.152285
0 0.553574 0.109921 0.16717 0.119774
0 0.411696 0.795576 0.200634 0.281276
0 0.509681 0.571482 0.153107 0.140648
0 0.770275 0.358045 0.136821 0.13832
0 0.792224 0.142643 0.103847 0.0879317
0 0.291675 0.0964879 0.0605221 0.107005
0 0.467244 0.0430293 0.116747 0.0832629
0 0.0608435 0.401064 0.121198 0.203431
0 0.366821 0.137225 0.0869759 0.0937803
0 0.55328 0.111326 0.170753 0.120168
0 0.375043 0.249565 0.137079 0.157585
0 0.411963 0.794889 0.196051 0.279649
0 0.760246 0.358492 0.142303 0.144274
0 0.470946 0.0427064 0.109126 0.0719877
0 0.156242 0.164156 0.127588 0.155948
0 0.48621 0.61546 0.184434 0.22531
0 0.0320481 0.0348841 0.0640961 0.0535861
0 0.0669257 0.791778 0.122922 0.112757
