0 0.210363 0.236821 0.189949 0.213702
0 0.224529 0.787133 0.305143 0.283138
0 0.615788 0.492046 0.0968505 0.189913
0 0.705904 0.262573 0.150293 0.103137
0 0.477169 0.117571 0.103854 0.10464
0 0.232957 0.970829 0.171324 0.0583429
0 0.26619 0.0697743 0.0875696 0.0656655
0 0.0280344 0.672476 0.0530371 0.243604
0 0.617721 0.868708 0.0902589 0.135222
0 0.619794 0.861303 0.0751712 0.109719
0 0.926124 0.350186 0.132725 0.143998
0 0.210363 0.236821 0.189949 0.213702
0 0.224529 0.787133 0.305143 0.283138
0 0.615788 0.492046 0.0968505 0.189913
0 0.705904 0.262573 0.150293 0.103137
0 0.477169 0.117571 0.103854 0.10464
0 0.232957 0.970829 0.171324 0.0583429
0 0.26619 0.0697743 0.0875696 0.0656655
0 0.0280344 0.672476 0.0530371 0.243604
0 0.617721 0.868708 0.0902589 0.135222
0 0.619794 0.861303 0.0751712 0.109719
0 0.926124 0.350186 0.132725 0.143998
0 0.691156 0.264564 0.142249 0.100784
0 0.206927 0.239359 0.169559 0.201884
0 0.624277 0.489845 0.0862197 0.185137
0 0.20793 0.791054 0.339937 0.296919
0 0.925669 0.348064 0.143823 0.147027
0 0.47528 0.120952 0.088442 0.0981451
0 0.0406431 0.669338 0.0812862 0.341532
0 0.558091 0.0550822 0.106562 0.0698858
