0 0.163888 0.346477 0.121773 0.265508
0 0.880734 0.156073 0.238532 0.248387
0 0.829278 0.505911 0.204961 0.207426
0 0.428143 0.428889 0.15362 0.129332
0 0.528325 0.71211 0.406685 0.411995
0 0.938241 0.901853 0.123519 0.152878
0 0.490074 0.673473 0.364426 0.40637
0 0.589496 0.2578 0.128201 0.116262
0 0.123747 0.670589 0.215821 0.198574
0 0.489508 0.320049 0.0674006 0.127465
0 0.559948 0.732446 0.521461 0.460417
0 0.952789 0.763155 0.0944223 0.136746
0 0.956264 0.582337 0.0833824 0.250056
0 0.414478 0.828439 0.0542143 0.107278
0 0.266011 0.0930666 0.160179 0.0992304
0 0.269844 0.677832 0.132893 0.124615
0 0.163888 0.346477 0.121773 0.265508
0 0.880734 0.156073 0.238532 0.248387
0 0.829278 0.505911 0.204961 0.207426
0 0.428143 0.428889 0.15362 0.129332
0 0.528325 0.71211 0.406685 0.411995
0 0.938241 0.901853 0.123519 0.152878
0 0.490074 0.673473 0.364426 0.40637
0 0.589496 0.2578 0.128201 0.116262
0 0.123747 0.670589 0.215821 0.198574
0 0.489508 0.320049 0.0674006 0.127465
0 0.559948 0.732446 0.521461 0.460417
0 0.952789 0.763155 0.0944223 0.136746
0 0.956264 0.582337 0.0833824 0.250056
0 0.414478 0.828439 0.0542143 0.107278
0 0.266011 0.0930666 0.160179 0.0992304
0 0.269844 0.677832 0.132893 0.124615
0 0.122678 0.643892 0.187001 0.138544
0 0.893987 0.158806 0.212026 0.225395
0 0.82091 0.508689 0.19661 0.205819
0 0.254325 0.0979458 0.170505 0.108386
0 0.580805 0.268426 0.0843172 0.104835
0 0.934645 0.895846 0.129932 0.143275
0 0.582511 0.842014 0.102884 0.0552572
0 0.160977 0.333831 0.114965 0.25567
0 0.510532 0.743853 0.472169 0.475772
0 0.0418147 0.660543 0.0820905 0.19048
0 0.465822 0.696738 0.458657 0.490545
0 0.963179 0.585115 0.0723549 0.195861
