0 0.377196 0.634569 0.125338 0.11139
0 0.903147 0.796654 0.127623 0.258318
0 0.0622689 0.902793 0.124505 0.194413
0 0.871477 0.568766 0.139955 0.137704
0 0.202517 0.640142 0.244588 0.200326
0 0.327334 0.464703 0.130429 0.126972
0 0.441219 0.320253 0.108393 0.113473
0 0.654539 0.758139 0.112466 0.10703
0 0.701435 0.692697 0.0852394 0.131829
0 0.648653 0.22951 0.0937656 0.0712846
0 0.258848 0.896251 0.0868208 0.122644
0 0.852465 0.66447 0.0599545 0.0926047
0 0.377196 0.634569 0.125338 0.11139
0 0.903147 0.796654 0.127623 0.258318
0 0.0622689 0.902793 0.124505 0.194413
0 0.871477 0.568766 0.139955 0.137704
0 0.202517 0.640142 0.244588 0.200326
0 0.327334 0.464703 0.130429 0.126972
0 0.441219 0.320253 0.108393 0.113473
0 0.654539 0.758139 0.112466 0.10703
0 0.701435 0.692697 0.0852394 0.131829
0 0.648653 0.22951 0.0937656 0.0712846
0 0.258848 0.896251 0.0868208 0.122644
0 0.852465 0.66447 0.0599545 0.0926047
0 0.327926 0.46297 0.118148 0.108213
0 0.368057 0.629563 0.101291 0.0942636
0 0.0608337 0.924829 0.121255 0.136186
0 0.903993 0.797267 0.143585 0.22417
0 0.873326 0.56771 0.136833 0.135293
0 0.516699 0.539298 0.0479528 0.0643305
0 0.85188 0.670797 0.0564579 0.0829442
0 0.20897 0.674671 0.253768 0.263712
0 0.433232 0.323634 0.100739 0.10693
