0 0.815081 0.170744 0.22303 0.166177
0 0.633039 0.188556 0.133626 0.117181
0 0.596241 0.350629 0.121367 0.0928179
0 0.945491 0.304101 0.106048 0.135121
0 0.914236 0.0666907 0.130656 0.0885943
0 0.646894 0.280589 0.0975641 0.074546
0 0.815081 0.170744 0.22303 0.166177
0 0.633039 0.188556 0.133626 0.117181
0 0.596241 0.350629 0.121367 0.0928179
0 0.945491 0.304101 0.106048 0.135121
0 0.914236 0.0666907 0.130656 0.0885943
0 0.646894 0.280589 0.0975641 0.074546
0 0.588367 0.349705 0.134342 0.104223
0 0.648772 0.280232 0.100972 0.0689801
0 0.63616 0.183605 0.140822 0.115778
0 0.817284 0.171413 0.227408 0.177411
0 0.952108 0.302632 0.0895458 0.191266
