0 0.902984 0.502656 0.19033 0.250953
0 0.809369 0.609019 0.163563 0.266866
0 0.324265 0.462848 0.181965 0.190804
0 0.508153 0.783391 0.140209 0.188073
0 0.824562 0.588697 0.205586 0.320508
0 0.45783 0.328652 0.0669371 0.125063
0 0.188505 0.323237 0.303637 0.2824
0 0.634284 0.479642 0.109715 0.218187
0 0.519736 0.275324 0.0457102 0.122494
0 0.562468 0.409988 0.0796365 0.146772
0 0.169619 0.140384 0.0877339 0.0714376
0 0.191397 0.356852 0.382795 0.361035
0 0.632164 0.475748 0.159585 0.245555
0 0.902984 0.502656 0.19033 0.250953
0 0.809369 0.609019 0.163563 0.266866
0 0.324265 0.462848 0.181965 0.190804
0 0.508153 0.783391 0.140209 0.188073
0 0.824562 0.588697 0.205586 0.320508
0 0.45783 0.328652 0.0669371 0.125063
0 0.188505 0.323237 0.303637 0.2824
0 0.634284 0.479642 0.109715 0.218187
0 0.519736 0.275324 0.0457102 0.122494
0 0.562468 0.409988 0.0796365 0.146772
0 0.169619 0.140384 0.0877339 0.0714376
0 0.191397 0.356852 0.382795 0.361035
0 0.632164 0.475748 0.159585 0.245555
0 0.904414 0.510437 0.191172 0.240315
0 0.174752 0.345798 0.33146 0.334776
0 0.334095 0.466312 0.20196 0.204808
0 0.611212 0.48564 0.130948 0.2841
0 0.457519 0.327858 0.0676082 0.116246
0 0.506258 0.783656 0.137796 0.216846
0 0.757903 0.437889 0.113632 0.185764
0 0.250718 0.139583 0.132243 0.131959
0 0.32033 0.641631 0.161732 0.276043
0 0.811657 0.603272 0.169831 0.298719
0 0.687737 0.27571 0.0977449 0.113753
0 0.708448 0.79889 0.167764 0.205643
0 0.0585451 0.608127 0.11709 0.297453
0 0.544778 0.159984 0.149633 0.134255
0 0.646372 0.769634 0.0765995 0.189803
