0 0.625389 0.385371 0.197485 0.204624
0 0.164507 0.0663942 0.139915 0.132788
0 0.787708 0.509238 0.226034 0.191588
0 0.410762 0.869046 0.206988 0.241047
0 0.646371 0.399134 0.144593 0.224882
0 0.400744 0.435602 0.205047 0.151891
0 0.581098 0.852875 0.228642 0.294249
0 0.308266 0.19625 0.153681 0.120872
0 0.643713 0.58938 0.279023 0.231253
0 0.537731 0.176298 0.106381 0.114
0 0.19948 0.245536 0.109689 0.101117
0 0.97035 0.715766 0.0593 0.170652
0 0.435919 0.217629 0.142938 0.165906
0 0.0559283 0.448505 0.106574 0.189273
0 0.194687 0.164893 0.112365 0.120457
0 0.625389 0.385371 0.197485 0.204624
0 0.164507 0.0663942 0.139915 0.132788
0 0.787708 0.509238 0.226034 0.191588
0 0.410762 0.869046 0.206988 0.241047
0 0.646371 0.399134 0.144593 0.224882
0 0.400744 0.435602 0.205047 0.151891
0 0.581098 0.852875 0.228642 0.294249
0 0.308266 0.19625 0.153681 0.120872
0 0.643713 0.58938 0.279023 0.231253
0 0.537731 0.176298 0.106381 0.114
0 0.19948 0.245536 0.109689 0.101117
0 0.97035 0.715766 0.0593 0.170652
0 0.435919 0.217629 0.142938 0.165906
0 0.0559283 0.448505 0.106574 0.189273
0 0.194687 0.164893 0.112365 0.120457
0 0.636077 0.383924 0.176724 0.214916
0 0.405345 0.433228 0.191065 0.156987
0 0.316532 0.206913 0.183273 0.158673
0 0.434921 0.229225 0.177401 0.212115
0 0.587253 0.838211 0.266374 0.323577
0 0.400619 0.867802 0.200913 0.264395
0 0.160496 0.0750285 0.152296 0.150057
0 0.197431 0.171838 0.130645 0.145342
0 0.926947 0.325446 0.138477 0.119501
0 0.620981 0.602664 0.277427 0.257381
0 0.970181 0.71962 0.0596388 0.19979
0 0.0305825 0.0438064 0.0611651 0.0861335
0 0.0835695 0.132147 0.122772 0.141246
0 0.802881 0.51094 0.233913 0.190253
0 0.712712 0.0723305 0.0903074 0.075262
0 0.773566 0.0342498 0.0735556 0.0591973
