0 0.751566 0.764964 0.148342 0.122388
0 0.584666 0.82153 0.113243 0.196118
0 0.653272 0.535211 0.201531 0.196534
0 0.0551971 0.38595 0.102495 0.0996745
0 0.865112 0.746028 0.0846237 0.119941
0 0.276389 0.699509 0.0497974 0.148184
0 0.837399 0.320614 0.102648 0.0901089
0 0.868554 0.953247 0.154986 0.093505
0 0.326789 0.684645 0.0578938 0.108283
0 0.409474 0.559251 0.0413968 0.0810369
0 0.887527 0.957901 0.179537 0.0841971
0 0.958255 0.911126 0.0834902 0.177748
0 0.331545 0.527407 0.0672898 0.110311
0 0.958184 0.63321 0.0789398 0.071709
0 0.0415492 0.49798 0.0830983 0.0677876
0 0.762786 0.611303 0.0718172 0.0637187
0 0.455475 0.555794 0.0410244 0.0791361
0 0.751566 0.764964 0.148342 0.122388
0 0.584666 0.82153 0.113243 0.196118
0 0.653272 0.535211 0.201531 0.196534
0 0.0551971 0.38595 0.102495 0.0996745
0 0.865112 0.746028 0.0846237 0.119941
0 0.276389 0.699509 0.0497974 0.148184
0 0.837399 0.320614 0.102648 0.0901089
0 0.868554 0.953247 0.154986 0.093505
0 0.326789 0.684645 0.0578938 0.108283
0 0.409474 0.559251 0.0413968 0.0810369
0 0.887527 0.957901 0.179537 0.0841971
0 0.958255 0.911126 0.0834902 0.177748
0 0.331545 0.527407 0.0672898 0.110311
0 0.958184 0.63321 0.0789398 0.071709
0 0.0415492 0.49798 0.0830983 0.0677876
0 0.762786 0.611303 0.0718172 0.0637187
0 0.455475 0.555794 0.0410244 0.0791361
0 0.751679 0.76196 0.141137 0.136926
0 0.0589753 0.391347 0.117212 0.104901
0 0.584369 0.820308 0.109334 0.184043
0 0.862516 0.746161 0.083374 0.118191
0 0.832634 0.325457 0.104285 0.0826788
0 0.647557 0.555427 0.203562 0.169784
0 0.275862 0.698243 0.0529988 0.142607
0 0.332905 0.530543 0.0703878 0.0929228
0 0.0907496 0.627624 0.156002 0.117966
0 0.0390161 0.501357 0.0780321 0.0645716
0 0.211455 0.450009 0.114237 0.0875112
0 0.451869 0.553791 0.046796 0.0775431
0 0.407993 0.562795 0.0490583 0.0768185
0 0.884304 0.955238 0.186185 0.0895235
0 0.287869 0.562388 0.0557571 0.0632009
0 0.366165 0.582579 0.0529117 0.0504674
0 0.484707 0.467634 0.0696785 0.0529624
0 0.3273 0.683977 0.0571404 0.0977251
0 0.766002 0.288185 0.0886569 0.0569236
