0 0.178902 0.237657 0.154505 0.220414
0 0.89172 0.552287 0.0871019 0.155825
0 0.782507 0.900353 0.17516 0.199294
0 0.172082 0.0467124 0.135157 0.0934249
0 0.913835 0.902763 0.12063 0.194474
0 0.974302 0.706689 0.0513966 0.164517
0 0.752006 0.459235 0.0885306 0.106929
0 0.178902 0.237657 0.154505 0.220414
0 0.89172 0.552287 0.0871019 0.155825
0 0.782507 0.900353 0.17516 0.199294
0 0.172082 0.0467124 0.135157 0.0934249
0 0.913835 0.902763 0.12063 0.194474
0 0.974302 0.706689 0.0513966 0.164517
0 0.752006 0.459235 0.0885306 0.106929
0 0.165246 0.0555249 0.147464 0.107436
0 0.781464 0.896907 0.170654 0.206186
0 0.17081 0.240917 0.146612 0.209349
0 0.892698 0.551903 0.079184 0.137077
0 0.195364 0.626063 0.0524972 0.0516927
0 0.921306 0.888707 0.141121 0.222586
0 0.755418 0.460374 0.086767 0.0906835
0 0.974442 0.722469 0.0511168 0.209745
0 0.422258 0.0439845 0.0912353 0.0862384
