0 0.652861 0.261157 0.172243 0.133382
0 0.44474 0.133046 0.19725 0.159345
0 0.771182 0.537529 0.117289 0.100583
0 0.948862 0.865818 0.102276 0.268363
0 0.324952 0.059433 0.117305 0.0998223
0 0.31574 0.907553 0.111448 0.176376
0 0.60678 0.495876 0.157441 0.207732
0 0.652861 0.261157 0.172243 0.133382
0 0.44474 0.133046 0.19725 0.159345
0 0.771182 0.537529 0.117289 0.100583
0 0.948862 0.865818 0.102276 0.268363
0 0.324952 0.059433 0.117305 0.0998223
0 0.31574 0.907553 0.111448 0.176376
0 0.60678 0.495876 0.157441 0.207732
0 0.440412 0.134859 0.186564 0.1752
0 0.769397 0.550813 0.125819 0.0920178
0 0.916934 0.24039 0.162625 0.160931
0 0.120011 0.0669132 0.0710911 0.0519776
0 0.313159 0.906759 0.113459 0.162315
0 0.948137 0.88042 0.101755 0.23916
0 0.23366 0.924811 0.178938 0.150378
0 0.643493 0.26206 0.151122 0.12783
0 0.337845 0.136064 0.0652488 0.0593874
0 0.107108 0.536209 0.0792014 0.0755669
0 0.0541066 0.249063 0.105743 0.109163
