0 0.233223 0.887387 0.230179 0.225227
0 0.66073 0.860032 0.0958572 0.222763
0 0.250706 0.425807 0.127603 0.286034
0 0.579568 0.155899 0.184396 0.135883
0 0.659086 0.533142 0.0958128 0.131152
0 0.821255 0.384264 0.109021 0.1397
0 0.771863 0.655594 0.127244 0.195499
0 0.536876 0.427415 0.0746147 0.261802
0 0.142911 0.387282 0.118148 0.171131
0 0.756443 0.459236 0.0691683 0.150138
0 0.325974 0.619984 0.0627915 0.110468
0 0.515167 0.77946 0.118976 0.186568
0 0.0769188 0.366913 0.0864922 0.165153
0 0.952147 0.638934 0.0919018 0.129857
0 0.351373 0.812977 0.0740891 0.128461
0 0.825111 0.253424 0.115331 0.115872
0 0.912779 0.419658 0.10876 0.0873932
0 0.949203 0.34258 0.0873753 0.143422
0 0.652855 0.431543 0.116971 0.124824
0 0.416572 0.398395 0.0918441 0.0922557
0 0.422157 0.495778 0.040391 0.112481
0 0.172077 0.173775 0.115631 0.115529
0 0.46664 0.368498 0.0592018 0.14915
0 0.944094 0.944966 0.0846352 0.110068
0 0.322472 0.304459 0.0708502 0.101675
0 0.233223 0.887387 0.230179 0.225227
0 0.66073 0.860032 0.0958572 0.222763
0 0.250706 0.425807 0.127603 0.286034
0 0.579568 0.155899 0.184396 0.135883
0 0.659086 0.533142 0.0958128 0.131152
0 0.821255 0.384264 0.109021 0.1397
0 0.771863 0.655594 0.127244 0.195499
0 0.536876 0.427415 0.0746147 0.261802
0 0.142911 0.387282 0.118148 0.171131
0 0.756443 0.459236 0.0691683 0.150138
0 0.325974 0.619984 0.0627915 0.110468
0 0.515167 0.77946 0.118976 0.186568
0 0.0769188 0.366913 0.0864922 0.165153
0 0.952147 0.638934 0.0919018 0.129857
0 0.351373 0.812977 0.0740891 0.128461
0 0.825111 0.253424 0.115331 0.115872
0 0.912779 0.419658 0.10876 0.0873932
0 0.949203 0.34258 0.0873753 0.143422
0 0.652855 0.431543 0.116971 0.124824
0 0.416572 0.398395 0.0918441 0.0922557
0 0.422157 0.495778 0.040391 0.112481
0 0.172077 0.173775 0.115631 0.115529
0 0.46664 0.368498 0.0592018 0.14915
0 0.944094 0.944966 0.0846352 0.110068
0 0.322472 0.304459 0.0708502 0.101675
0 0.769862 0.648062 0.115598 0.171361
0 0.658968 0.859245 0.101911 0.212049
0 0.590096 0.165705 0.190284 0.167447
0 0.516822 0.779459 0.112601 0.169715
0 0.65764 0.536992 0.103269 0.115216
0 0.145185 0.389183 0.123596 0.17347
0 0.668331 0.45446 0.151662 0.15183
0 0.0814764 0.368824 0.0780773 0.192885
0 0.234323 0.430915 0.104741 0.271388
0 0.241678 0.886711 0.214496 0.226578
0 0.82019 0.383988 0.10241 0.124398
0 0.178988 0.174813 0.0938627 0.100411
0 0.954177 0.646379 0.0904324 0.11848
0 0.0542851 0.166555 0.101954 0.0924888
0 0.825371 0.252738 0.109332 0.102592
0 0.536781 0.418187 0.0792103 0.263995
0 0.467887 0.362267 0.0566998 0.154253
0 0.319893 0.312398 0.0589422 0.0759163
0 0.3182 0.633223 0.0756174 0.140728
0 0.755683 0.462912 0.0815273 0.131241
0 0.944762 0.337402 0.0905682 0.14455
0 0.118542 0.232647 0.122574 0.0785629
0 0.34302 0.705839 0.102063 0.0898987
