0 0.823555 0.426687 0.171481 0.183206
0 0.769525 0.878598 0.213702 0.242803
0 0.283315 0.596689 0.128315 0.245018
0 0.914481 0.538251 0.128709 0.13166
0 0.795431 0.117317 0.136065 0.119519
0 0.554606 0.378725 0.128702 0.131791
0 0.667895 0.66117 0.122164 0.202585
0 0.39088 0.285086 0.10468 0.0917413
0 0.118796 0.423275 0.125799 0.208453
0 0.0398502 0.0483675 0.0797004 0.0809437
0 0.715315 0.399626 0.0851064 0.0880125
0 0.956793 0.467592 0.0810844 0.138604
0 0.942526 0.889394 0.101744 0.213632
0 0.606417 0.469839 0.0509483 0.174281
0 0.623053 0.192381 0.104119 0.0991521
0 0.0452352 0.18486 0.0904704 0.155889
0 0.952735 0.339809 0.0945306 0.101582
0 0.823555 0.426687 0.171481 0.183206
0 0.769525 0.878598 0.213702 0.242803
0 0.283315 0.596689 0.128315 0.245018
0 0.914481 0.538251 0.128709 0.13166
0 0.795431 0.117317 0.136065 0.119519
0 0.554606 0.378725 0.128702 0.131791
0 0.667895 0.66117 0.122164 0.202585
0 0.39088 0.285086 0.10468 0.0917413
0 0.118796 0.423275 0.125799 0.208453
0 0.0398502 0.0483675 0.0797004 0.0809437
0 0.715315 0.399626 0.0851064 0.0880125
0 0.956793 0.467592 0.0810844 0.138604
0 0.942526 0.889394 0.101744 0.213632
0 0.606417 0.469839 0.0509483 0.174281
0 0.623053 0.192381 0.104119 0.0991521
0 0.0452352 0.18486 0.0904704 0.155889
0 0.952735 0.339809 0.0945306 0.101582
0 0.826245 0.436825 0.166268 0.186673
0 0.54706 0.373887 0.115015 0.112832
0 0.667467 0.65017 0.130608 0.179117
0 0.280633 0.595311 0.120245 0.217716
0 0.138011 0.866919 0.126123 0.266162
0 0.795353 0.118705 0.123186 0.110623
0 0.720779 0.407177 0.0807276 0.0750483
0 0.389253 0.283136 0.0987551 0.0836269
0 0.759851 0.859291 0.235839 0.229371
0 0.960325 0.466514 0.0731312 0.109102
0 0.901906 0.529265 0.153801 0.159837
0 0.834804 0.732929 0.117295 0.14065
0 0.0378665 0.047774 0.0740907 0.0754592
0 0.276031 0.319505 0.0428129 0.122651
0 0.603351 0.469355 0.0552788 0.183181
0 0.0369543 0.180139 0.0739085 0.143954
0 0.122101 0.421232 0.14982 0.215339
0 0.950812 0.347932 0.0797882 0.0758489
0 0.628757 0.194852 0.122319 0.11217
0 0.237355 0.201639 0.0601339 0.134163
