0 0.180826 0.227456 0.159594 0.197736
0 0.19056 0.781059 0.287571 0.281647
0 0.681426 0.254548 0.136489 0.10387
0 0.939034 0.323188 0.121932 0.109724
0 0.457433 0.107522 0.0980425 0.0944759
0 0.598331 0.476258 0.0927662 0.182369
0 0.219714 0.976278 0.17273 0.047444
0 0.0571093 0.0927285 0.0990419 0.0916112
0 0.263945 0.0601984 0.0845454 0.0661308
0 0.180826 0.227456 0.159594 0.197736
0 0.19056 0.781059 0.287571 0.281647
0 0.681426 0.254548 0.136489 0.10387
0 0.939034 0.323188 0.121932 0.109724
0 0.457433 0.107522 0.0980425 0.0944759
0 0.598331 0.476258 0.0927662 0.182369
0 0.219714 0.976278 0.17273 0.047444
0 0.0571093 0.0927285 0.0990419 0.0916112
0 0.263945 0.0601984 0.0845454 0.0661308
0 0.176672 0.226015 0.158407 0.193702
0 0.593377 0.466156 0.0950344 0.177454
0 0.67692 0.261767 0.153101 0.0989198
0 0.16152 0.781766 0.323041 0.269492
0 0.455153 0.10756 0.097838 0.101607
0 0.918003 0.32725 0.161036 0.136162
0 0.53995 0.0409475 0.109147 0.0732275
0 0.252686 0.0669984 0.112786 0.0682172
