0 0.0777499 0.522479 0.1555 0.22409
0 0.518634 0.826438 0.104363 0.291193
0 0.336697 0.263764 0.108555 0.188002
0 0.595565 0.787087 0.11458 0.293663
0 0.236863 0.545612 0.101058 0.107419
0 0.872168 0.62729 0.0953766 0.175728
0 0.878934 0.84381 0.146626 0.15752
0 0.0926861 0.357721 0.132808 0.134502
0 0.251381 0.345992 0.0724322 0.169611
0 0.380606 0.575182 0.0731089 0.220151
0 0.343052 0.827096 0.106314 0.318161
0 0.538103 0.461178 0.0838238 0.136518
0 0.719274 0.664884 0.128874 0.200902
0 0.947923 0.676482 0.081782 0.106738
0 0.624944 0.55502 0.0869553 0.206114
0 0.444349 0.449788 0.0597692 0.163498
0 0.428121 0.576157 0.0502773 0.111131
0 0.838544 0.486822 0.0752838 0.0870908
0 0.64942 0.677796 0.0935406 0.179702
0 0.706508 0.284778 0.0792688 0.0998394
0 0.661081 0.829898 0.0603736 0.166317
0 0.170534 0.149077 0.116244 0.113501
0 0.032122 0.185378 0.0561196 0.127163
0 0.35802 0.173496 0.101109 0.0758803
0 0.465433 0.391223 0.0685771 0.128712
0 0.184745 0.39588 0.0800102 0.126106
0 0.0777499 0.522479 0.1555 0.22409
0 0.518634 0.826438 0.104363 0.291193
0 0.336697 0.263764 0.108555 0.188002
0 0.595565 0.787087 0.11458 0.293663
0 0.236863 0.545612 0.101058 0.107419
0 0.872168 0.62729 0.0953766 0.175728
0 0.878934 0.84381 0.146626 0.15752
0 0.0926861 0.357721 0.132808 0.134502
0 0.251381 0.345992 0.0724322 0.169611
0 0.380606 0.575182 0.0731089 0.220151
0 0.343052 0.827096 0.106314 0.318161
0 0.538103 0.461178 0.0838238 0.136518
0 0.719274 0.664884 0.128874 0.200902
0 0.947923 0.676482 0.081782 0.106738
0 0.624944 0.55502 0.0869553 0.206114
0 0.444349 0.449788 0.0597692 0.163498
0 0.428121 0.576157 0.0502773 0.111131
0 0.838544 0.486822 0.0752838 0.0870908
0 0.64942 0.677796 0.0935406 0.179702
0 0.706508 0.284778 0.0792688 0.0998394
0 0.661081 0.829898 0.0603736 0.166317
0 0.170534 0.149077 0.116244 0.113501
0 0.032122 0.185378 0.0561196 0.127163
0 0.35802 0.173496 0.101109 0.0758803
0 0.465433 0.391223 0.0685771 0.128712
0 0.184745 0.39588 0.0800102 0.126106
0 0.0791894 0.523984 0.158379 0.223485
0 0.335715 0.263932 0.0993424 0.147898
0 0.868054 0.847206 0.173675 0.163753
0 0.238669 0.547314 0.0952746 0.107693
0 0.164805 0.157869 0.126265 0.1063
0 0.429856 0.572235 0.0524966 0.104361
0 0.504975 0.540715 0.0926052 0.120647
0 0.539862 0.459173 0.0832788 0.131435
0 0.511179 0.822142 0.123803 0.295727
0 0.597267 0.792965 0.110997 0.255619
0 0.878587 0.626624 0.0850002 0.175513
0 0.245543 0.34762 0.0866005 0.179124
0 0.947875 0.677917 0.0799133 0.0910653
0 0.375171 0.581792 0.0851099 0.195905
0 0.343601 0.818954 0.113306 0.3329
0 0.84037 0.488356 0.0814577 0.0847883
0 0.694143 0.858132 0.0714368 0.162183
0 0.467664 0.388824 0.0680126 0.108862
0 0.651105 0.795324 0.0653675 0.173071
0 0.047036 0.137255 0.0836092 0.13913
0 0.353298 0.176392 0.105549 0.0842356
0 0.446414 0.449611 0.0654556 0.147851
0 0.71166 0.282833 0.0746651 0.0771924
0 0.620916 0.553972 0.0829875 0.188476
0 0.730051 0.661863 0.124623 0.208314
0 0.13503 0.927988 0.0531653 0.144024
0 0.731643 0.682483 0.113484 0.148986
0 0.0501379 0.329291 0.0964212 0.177143
