0 0.698569 0.754377 0.190217 0.204854
0 0.556176 0.36488 0.116639 0.113342
0 0.314207 0.34317 0.162033 0.136992
0 0.0606294 0.825256 0.118703 0.224531
0 0.181098 0.150136 0.0878692 0.0686191
0 0.858194 0.50497 0.109155 0.103667
0 0.652094 0.452581 0.0649511 0.114592
0 0.712797 0.325645 0.118584 0.0952796
0 0.940575 0.66875 0.0728317 0.151699
0 0.362246 0.292751 0.0854154 0.0717349
0 0.470327 0.34963 0.0501146 0.089406
0 0.0337691 0.347104 0.0675383 0.135548
0 0.368239 0.943592 0.169868 0.112816
0 0.516467 0.870816 0.116815 0.156359
0 0.264803 0.496782 0.105455 0.101614
0 0.698569 0.754377 0.190217 0.204854
0 0.556176 0.36488 0.116639 0.113342
0 0.314207 0.34317 0.162033 0.136992
0 0.0606294 0.825256 0.118703 0.224531
0 0.181098 0.150136 0.0878692 0.0686191
0 0.858194 0.50497 0.109155 0.103667
0 0.652094 0.452581 0.0649511 0.114592
0 0.712797 0.325645 0.118584 0.0952796
0 0.940575 0.66875 0.0728317 0.151699
0 0.362246 0.292751 0.0854154 0.0717349
0 0.470327 0.34963 0.0501146 0.089406
0 0.0337691 0.347104 0.0675383 0.135548
0 0.368239 0.943592 0.169868 0.112816
0 0.516467 0.870816 0.116815 0.156359
0 0.264803 0.496782 0.105455 0.101614
0 0.179045 0.155253 0.102855 0.0599459
0 0.553648 0.364793 0.114025 0.110705
0 0.70024 0.754902 0.207399 0.207725
0 0.0641873 0.203735 0.118717 0.0877247
0 0.85147 0.502503 0.0935957 0.099902
0 0.307734 0.32997 0.166146 0.142661
0 0.375659 0.947191 0.122001 0.105131
0 0.0364017 0.349487 0.0714959 0.140415
0 0.0718882 0.825636 0.143776 0.258756
0 0.724882 0.324297 0.0975887 0.0870924
0 0.711347 0.248442 0.08047 0.0554538
