0 0.136201 0.549402 0.100753 0.192409
0 0.212891 0.382623 0.134905 0.143007
0 0.518559 0.554526 0.212431 0.159816
0 0.142005 0.885763 0.0906227 0.228474
0 0.346652 0.665766 0.110531 0.245088
0 0.305068 0.504348 0.0863597 0.135807
0 0.129733 0.875477 0.100875 0.249045
0 0.938256 0.738125 0.123488 0.200025
0 0.120845 0.307617 0.098279 0.13658
0 0.951523 0.768763 0.0856819 0.243577
0 0.103318 0.321382 0.0567214 0.145206
0 0.20102 0.401292 0.107902 0.165455
0 0.515023 0.915671 0.0788087 0.164995
0 0.212934 0.47334 0.0711234 0.100106
0 0.0510624 0.699959 0.0608946 0.230255
0 0.136201 0.549402 0.100753 0.192409
0 0.212891 0.382623 0.134905 0.143007
0 0.518559 0.554526 0.212431 0.159816
0 0.142005 0.885763 0.0906227 0.228474
0 0.346652 0.665766 0.110531 0.245088
0 0.305068 0.504348 0.0863597 0.135807
0 0.129733 0.875477 0.100875 0.249045
0 0.938256 0.738125 0.123488 0.200025
0 0.120845 0.307617 0.098279 0.13658
0 0.951523 0.768763 0.0856819 0.243577
0 0.103318 0.321382 0.0567214 0.145206
0 0.20102 0.401292 0.107902 0.165455
0 0.515023 0.915671 0.0788087 0.164995
0 0.212934 0.47334 0.0711234 0.100106
0 0.0510624 0.699959 0.0608946 0.230255
0 0.139359 0.55452 0.0870539 0.197164
0 0.344086 0.653693 0.115449 0.286836
0 0.493155 0.547289 0.187898 0.134694
0 0.935009 0.75489 0.124955 0.217304
0 0.0466204 0.710752 0.0830414 0.310175
0 0.181815 0.397911 0.0683638 0.112874
0 0.126429 0.870832 0.117798 0.253342
0 0.320272 0.266635 0.0774808 0.0684126
0 0.539679 0.609332 0.190196 0.354394
0 0.649312 0.396644 0.130579 0.095301
0 0.976855 0.651528 0.0462912 0.0968828
