0 0.585084 0.3097 0.252904 0.285931
0 0.470296 0.155394 0.138197 0.126799
0 0.423477 0.274856 0.120317 0.169994
0 0.846415 0.517365 0.30717 0.314888
0 0.645811 0.214155 0.0713652 0.0666999
0 0.585084 0.3097 0.252904 0.285931
0 0.470296 0.155394 0.138197 0.126799
0 0.423477 0.274856 0.120317 0.169994
0 0.846415 0.517365 0.30717 0.314888
0 0.645811 0.214155 0.0713652 0.0666999
0 0.418345 0.266046 0.132116 0.160894
0 0.919509 0.371615 0.160982 0.145478
0 0.847411 0.543126 0.305178 0.384962
0 0.581227 0.319596 0.27285 0.318118
0 0.471373 0.165367 0.133118 0.135568
