0 0.193328 0.721199 0.113758 0.161369
0 0.0975956 0.661922 0.120171 0.168198
0 0.324409 0.892679 0.142707 0.214642
0 0.365654 0.507794 0.109657 0.0907299
0 0.670079 0.810722 0.0894743 0.152517
0 0.936526 0.709871 0.122554 0.169148
0 0.251821 0.529802 0.0743311 0.0780131
0 0.742158 0.574704 0.0944305 0.0732379
0 0.852326 0.825554 0.0945812 0.152783
0 0.110887 0.925853 0.105418 0.148294
0 0.676917 0.928945 0.0872757 0.142109
0 0.320546 0.724793 0.0819098 0.221095
0 0.0383242 0.218862 0.0764347 0.0717123
0 0.211193 0.32107 0.111396 0.0848009
0 0.346533 0.350858 0.0961848 0.0760973
0 0.196082 0.492936 0.0869253 0.0911079
0 0.193328 0.721199 0.113758 0.161369
0 0.0975956 0.661922 0.120171 0.168198
0 0.324409 0.892679 0.142707 0.214642
0 0.365654 0.507794 0.109657 0.0907299
0 0.670079 0.810722 0.0894743 0.152517
0 0.936526 0.709871 0.122554 0.169148
0 0.251821 0.529802 0.0743311 0.0780131
0 0.742158 0.574704 0.0944305 0.0732379
0 0.852326 0.825554 0.0945812 0.152783
0 0.110887 0.925853 0.105418 0.148294
0 0.676917 0.928945 0.0872757 0.142109
0 0.320546 0.724793 0.0819098 0.221095
0 0.0383242 0.218862 0.0764347 0.0717123
0 0.211193 0.32107 0.111396 0.0848009
0 0.346533 0.350858 0.0961848 0.0760973
0 0.196082 0.492936 0.0869253 0.0911079
0 0.371904 0.507342 0.116672 0.0939967
0 0.10196 0.657822 0.127334 0.165789
0 0.253407 0.530328 0.0858592 0.0796947
0 0.322987 0.894975 0.137293 0.200669
0 0.124165 0.928641 0.125808 0.142718
0 0.197363 0.722316 0.120645 0.167079
0 0.739501 0.574781 0.072928 0.0613921
0 0.669433 0.584377 0.0650753 0.164782
0 0.342312 0.352041 0.10015 0.0788701
0 0.670655 0.814698 0.0896835 0.167645
0 0.496311 0.429073 0.0661761 0.0695445
0 0.218696 0.318387 0.109368 0.0724317
0 0.195524 0.502686 0.0731352 0.0561876
0 0.817893 0.594382 0.107817 0.104256
0 0.0780981 0.473257 0.084599 0.0866128
0 0.322954 0.724954 0.0724611 0.202536
