0 0.904081 0.505285 0.190336 0.19679
0 0.810118 0.547431 0.20995 0.233596
0 0.223966 0.319051 0.256825 0.266473
0 0.497201 0.713625 0.10351 0.144762
0 0.46546 0.336357 0.0705758 0.118429
0 0.126868 0.862114 0.251921 0.275772
0 0.68266 0.723807 0.13616 0.194271
0 0.360051 0.601089 0.150466 0.323295
0 0.835495 0.538144 0.272462 0.269121
0 0.940558 0.874182 0.110703 0.251636
0 0.305655 0.237253 0.126768 0.11389
0 0.73765 0.20254 0.100315 0.12032
0 0.313042 0.251844 0.14784 0.148463
0 0.226459 0.66828 0.119044 0.1134
0 0.904081 0.505285 0.190336 0.19679
0 0.810118 0.547431 0.20995 0.233596
0 0.223966 0.319051 0.256825 0.266473
0 0.497201 0.713625 0.10351 0.144762
0 0.46546 0.336357 0.0705758 0.118429
0 0.126868 0.862114 0.251921 0.275772
0 0.68266 0.723807 0.13616 0.194271
0 0.360051 0.601089 0.150466 0.323295
0 0.835495 0.538144 0.272462 0.269121
0 0.940558 0.874182 0.110703 0.251636
0 0.305655 0.237253 0.126768 0.11389
0 0.73765 0.20254 0.100315 0.12032
0 0.313042 0.251844 0.14784 0.148463
0 0.226459 0.66828 0.119044 0.1134
0 0.903541 0.512145 0.192919 0.199433
0 0.358727 0.595385 0.176402 0.301229
0 0.276846 0.0861344 0.174281 0.168053
0 0.330974 0.281474 0.12795 0.179265
0 0.10097 0.886517 0.20194 0.190025
0 0.554989 0.410384 0.0778003 0.169295
0 0.459115 0.331758 0.0801823 0.125592
0 0.819065 0.549595 0.19018 0.244726
0 0.224469 0.322299 0.246564 0.248905
