0 0.461371 0.310423 0.138723 0.145306
0 0.222589 0.481938 0.238758 0.190281
0 0.829714 0.839444 0.340572 0.321112
0 0.716544 0.540452 0.153357 0.131341
0 0.182091 0.166286 0.285904 0.279876
0 0.259872 0.660858 0.320733 0.2536
0 0.457534 0.85826 0.16352 0.28348
0 0.960841 0.55677 0.0662996 0.161013
0 0.885466 0.449855 0.125628 0.132407
0 0.795631 0.847607 0.364721 0.304786
0 0.218907 0.664787 0.294113 0.221576
0 0.839813 0.134779 0.320375 0.269557
0 0.0343966 0.116195 0.0687932 0.0897346
0 0.469981 0.104126 0.27078 0.208251
0 0.408559 0.212372 0.138536 0.107165
0 0.615953 0.267522 0.185859 0.156427
0 0.758619 0.868035 0.337709 0.258064
0 0.461371 0.310423 0.138723 0.145306
0 0.222589 0.481938 0.238758 0.190281
0 0.829714 0.839444 0.340572 0.321112
0 0.716544 0.540452 0.153357 0.131341
0 0.182091 0.166286 0.285904 0.279876
0 0.259872 0.660858 0.320733 0.2536
0 0.457534 0.85826 0.16352 0.28348
0 0.960841 0.55677 0.0662996 0.161013
0 0.885466 0.449855 0.125628 0.132407
0 0.795631 0.847607 0.364721 0.304786
0 0.218907 0.664787 0.294113 0.221576
0 0.839813 0.134779 0.320375 0.269557
0 0.0343966 0.116195 0.0687932 0.0897346
0 0.469981 0.104126 0.27078 0.208251
0 0.408559 0.212372 0.138536 0.107165
0 0.615953 0.267522 0.185859 0.156427
0 0.758619 0.868035 0.337709 0.258064
0 0.709677 0.548033 0.182453 0.166724
0 0.451157 0.857087 0.152683 0.285825
0 0.46276 0.313893 0.140022 0.174679
0 0.813126 0.84022 0.373748 0.319561
0 0.877341 0.450214 0.109473 0.12838
0 0.161585 0.168992 0.294577 0.250138
0 0.577741 0.330759 0.111737 0.093173
0 0.22147 0.478173 0.228306 0.196848
0 0.243221 0.675982 0.37383 0.292443
0 0.399837 0.216548 0.14848 0.127241
0 0.832216 0.125833 0.335569 0.251666
0 0.0451234 0.375056 0.0896588 0.235725
0 0.959812 0.524382 0.0802826 0.221002
0 0.0341346 0.110654 0.0682692 0.0897856
0 0.84697 0.0955884 0.306061 0.191177
0 0.0429412 0.350614 0.0840773 0.162431
