0 0.689777 0.372324 0.164982 0.124966
0 0.804868 0.524871 0.210453 0.290967
0 0.658744 0.212233 0.137791 0.221541
0 0.485179 0.447373 0.259412 0.349262
0 0.154633 0.441038 0.309265 0.470997
0 0.420216 0.173437 0.0888113 0.107763
0 0.954365 0.692058 0.0912702 0.209421
0 0.190764 0.514745 0.381528 0.466194
0 0.689777 0.372324 0.164982 0.124966
0 0.804868 0.524871 0.210453 0.290967
0 0.658744 0.212233 0.137791 0.221541
0 0.485179 0.447373 0.259412 0.349262
0 0.154633 0.441038 0.309265 0.470997
0 0.420216 0.173437 0.0888113 0.107763
0 0.954365 0.692058 0.0912702 0.209421
0 0.190764 0.514745 0.381528 0.466194
0 0.685552 0.372296 0.159153 0.122172
0 0.486474 0.460972 0.246475 0.326966
0 0.655937 0.189718 0.163014 0.221371
0 0.808592 0.538958 0.202638 0.266881
0 0.569462 0.230375 0.143941 0.126875
0 0.955811 0.715818 0.0883787 0.242089
0 0.425159 0.180772 0.0868704 0.125249
