0 0.63303 0.753475 0.131064 0.284023
0 0.141084 0.134811 0.262001 0.269622
0 0.688704 0.569888 0.127828 0.203565
0 0.903587 0.828092 0.110188 0.267277
0 0.351495 0.414591 0.0514752 0.169326
0 0.922398 0.302504 0.13687 0.111996
0 0.803672 0.398474 0.0817851 0.0976669
0 0.292079 0.0319058 0.0832435 0.0638117
0 0.63303 0.753475 0.131064 0.284023
0 0.141084 0.134811 0.262001 0.269622
0 0.688704 0.569888 0.127828 0.203565
0 0.903587 0.828092 0.110188 0.267277
0 0.351495 0.414591 0.0514752 0.169326
0 0.922398 0.302504 0.13687 0.111996
0 0.803672 0.398474 0.0817851 0.0976669
0 0.292079 0.0319058 0.0832435 0.0638117
0 0.150914 0.147231 0.235584 0.288263
0 0.687762 0.574846 0.133074 0.189766
0 0.921925 0.304245 0.131778 0.10674
0 0.63292 0.755475 0.144239 0.282596
0 0.805242 0.402502 0.087776 0.0977251
0 0.902421 0.831014 0.108842 0.280675
0 0.351268 0.410596 0.0553744 0.143538
0 0.393248 0.162826 0.0741932 0.0975625
0 0.596424 0.434103 0.0931196 0.0734935
