0 0.0637109 0.108653 0.122636 0.217305
0 0.611919 0.535801 0.145576 0.240646
0 0.522735 0.694995 0.12116 0.273428
0 0.811606 0.748334 0.100228 0.235621
0 0.294307 0.370752 0.0676318 0.125992
0 0.610458 0.519681 0.18552 0.253813
0 0.731111 0.376526 0.0734131 0.0938653
0 0.837991 0.284279 0.0874683 0.0864194
0 0.0637109 0.108653 0.122636 0.217305
0 0.611919 0.535801 0.145576 0.240646
0 0.522735 0.694995 0.12116 0.273428
0 0.811606 0.748334 0.100228 0.235621
0 0.294307 0.370752 0.0676318 0.125992
0 0.610458 0.519681 0.18552 0.253813
0 0.731111 0.376526 0.0734131 0.0938653
0 0.837991 0.284279 0.0874683 0.0864194
0 0.521335 0.684059 0.142838 0.256888
0 0.612542 0.541608 0.132457 0.22069
0 0.810497 0.754605 0.104466 0.232114
0 0.0643632 0.109572 0.128726 0.219144
0 0.840995 0.284385 0.0782841 0.100373
0 0.7333 0.378823 0.0772171 0.0905032
0 0.484393 0.116592 0.0718172 0.0804033
0 0.294205 0.368439 0.0636723 0.115588
0 0.39389 0.227528 0.0826831 0.0905794
