0 0.251715 0.124238 0.153919 0.107218
0 0.24267 0.334855 0.0877482 0.0739637
0 0.84122 0.799222 0.15082 0.401555
0 0.800697 0.476369 0.0860336 0.152842
0 0.123504 0.142767 0.127397 0.091489
0 0.472635 0.332857 0.064567 0.131889
0 0.508693 0.166758 0.0756002 0.065043
0 0.945434 0.33813 0.100997 0.134354
0 0.645131 0.14674 0.105149 0.0783543
0 0.0946222 0.319614 0.0865324 0.0812998
0 0.251715 0.124238 0.153919 0.107218
0 0.24267 0.334855 0.0877482 0.0739637
0 0.84122 0.799222 0.15082 0.401555
0 0.800697 0.476369 0.0860336 0.152842
0 0.123504 0.142767 0.127397 0.091489
0 0.472635 0.332857 0.064567 0.131889
0 0.508693 0.166758 0.0756002 0.065043
0 0.945434 0.33813 0.100997 0.134354
0 0.645131 0.14674 0.105149 0.0783543
0 0.0946222 0.319614 0.0865324 0.0812998
0 0.251232 0.128935 0.165134 0.114357
0 0.951527 0.342284 0.0969254 0.134255
0 0.805739 0.478432 0.0875352 0.165637
0 0.47423 0.331658 0.0629424 0.128058
0 0.24723 0.338211 0.10616 0.0709499
0 0.84002 0.808094 0.138572 0.381289
0 0.852447 0.761569 0.131135 0.361277
0 0.498391 0.162924 0.0574666 0.0568413
0 0.95771 0.565446 0.0845795 0.112587
