0 0.12274 0.659254 0.121207 0.22758
0 0.281517 0.288824 0.121619 0.0944962
0 0.821659 0.64839 0.111873 0.157294
0 0.622166 0.545993 0.102971 0.118211
0 0.772053 0.52944 0.0835672 0.0989152
0 0.843418 0.535378 0.0943319 0.106253
0 0.12274 0.659254 0.121207 0.22758
0 0.281517 0.288824 0.121619 0.0944962
0 0.821659 0.64839 0.111873 0.157294
0 0.622166 0.545993 0.102971 0.118211
0 0.772053 0.52944 0.0835672 0.0989152
0 0.843418 0.535378 0.0943319 0.106253
0 0.124674 0.653885 0.106816 0.217749
0 0.618394 0.54635 0.0819658 0.09847
0 0.774665 0.532447 0.0898819 0.099814
0 0.272921 0.291823 0.131719 0.098283
0 0.83922 0.533773 0.0811588 0.0919212
0 0.833624 0.647253 0.088965 0.141719
0 0.426711 0.375963 0.0993769 0.0622547
0 0.116566 0.06461 0.107559 0.0703595
0 0.829441 0.333756 0.0879375 0.0621711
