0 0.105938 0.729224 0.176299 0.283054
0 0.837375 0.686569 0.101929 0.154079
0 0.556584 0.616031 0.0894955 0.125758
0 0.156924 0.0850468 0.126809 0.102021
0 0.180608 0.973008 0.191109 0.0539847
0 0.296391 0.302693 0.110751 0.103759
0 0.978014 0.518479 0.0439715 0.0849704
0 0.82538 0.547007 0.0877352 0.116687
0 0.524119 0.762593 0.0921167 0.0990906
0 0.105938 0.729224 0.176299 0.283054
0 0.837375 0.686569 0.101929 0.154079
0 0.556584 0.616031 0.0894955 0.125758
0 0.156924 0.0850468 0.126809 0.102021
0 0.180608 0.973008 0.191109 0.0539847
0 0.296391 0.302693 0.110751 0.103759
0 0.978014 0.518479 0.0439715 0.0849704
0 0.82538 0.547007 0.0877352 0.116687
0 0.524119 0.762593 0.0921167 0.0990906
0 0.837541 0.684417 0.100914 0.141669
0 0.0996962 0.73925 0.160549 0.246203
0 0.421183 0.391221 0.091235 0.0691325
0 0.50121 0.431466 0.0905504 0.0740469
0 0.295403 0.307212 0.103331 0.0941847
0 0.145394 0.0904088 0.118536 0.0776159
0 0.552031 0.614782 0.0886881 0.117004
0 0.142102 0.235358 0.0874766 0.0629741
0 0.385587 0.928502 0.0604249 0.0752943
0 0.306817 0.456852 0.0653561 0.0686639
0 0.58741 0.831858 0.0628183 0.0770567
