0 0.602279 0.363873 0.233917 0.291651
0 0.860188 0.579433 0.279624 0.344261
0 0.418356 0.287268 0.122615 0.161647
0 0.554237 0.19172 0.10625 0.115217
0 0.955858 0.0990783 0.077799 0.174687
0 0.735288 0.360226 0.062805 0.149517
0 0.483793 0.21199 0.0925372 0.126367
0 0.954662 0.0859621 0.0906769 0.137504
0 0.836839 0.15111 0.0624851 0.103619
0 0.602279 0.363873 0.233917 0.291651
0 0.860188 0.579433 0.279624 0.344261
0 0.418356 0.287268 0.122615 0.161647
0 0.554237 0.19172 0.10625 0.115217
0 0.955858 0.0990783 0.077799 0.174687
0 0.735288 0.360226 0.062805 0.149517
0 0.483793 0.21199 0.0925372 0.126367
0 0.954662 0.0859621 0.0906769 0.137504
0 0.836839 0.15111 0.0624851 0.103619
0 0.876897 0.593092 0.246206 0.325979
0 0.911211 0.390488 0.173454 0.156547
0 0.419894 0.289409 0.127238 0.145358
0 0.624678 0.391057 0.19926 0.2954
0 0.739202 0.36169 0.0635391 0.147825
0 0.0758559 0.805651 0.0967774 0.107371
0 0.640566 0.240286 0.0777859 0.076253
0 0.698709 0.181003 0.0950741 0.0678367
0 0.0259964 0.917316 0.0519928 0.0759833
0 0.968576 0.181684 0.0628489 0.132437
