0 0.337921 0.501939 0.162435 0.30404
0 0.536866 0.897168 0.189888 0.175312
0 0.538123 0.561675 0.0797276 0.167667
0 0.152672 0.455596 0.0897964 0.181708
0 0.947876 0.725212 0.104247 0.1808
0 0.673631 0.753581 0.115035 0.184117
0 0.348619 0.847167 0.157837 0.305665
0 0.710823 0.604096 0.123859 0.16211
0 0.467117 0.58802 0.0947079 0.187449
0 0.207647 0.173237 0.120331 0.113219
0 0.0483709 0.646747 0.0887001 0.155999
0 0.0216 0.172554 0.0400689 0.117681
0 0.933849 0.870606 0.0980812 0.258789
0 0.716248 0.707474 0.089185 0.150696
0 0.385345 0.207961 0.103271 0.139658
0 0.337921 0.501939 0.162435 0.30404
0 0.536866 0.897168 0.189888 0.175312
0 0.538123 0.561675 0.0797276 0.167667
0 0.152672 0.455596 0.0897964 0.181708
0 0.947876 0.725212 0.104247 0.1808
0 0.673631 0.753581 0.115035 0.184117
0 0.348619 0.847167 0.157837 0.305665
0 0.710823 0.604096 0.123859 0.16211
0 0.467117 0.58802 0.0947079 0.187449
0 0.207647 0.173237 0.120331 0.113219
0 0.0483709 0.646747 0.0887001 0.155999
0 0.0216 0.172554 0.0400689 0.117681
0 0.933849 0.870606 0.0980812 0.258789
0 0.716248 0.707474 0.089185 0.150696
0 0.385345 0.207961 0.103271 0.139658
0 0.540788 0.569378 0.0775003 0.178101
0 0.539957 0.898908 0.22325 0.202184
0 0.946654 0.722147 0.103598 0.160679
0 0.705074 0.602154 0.124505 0.161082
0 0.355456 0.834231 0.163327 0.331537
0 0.335992 0.511771 0.164954 0.315785
0 0.678081 0.7522 0.12906 0.18869
0 0.490641 0.638719 0.113935 0.225702
0 0.051331 0.627676 0.0857191 0.156027
0 0.15159 0.45844 0.0846713 0.171202
0 0.767446 0.551048 0.0953947 0.11265
0 0.597822 0.398454 0.0861099 0.105015
0 0.892071 0.450509 0.0712185 0.0825477
0 0.805069 0.260602 0.0897781 0.0862961
0 0.19744 0.311864 0.0545015 0.0685465
0 0.916873 0.832592 0.153229 0.334817
