0 0.237423 0.765056 0.197128 0.310399
0 0.780794 0.812311 0.164854 0.165018
0 0.639644 0.642282 0.132818 0.200114
0 0.544925 0.636985 0.124071 0.241328
0 0.146992 0.325853 0.152143 0.157356
0 0.482524 0.742969 0.128737 0.289093
0 0.0800629 0.213351 0.130488 0.148075
0 0.296775 0.479431 0.0999799 0.129357
0 0.530461 0.334645 0.0514443 0.126955
0 0.704121 0.891003 0.121817 0.19587
0 0.737859 0.521217 0.0535992 0.127543
0 0.390311 0.530365 0.0673826 0.130055
0 0.845145 0.484091 0.141344 0.174515
0 0.195873 0.59076 0.0963888 0.100604
0 0.930114 0.787418 0.139772 0.363378
0 0.271895 0.235418 0.112622 0.1356
0 0.463206 0.373868 0.0924616 0.118074
0 0.657452 0.456361 0.0440266 0.114195
0 0.474778 0.37191 0.0640753 0.111122
0 0.941956 0.78603 0.109904 0.279192
0 0.92819 0.577207 0.0670399 0.0910255
0 0.0208212 0.406641 0.0379279 0.106
0 0.237423 0.765056 0.197128 0.310399
0 0.780794 0.812311 0.164854 0.165018
0 0.639644 0.642282 0.132818 0.200114
0 0.544925 0.636985 0.124071 0.241328
0 0.146992 0.325853 0.152143 0.157356
0 0.482524 0.742969 0.128737 0.289093
0 0.0800629 0.213351 0.130488 0.148075
0 0.296775 0.479431 0.0999799 0.129357
0 0.530461 0.334645 0.0514443 0.126955
0 0.704121 0.891003 0.121817 0.19587
0 0.737859 0.521217 0.0535992 0.127543
0 0.390311 0.530365 0.0673826 0.130055
0 0.845145 0.484091 0.141344 0.174515
0 0.195873 0.59076 0.0963888 0.100604
0 0.930114 0.787418 0.139772 0.363378
0 0.271895 0.235418 0.112622 0.1356
0 0.463206 0.373868 0.0924616 0.118074
0 0.657452 0.456361 0.0440266 0.114195
0 0.474778 0.37191 0.0640753 0.111122
0 0.941956 0.78603 0.109904 0.279192
0 0.92819 0.577207 0.0670399 0.0910255
0 0.0208212 0.406641 0.0379279 0.106
0 0.782448 0.806285 0.157876 0.155934
0 0.636063 0.637842 0.126784 0.186767
0 0.139996 0.330403 0.153729 0.146104
0 0.0843983 0.214161 0.140115 0.128451
0 0.475661 0.757957 0.142518 0.309866
0 0.273705 0.242094 0.0989195 0.133862
0 0.29812 0.482326 0.0979795 0.115856
0 0.541919 0.628122 0.122031 0.246898
0 0.712775 0.886448 0.126351 0.196865
0 0.851236 0.480328 0.125063 0.135105
0 0.234459 0.762796 0.188762 0.304976
0 0.390983 0.526403 0.0597475 0.124716
0 0.933791 0.78525 0.132417 0.300221
0 0.73701 0.521549 0.0523638 0.129682
0 0.477685 0.37575 0.0710102 0.0897251
0 0.429599 0.266899 0.0728399 0.0951917
0 0.793933 0.40738 0.0677309 0.0619132
0 0.041235 0.796317 0.0824701 0.345591
0 0.182311 0.606492 0.115842 0.141129
0 0.927468 0.57979 0.0780239 0.0826986
0 0.0559984 0.798489 0.111997 0.362337
