0 0.834466 0.132193 0.219483 0.238321
0 0.832636 0.161165 0.237089 0.31596
0 0.926564 0.477818 0.137055 0.100047
0 0.592959 0.333352 0.326524 0.327983
0 0.180781 0.574113 0.303626 0.262364
0 0.529968 0.91223 0.0776802 0.17554
0 0.157294 0.721721 0.231048 0.157528
0 0.17086 0.626629 0.277831 0.360897
0 0.114363 0.289507 0.228727 0.236413
0 0.854614 0.221065 0.247003 0.237363
0 0.568517 0.291349 0.26372 0.22722
0 0.919828 0.370381 0.140338 0.159459
0 0.832532 0.198887 0.306859 0.297175
0 0.571952 0.052141 0.102836 0.0945612
0 0.557189 0.405196 0.10627 0.142379
0 0.774794 0.542142 0.119646 0.0757129
0 0.797633 0.813357 0.163439 0.117584
0 0.834466 0.132193 0.219483 0.238321
0 0.832636 0.161165 0.237089 0.31596
0 0.926564 0.477818 0.137055 0.100047
0 0.592959 0.333352 0.326524 0.327983
0 0.180781 0.574113 0.303626 0.262364
0 0.529968 0.91223 0.0776802 0.17554
0 0.157294 0.721721 0.231048 0.157528
0 0.17086 0.626629 0.277831 0.360897
0 0.114363 0.289507 0.228727 0.236413
0 0.854614 0.221065 0.247003 0.237363
0 0.568517 0.291349 0.26372 0.22722
0 0.919828 0.370381 0.140338 0.159459
0 0.832532 0.198887 0.306859 0.297175
0 0.571952 0.052141 0.102836 0.0945612
0 0.557189 0.405196 0.10627 0.142379
0 0.774794 0.542142 0.119646 0.0757129
0 0.797633 0.813357 0.163439 0.117584
0 0.174992 0.150873 0.179811 0.13782
0 0.117301 0.304287 0.230885 0.270505
0 0.922944 0.482417 0.149133 0.11099
0 0.522894 0.904593 0.0996839 0.183309
0 0.594975 0.363795 0.37191 0.399728
0 0.204548 0.635468 0.373665 0.443958
0 0.819077 0.170514 0.257308 0.341028
0 0.829877 0.138871 0.191592 0.268795
0 0.522396 0.277721 0.1942 0.233654
0 0.0649514 0.114646 0.114244 0.0919751
0 0.964901 0.249158 0.0701973 0.0864468
0 0.821399 0.64849 0.357203 0.383439
0 0.579612 0.323733 0.300161 0.312973
0 0.814868 0.703943 0.370264 0.257677
