0 0.767281 0.426554 0.153765 0.131985
0 0.459574 0.391921 0.256242 0.259706
0 0.27715 0.788096 0.26853 0.399687
0 0.129155 0.523143 0.219189 0.178696
0 0.0932177 0.727711 0.181929 0.307926
0 0.68916 0.829437 0.31794 0.341126
0 0.764133 0.617985 0.170525 0.190683
0 0.792433 0.521413 0.115969 0.0933759
0 0.872387 0.578032 0.0968304 0.117762
0 0.645547 0.568455 0.0730169 0.113222
0 0.898487 0.857006 0.106996 0.186616
0 0.534747 0.632794 0.0660825 0.163995
0 0.344321 0.246875 0.144554 0.161203
0 0.14988 0.506185 0.194386 0.163171
0 0.767281 0.426554 0.153765 0.131985
0 0.459574 0.391921 0.256242 0.259706
0 0.27715 0.788096 0.26853 0.399687
0 0.129155 0.523143 0.219189 0.178696
0 0.0932177 0.727711 0.181929 0.307926
0 0.68916 0.829437 0.31794 0.341126
0 0.764133 0.617985 0.170525 0.190683
0 0.792433 0.521413 0.115969 0.0933759
0 0.872387 0.578032 0.0968304 0.117762
0 0.645547 0.568455 0.0730169 0.113222
0 0.898487 0.857006 0.106996 0.186616
0 0.534747 0.632794 0.0660825 0.163995
0 0.344321 0.246875 0.144554 0.161203
0 0.14988 0.506185 0.194386 0.163171
0 0.768694 0.625736 0.172449 0.208815
0 0.789847 0.526674 0.116601 0.0849687
0 0.456933 0.386906 0.239207 0.228904
0 0.696346 0.823888 0.314882 0.352224
0 0.131469 0.522735 0.207732 0.18539
0 0.761754 0.428546 0.182522 0.139886
0 0.337471 0.243796 0.106263 0.135886
0 0.868873 0.585617 0.103592 0.110703
0 0.281798 0.796657 0.28784 0.378349
0 0.540443 0.627684 0.0720699 0.162289
0 0.0971775 0.719809 0.194355 0.300107
0 0.647096 0.570152 0.0705228 0.119027
0 0.550125 0.478806 0.0679247 0.12114
0 0.899194 0.851362 0.114657 0.17336
0 0.412256 0.534168 0.0443789 0.100436
0 0.936949 0.385821 0.116119 0.0903837
