0 0.318236 0.113209 0.0935263 0.0826063
0 0.0899589 0.0586085 0.136298 0.116976
0 0.375421 0.0431882 0.1064 0.0863763
0 0.918255 0.821608 0.130472 0.339815
0 0.115532 0.207744 0.145119 0.116744
0 0.711436 0.733942 0.105541 0.17875
0 0.914417 0.795535 0.146832 0.408929
0 0.392866 0.919746 0.0701674 0.160508
0 0.281759 0.467844 0.0552915 0.178911
0 0.318236 0.113209 0.0935263 0.0826063
0 0.0899589 0.0586085 0.136298 0.116976
0 0.375421 0.0431882 0.1064 0.0863763
0 0.918255 0.821608 0.130472 0.339815
0 0.115532 0.207744 0.145119 0.116744
0 0.711436 0.733942 0.105541 0.17875
0 0.914417 0.795535 0.146832 0.408929
0 0.392866 0.919746 0.0701674 0.160508
0 0.281759 0.467844 0.0552915 0.178911
0 0.588014 0.30421 0.0922751 0.259679
0 0.11133 0.204092 0.133439 0.135673
0 0.0887405 0.0524439 0.105907 0.104888
0 0.955995 0.307979 0.088011 0.113273
0 0.917454 0.109148 0.0858471 0.0720431
0 0.84911 0.597719 0.0702213 0.0954459
0 0.778601 0.349306 0.0514921 0.0671955
0 0.717004 0.166552 0.136913 0.056932
0 0.374697 0.0413915 0.093837 0.082783
0 0.0362596 0.313139 0.0725191 0.150167
