0 0.860114 0.428729 0.159422 0.159867
0 0.660673 0.854113 0.237018 0.202713
0 0.607361 0.478738 0.106356 0.077513
0 0.427802 0.148196 0.100053 0.0763771
0 0.190874 0.582146 0.230719 0.210424
0 0.224628 0.590132 0.153954 0.183255
0 0.938285 0.334577 0.11034 0.0987291
0 0.860114 0.428729 0.159422 0.159867
0 0.660673 0.854113 0.237018 0.202713
0 0.607361 0.478738 0.106356 0.077513
0 0.427802 0.148196 0.100053 0.0763771
0 0.190874 0.582146 0.230719 0.210424
0 0.224628 0.590132 0.153954 0.183255
0 0.938285 0.334577 0.11034 0.0987291
0 0.859812 0.424602 0.15864 0.158545
0 0.673148 0.849903 0.196821 0.175471
0 0.605649 0.478829 0.10144 0.0729553
0 0.229737 0.596238 0.133723 0.156939
0 0.719441 0.340353 0.0715225 0.0589875
0 0.94639 0.323582 0.104834 0.103449
