0 0.205345 0.397582 0.196342 0.223631
0 0.779004 0.26869 0.0597326 0.184344
0 0.816808 0.450276 0.0870106 0.126406
0 0.869068 0.315952 0.0505014 0.125748
0 0.245296 0.0653163 0.123556 0.0949617
0 0.975344 0.610784 0.0493128 0.172091
0 0.729821 0.659839 0.111518 0.2305
0 0.205345 0.397582 0.196342 0.223631
0 0.779004 0.26869 0.0597326 0.184344
0 0.816808 0.450276 0.0870106 0.126406
0 0.869068 0.315952 0.0505014 0.125748
0 0.245296 0.0653163 0.123556 0.0949617
0 0.975344 0.610784 0.0493128 0.172091
0 0.729821 0.659839 0.111518 0.2305
0 0.203963 0.390323 0.190568 0.220203
0 0.812466 0.443795 0.0801048 0.1033
0 0.692146 0.744633 0.0717512 0.0575996
0 0.871001 0.308963 0.0455961 0.122542
