0 0.423389 0.391092 0.189098 0.166383
0 0.673142 0.480624 0.279471 0.230125
0 0.629915 0.275601 0.146037 0.181019
0 0.827919 0.360319 0.120562 0.148008
0 0.173213 0.373572 0.346427 0.363857
0 0.479681 0.307941 0.0983284 0.0846976
0 0.533137 0.368054 0.0948396 0.109895
0 0.21417 0.374539 0.428341 0.459515
0 0.310577 0.478437 0.12236 0.140568
0 0.939763 0.502218 0.119559 0.0931631
0 0.423389 0.391092 0.189098 0.166383
0 0.673142 0.480624 0.279471 0.230125
0 0.629915 0.275601 0.146037 0.181019
0 0.827919 0.360319 0.120562 0.148008
0 0.173213 0.373572 0.346427 0.363857
0 0.479681 0.307941 0.0983284 0.0846976
0 0.533137 0.368054 0.0948396 0.109895
0 0.21417 0.374539 0.428341 0.459515
0 0.310577 0.478437 0.12236 0.140568
0 0.939763 0.502218 0.119559 0.0931631
0 0.425972 0.382153 0.173264 0.15883
0 0.457464 0.210525 0.146805 0.223785
0 0.694742 0.490845 0.258792 0.246332
0 0.620727 0.269443 0.160756 0.206974
0 0.207013 0.389915 0.399098 0.450225
0 0.927428 0.278246 0.12752 0.135457
0 0.266866 0.125064 0.170551 0.250129
0 0.713832 0.266253 0.0885368 0.0848983
0 0.816455 0.358834 0.144411 0.174258
