0 0.140541 0.159634 0.281083 0.274985
0 0.568775 0.847784 0.0590549 0.160267
0 0.685993 0.638821 0.118842 0.166129
0 0.760273 0.434836 0.148305 0.114468
0 0.631058 0.524009 0.0758774 0.126561
0 0.770366 0.861864 0.0899082 0.156421
0 0.940546 0.761173 0.118191 0.24901
0 0.7361 0.208388 0.132205 0.142713
0 0.59141 0.694083 0.0403808 0.10737
0 0.958759 0.846366 0.0824824 0.100073
0 0.187975 0.487812 0.289022 0.255004
0 0.140541 0.159634 0.281083 0.274985
0 0.568775 0.847784 0.0590549 0.160267
0 0.685993 0.638821 0.118842 0.166129
0 0.760273 0.434836 0.148305 0.114468
0 0.631058 0.524009 0.0758774 0.126561
0 0.770366 0.861864 0.0899082 0.156421
0 0.940546 0.761173 0.118191 0.24901
0 0.7361 0.208388 0.132205 0.142713
0 0.59141 0.694083 0.0403808 0.10737
0 0.958759 0.846366 0.0824824 0.100073
0 0.187975 0.487812 0.289022 0.255004
0 0.144051 0.166713 0.265918 0.257757
0 0.760703 0.433609 0.129497 0.109043
0 0.685629 0.641996 0.107621 0.167688
0 0.573094 0.845112 0.0620829 0.133779
0 0.632557 0.53475 0.0908548 0.15265
0 0.771456 0.834734 0.115702 0.17554
0 0.960298 0.849102 0.0794037 0.0831872
0 0.0401214 0.442221 0.0802428 0.169493
