0 0.922384 0.422871 0.141973 0.181212
0 0.152704 0.171063 0.19786 0.134814
0 0.691192 0.155097 0.129597 0.149611
0 0.804097 0.623066 0.0913548 0.241576
0 0.845399 0.81241 0.172578 0.205826
0 0.534663 0.420876 0.0425511 0.158402
0 0.0588442 0.0553415 0.105006 0.110683
0 0.923826 0.598176 0.14489 0.152239
0 0.922384 0.422871 0.141973 0.181212
0 0.152704 0.171063 0.19786 0.134814
0 0.691192 0.155097 0.129597 0.149611
0 0.804097 0.623066 0.0913548 0.241576
0 0.845399 0.81241 0.172578 0.205826
0 0.534663 0.420876 0.0425511 0.158402
0 0.0588442 0.0553415 0.105006 0.110683
0 0.923826 0.598176 0.14489 0.152239
0 0.144114 0.176786 0.184571 0.158329
0 0.462674 0.081858 0.175866 0.163716
0 0.690018 0.155892 0.133033 0.171659
0 0.0675141 0.0649751 0.128898 0.12995
0 0.809636 0.619708 0.0841733 0.231967
0 0.929519 0.601759 0.140963 0.183183
0 0.336484 0.539954 0.058583 0.140725
0 0.924953 0.4251 0.144503 0.162126
0 0.8552 0.795449 0.174981 0.211261
0 0.193246 0.429267 0.0953533 0.124359
