0 0.381545 0.89515 0.222513 0.209699
0 0.354013 0.327665 0.270956 0.199532
0 0.595351 0.395053 0.293213 0.357313
0 0.237379 0.432069 0.231203 0.160746
0 0.094241 0.174496 0.111969 0.104557
0 0.052878 0.141562 0.105756 0.159703
0 0.605354 0.0878035 0.11468 0.0963693
0 0.381545 0.89515 0.222513 0.209699
0 0.354013 0.327665 0.270956 0.199532
0 0.595351 0.395053 0.293213 0.357313
0 0.237379 0.432069 0.231203 0.160746
0 0.094241 0.174496 0.111969 0.104557
0 0.052878 0.141562 0.105756 0.159703
0 0.605354 0.0878035 0.11468 0.0963693
0 0.595686 0.39356 0.272701 0.357885
0 0.388898 0.893933 0.236196 0.212133
0 0.350771 0.322568 0.269269 0.189631
0 0.229345 0.429758 0.203239 0.160932
0 0.60669 0.0953285 0.121212 0.109129
0 0.771524 0.118396 0.163304 0.136556
0 0.0481514 0.148087 0.0941093 0.148155
0 0.777718 0.311447 0.0675028 0.0621895
0 0.0599498 0.0890623 0.0973699 0.0563202
