0 0.535955 0.556547 0.205391 0.163497
0 0.156781 0.56231 0.101406 0.199937
0 0.372507 0.678417 0.112343 0.230597
0 0.16649 0.89251 0.100548 0.214979
0 0.960224 0.766986 0.0795515 0.261062
0 0.530297 0.916361 0.0759945 0.167278
0 0.880942 0.718369 0.0942972 0.283703
0 0.120029 0.325145 0.0563195 0.144099
0 0.319153 0.508464 0.087365 0.12723
0 0.522684 0.536671 0.176509 0.134681
0 0.0510687 0.233285 0.102137 0.121948
0 0.22773 0.48515 0.0877379 0.102343
0 0.967595 0.789385 0.0648102 0.224656
0 0.128602 0.316744 0.077794 0.141405
0 0.79768 0.943924 0.166506 0.112151
0 0.980736 0.570522 0.0376078 0.155648
0 0.0745099 0.735219 0.0523073 0.218422
0 0.535955 0.556547 0.205391 0.163497
0 0.156781 0.56231 0.101406 0.199937
0 0.372507 0.678417 0.112343 0.230597
0 0.16649 0.89251 0.100548 0.214979
0 0.960224 0.766986 0.0795515 0.261062
0 0.530297 0.916361 0.0759945 0.167278
0 0.880942 0.718369 0.0942972 0.283703
0 0.120029 0.325145 0.0563195 0.144099
0 0.319153 0.508464 0.087365 0.12723
0 0.522684 0.536671 0.176509 0.134681
0 0.0510687 0.233285 0.102137 0.121948
0 0.22773 0.48515 0.0877379 0.102343
0 0.967595 0.789385 0.0648102 0.224656
0 0.128602 0.316744 0.077794 0.141405
0 0.79768 0.943924 0.166506 0.112151
0 0.980736 0.570522 0.0376078 0.155648
0 0.0745099 0.735219 0.0523073 0.218422
0 0.526449 0.544933 0.20172 0.152487
0 0.365817 0.669648 0.130763 0.308932
0 0.193188 0.642243 0.0956924 0.22758
0 0.664681 0.393251 0.13278 0.0954683
0 0.954545 0.771859 0.0881947 0.22665
0 0.955934 0.742482 0.0881323 0.153362
0 0.886622 0.724726 0.112865 0.269752
0 0.156225 0.557184 0.0762879 0.189241
0 0.0788962 0.707132 0.0764525 0.307826
0 0.196865 0.400692 0.064835 0.111403
0 0.535098 0.912194 0.0629938 0.140678
0 0.332049 0.263851 0.0812539 0.0642595
0 0.767266 0.53254 0.0587977 0.22456
