0 0.781311 0.424394 0.121224 0.145761
0 0.875237 0.511327 0.136605 0.196504
0 0.653662 0.849561 0.207491 0.300879
0 0.131777 0.151504 0.207815 0.171218
0 0.460398 0.240716 0.18177 0.211021
0 0.835734 0.733209 0.101607 0.24677
0 0.347634 0.824061 0.277475 0.336779
0 0.855221 0.161366 0.149278 0.118751
0 0.0750153 0.385295 0.139788 0.162796
0 0.623227 0.477613 0.0802355 0.173231
0 0.656174 0.798554 0.216771 0.402893
0 0.935227 0.37679 0.0953833 0.0855123
0 0.46857 0.231705 0.137469 0.172886
0 0.95724 0.466425 0.0850094 0.0979448
0 0.936227 0.785888 0.127546 0.293419
0 0.681021 0.222092 0.0842798 0.099467
0 0.266332 0.342096 0.088457 0.171645
0 0.65256 0.334387 0.082068 0.124387
0 0.482493 0.331671 0.0359952 0.119586
0 0.536239 0.413881 0.0948208 0.142909
0 0.118069 0.133285 0.182625 0.135057
0 0.648357 0.755508 0.218921 0.305253
0 0.923962 0.809836 0.149873 0.380328
0 0.0519431 0.839149 0.0969229 0.321702
0 0.702114 0.376464 0.0447742 0.0805057
0 0.781311 0.424394 0.121224 0.145761
0 0.875237 0.511327 0.136605 0.196504
0 0.653662 0.849561 0.207491 0.300879
0 0.131777 0.151504 0.207815 0.171218
0 0.460398 0.240716 0.18177 0.211021
0 0.835734 0.733209 0.101607 0.24677
0 0.347634 0.824061 0.277475 0.336779
0 0.855221 0.161366 0.149278 0.118751
0 0.0750153 0.385295 0.139788 0.162796
0 0.623227 0.477613 0.0802355 0.173231
0 0.656174 0.798554 0.216771 0.402893
0 0.935227 0.37679 0.0953833 0.0855123
0 0.46857 0.231705 0.137469 0.172886
0 0.95724 0.466425 0.0850094 0.0979448
0 0.936227 0.785888 0.127546 0.293419
0 0.681021 0.222092 0.0842798 0.099467
0 0.266332 0.342096 0.088457 0.171645
0 0.65256 0.334387 0.082068 0.124387
0 0.482493 0.331671 0.0359952 0.119586
0 0.536239 0.413881 0.0948208 0.142909
0 0.118069 0.133285 0.182625 0.135057
0 0.648357 0.755508 0.218921 0.305253
0 0.923962 0.809836 0.149873 0.380328
0 0.0519431 0.839149 0.0969229 0.321702
0 0.702114 0.376464 0.0447742 0.0805057
0 0.33368 0.819472 0.255636 0.361055
0 0.785787 0.426645 0.118069 0.146028
0 0.114297 0.143737 0.1834 0.153943
0 0.938233 0.3841 0.0913572 0.0714118
0 0.865561 0.163451 0.154402 0.120518
0 0.837148 0.736793 0.107336 0.255686
0 0.45615 0.248256 0.175184 0.248988
0 0.641687 0.80998 0.240965 0.380039
0 0.929535 0.815797 0.140929 0.36052
0 0.959219 0.470812 0.0815619 0.0876824
0 0.632044 0.490785 0.0772356 0.164409
0 0.261977 0.335603 0.0732478 0.138622
0 0.865741 0.517802 0.17751 0.199997
0 0.117123 0.420395 0.183605 0.242834
0 0.0566192 0.833035 0.107548 0.333929
0 0.227233 0.620996 0.0794398 0.253721
0 0.0407725 0.036877 0.0759378 0.0548556
0 0.686063 0.222589 0.0858526 0.0942971
0 0.0835147 0.401529 0.164701 0.204271
