0 0.351057 0.330126 0.149741 0.196756
0 0.563026 0.311164 0.134246 0.142892
0 0.316117 0.64487 0.156188 0.151911
0 0.858958 0.738904 0.264349 0.244833
0 0.231348 0.695597 0.218479 0.166333
0 0.790727 0.451892 0.118258 0.158157
0 0.270305 0.42615 0.043891 0.102305
0 0.106172 0.201208 0.0555523 0.0836109
0 0.291503 0.143164 0.107495 0.115231
0 0.864883 0.473709 0.0830803 0.133077
0 0.0834231 0.0660647 0.0707254 0.0799687
0 0.6917 0.152268 0.0844317 0.0742839
0 0.224123 0.104705 0.0917895 0.0735807
0 0.0651573 0.240854 0.0568391 0.091346
0 0.351057 0.330126 0.149741 0.196756
0 0.563026 0.311164 0.134246 0.142892
0 0.316117 0.64487 0.156188 0.151911
0 0.858958 0.738904 0.264349 0.244833
0 0.231348 0.695597 0.218479 0.166333
0 0.790727 0.451892 0.118258 0.158157
0 0.270305 0.42615 0.043891 0.102305
0 0.106172 0.201208 0.0555523 0.0836109
0 0.291503 0.143164 0.107495 0.115231
0 0.864883 0.473709 0.0830803 0.133077
0 0.0834231 0.0660647 0.0707254 0.0799687
0 0.6917 0.152268 0.0844317 0.0742839
0 0.224123 0.104705 0.0917895 0.0735807
0 0.0651573 0.240854 0.0568391 0.091346
0 0.850998 0.753953 0.295788 0.235212
0 0.350686 0.327103 0.168355 0.231636
0 0.238309 0.707645 0.218357 0.165563
0 0.792992 0.449188 0.106093 0.162934
0 0.320348 0.643609 0.162581 0.143585
0 0.55902 0.316452 0.143916 0.147238
0 0.28869 0.143135 0.114608 0.128631
0 0.865161 0.470355 0.0908917 0.126457
0 0.107164 0.203712 0.0575817 0.0780797
0 0.0679713 0.239948 0.0657848 0.0852331
0 0.692991 0.149677 0.0866432 0.0687941
0 0.270921 0.41196 0.0485331 0.1167
0 0.504388 0.0759147 0.0913773 0.0660424
0 0.0816852 0.0599452 0.069559 0.0814944
