0 0.67923 0.41071 0.334747 0.33298
0 0.918739 0.0902011 0.161108 0.116809
0 0.100507 0.159657 0.181815 0.24048
0 0.314429 0.05752 0.0986451 0.0679686
0 0.0506125 0.381408 0.0953359 0.206062
0 0.779408 0.215064 0.114404 0.09211
0 0.282179 0.959914 0.177338 0.0801717
0 0.518493 0.0730275 0.188688 0.146055
0 0.227921 0.328534 0.110164 0.170767
0 0.709072 0.417606 0.485911 0.444473
0 0.626764 0.0519485 0.0709211 0.0651
0 0.0704482 0.621193 0.0998314 0.230461
0 0.902702 0.0973412 0.188443 0.150812
0 0.67923 0.41071 0.334747 0.33298
0 0.918739 0.0902011 0.161108 0.116809
0 0.100507 0.159657 0.181815 0.24048
0 0.314429 0.05752 0.0986451 0.0679686
0 0.0506125 0.381408 0.0953359 0.206062
0 0.779408 0.215064 0.114404 0.09211
0 0.282179 0.959914 0.177338 0.0801717
0 0.518493 0.0730275 0.188688 0.146055
0 0.227921 0.328534 0.110164 0.170767
0 0.709072 0.417606 0.485911 0.444473
0 0.626764 0.0519485 0.0709211 0.0651
0 0.0704482 0.621193 0.0998314 0.230461
0 0.902702 0.0973412 0.188443 0.150812
0 0.0965913 0.163441 0.193183 0.220489
0 0.683342 0.391314 0.322303 0.278345
0 0.0956842 0.295163 0.134686 0.153146
0 0.312394 0.0618779 0.0983305 0.0617413
0 0.519993 0.0640018 0.183408 0.128004
0 0.864593 0.176541 0.125241 0.0769578
0 0.776856 0.221009 0.12651 0.0890364
0 0.222077 0.338333 0.138257 0.176467
0 0.923619 0.0861978 0.135308 0.0943311
0 0.089676 0.583616 0.163509 0.3893
