0 0.331629 0.796909 0.124405 0.244006
0 0.416819 0.717654 0.155862 0.240776
0 0.555189 0.812326 0.139101 0.211337
0 0.475735 0.612618 0.120635 0.204804
0 0.124755 0.62033 0.160753 0.24624
0 0.678592 0.890044 0.142566 0.148176
0 0.554047 0.596754 0.0725809 0.188085
0 0.208525 0.184106 0.0924814 0.0900694
0 0.71485 0.447511 0.122823 0.126656
0 0.0717001 0.312275 0.103065 0.0891256
0 0.628794 0.333522 0.0915183 0.0753574
0 0.941784 0.825739 0.116432 0.119599
0 0.369 0.483053 0.083792 0.116019
0 0.102065 0.765072 0.176723 0.237934
0 0.742117 0.320498 0.0664844 0.0975325
0 0.205569 0.3707 0.151085 0.160431
0 0.247455 0.515153 0.0700748 0.163047
0 0.550097 0.576136 0.0563455 0.14174
0 0.331629 0.796909 0.124405 0.244006
0 0.416819 0.717654 0.155862 0.240776
0 0.555189 0.812326 0.139101 0.211337
0 0.475735 0.612618 0.120635 0.204804
0 0.124755 0.62033 0.160753 0.24624
0 0.678592 0.890044 0.142566 0.148176
0 0.554047 0.596754 0.0725809 0.188085
0 0.208525 0.184106 0.0924814 0.0900694
0 0.71485 0.447511 0.122823 0.126656
0 0.0717001 0.312275 0.103065 0.0891256
0 0.628794 0.333522 0.0915183 0.0753574
0 0.941784 0.825739 0.116432 0.119599
0 0.369 0.483053 0.083792 0.116019
0 0.102065 0.765072 0.176723 0.237934
0 0.742117 0.320498 0.0664844 0.0975325
0 0.205569 0.3707 0.151085 0.160431
0 0.247455 0.515153 0.0700748 0.163047
0 0.550097 0.576136 0.0563455 0.14174
0 0.550192 0.79954 0.145685 0.214744
0 0.416835 0.718419 0.149564 0.255241
0 0.476081 0.606618 0.11907 0.186035
0 0.332988 0.799206 0.119884 0.208564
0 0.70782 0.449996 0.124663 0.119187
0 0.131578 0.602966 0.165942 0.266285
0 0.638437 0.663322 0.121396 0.237872
0 0.0668104 0.318093 0.0906006 0.0715975
0 0.247832 0.498284 0.103805 0.115887
0 0.206184 0.37958 0.169416 0.219147
0 0.105986 0.741813 0.185962 0.182186
0 0.554947 0.586057 0.0523412 0.156169
0 0.202554 0.186253 0.0785637 0.0754147
0 0.962065 0.162524 0.0758696 0.107147
0 0.750631 0.326357 0.0719498 0.090628
0 0.94017 0.819494 0.116046 0.145512
0 0.625692 0.334269 0.0895466 0.0732341
0 0.690277 0.892218 0.140639 0.185598
0 0.967327 0.495307 0.065346 0.255183
0 0.495984 0.473916 0.0419052 0.135659
