0 0.22911 0.310916 0.0911226 0.0808053
0 0.043657 0.145335 0.0873141 0.102087
0 0.339942 0.120479 0.134467 0.0995107
0 0.892522 0.516957 0.0654614 0.178752
0 0.974149 0.408858 0.0488201 0.17232
0 0.22911 0.310916 0.0911226 0.0808053
0 0.043657 0.145335 0.0873141 0.102087
0 0.339942 0.120479 0.134467 0.0995107
0 0.892522 0.516957 0.0654614 0.178752
0 0.974149 0.408858 0.0488201 0.17232
0 0.0435672 0.14696 0.0871344 0.073023
0 0.331831 0.127102 0.151837 0.0976036
0 0.887319 0.523513 0.072879 0.170567
0 0.242022 0.880465 0.0746389 0.0972263
