0 0.431035 0.33955 0.241727 0.227602
0 0.101008 0.687435 0.180674 0.28737
0 0.117986 0.488209 0.219924 0.161782
0 0.370782 0.794948 0.24039 0.410103
0 0.779449 0.841543 0.338585 0.316914
0 0.742022 0.391975 0.162619 0.137183
0 0.787967 0.598968 0.170105 0.198361
0 0.824134 0.509869 0.108511 0.0867191
0 0.550987 0.603077 0.0911221 0.165202
0 0.667219 0.565983 0.081982 0.119752
0 0.560498 0.464391 0.0556643 0.115402
0 0.939009 0.462069 0.121981 0.11172
0 0.88731 0.580294 0.0879974 0.0955191
0 0.58797 0.313956 0.067915 0.129004
0 0.483071 0.478926 0.0432646 0.135822
0 0.972589 0.651929 0.0421551 0.128431
0 0.428151 0.504481 0.0346522 0.0929632
0 0.431035 0.33955 0.241727 0.227602
0 0.101008 0.687435 0.180674 0.28737
0 0.117986 0.488209 0.219924 0.161782
0 0.370782 0.794948 0.24039 0.410103
0 0.779449 0.841543 0.338585 0.316914
0 0.742022 0.391975 0.162619 0.137183
0 0.787967 0.598968 0.170105 0.198361
0 0.824134 0.509869 0.108511 0.0867191
0 0.550987 0.603077 0.0911221 0.165202
0 0.667219 0.565983 0.081982 0.119752
0 0.560498 0.464391 0.0556643 0.115402
0 0.939009 0.462069 0.121981 0.11172
0 0.88731 0.580294 0.0879974 0.0955191
0 0.58797 0.313956 0.067915 0.129004
0 0.483071 0.478926 0.0432646 0.135822
0 0.972589 0.651929 0.0421551 0.128431
0 0.428151 0.504481 0.0346522 0.0929632
0 0.789496 0.597968 0.173789 0.205667
0 0.824868 0.512379 0.113945 0.0864041
0 0.788954 0.830467 0.292962 0.339065
0 0.443431 0.350974 0.250822 0.23207
0 0.737356 0.399301 0.167793 0.131351
0 0.381025 0.799543 0.256366 0.400914
0 0.108341 0.486925 0.215416 0.191386
0 0.66784 0.563544 0.0855185 0.11949
0 0.881994 0.58515 0.105562 0.101652
0 0.934035 0.45893 0.131931 0.127325
0 0.545063 0.60209 0.103139 0.170733
0 0.103119 0.693447 0.181486 0.331836
0 0.567313 0.465478 0.0689415 0.114688
0 0.348263 0.231657 0.117228 0.171007
0 0.585284 0.318105 0.0722493 0.115364
