0 0.31224 0.0784395 0.165751 0.152456
0 0.605373 0.542532 0.202909 0.156229
0 0.157418 0.275794 0.314836 0.334604
0 0.482972 0.221942 0.106194 0.0844356
0 0.360562 0.305692 0.0561751 0.15769
0 0.644877 0.109352 0.107449 0.0911327
0 0.580571 0.282264 0.0935038 0.0841118
0 0.840809 0.266653 0.0971405 0.0849259
0 0.404222 0.146618 0.0950323 0.0897381
0 0.31224 0.0784395 0.165751 0.152456
0 0.605373 0.542532 0.202909 0.156229
0 0.157418 0.275794 0.314836 0.334604
0 0.482972 0.221942 0.106194 0.0844356
0 0.360562 0.305692 0.0561751 0.15769
0 0.644877 0.109352 0.107449 0.0911327
0 0.580571 0.282264 0.0935038 0.0841118
0 0.840809 0.266653 0.0971405 0.0849259
0 0.404222 0.146618 0.0950323 0.0897381
0 0.156422 0.28172 0.312845 0.319023
0 0.842103 0.2748 0.0982524 0.0697222
0 0.604879 0.54064 0.180501 0.14608
0 0.310851 0.0879103 0.182352 0.171524
0 0.169793 0.0659176 0.111659 0.0754353
0 0.954484 0.172008 0.0910311 0.0884319
0 0.360103 0.305697 0.0633519 0.173652
