0 0.217042 0.251896 0.153643 0.128337
0 0.609654 0.325938 0.151499 0.171566
0 0.803537 0.736537 0.293924 0.297645
0 0.936737 0.636125 0.126329 0.194483
0 0.386441 0.755638 0.120324 0.314541
0 0.0801398 0.863505 0.138065 0.27299
0 0.350251 0.128203 0.107472 0.119197
0 0.362636 0.0401635 0.114149 0.0717353
0 0.706199 0.165339 0.0923771 0.112299
0 0.217042 0.251896 0.153643 0.128337
0 0.609654 0.325938 0.151499 0.171566
0 0.803537 0.736537 0.293924 0.297645
0 0.936737 0.636125 0.126329 0.194483
0 0.386441 0.755638 0.120324 0.314541
0 0.0801398 0.863505 0.138065 0.27299
0 0.350251 0.128203 0.107472 0.119197
0 0.362636 0.0401635 0.114149 0.0717353
0 0.706199 0.165339 0.0923771 0.112299
0 0.211775 0.248023 0.148015 0.127595
0 0.792228 0.74555 0.264934 0.279284
0 0.0755034 0.860764 0.148733 0.278473
0 0.605814 0.328381 0.142706 0.150889
0 0.373901 0.750334 0.138136 0.29745
0 0.935644 0.633923 0.128713 0.208008
0 0.34313 0.12868 0.109018 0.112049
0 0.168507 0.046814 0.108256 0.093628
0 0.237403 0.334028 0.0595454 0.0556032
0 0.217215 0.606748 0.0715919 0.108286
0 0.704993 0.1661 0.0859044 0.11169
