0 0.150828 0.545873 0.197127 0.201213
0 0.167529 0.854567 0.227945 0.290866
0 0.823618 0.313096 0.137164 0.146707
0 0.729472 0.418299 0.164103 0.196311
0 0.610239 0.163134 0.149909 0.123404
0 0.17051 0.38785 0.163648 0.154829
0 0.733356 0.248523 0.108922 0.103871
0 0.323974 0.272706 0.158267 0.144099
0 0.627789 0.787854 0.0960214 0.193631
0 0.0574144 0.164164 0.102791 0.106863
0 0.395739 0.16698 0.168111 0.133454
0 0.653579 0.277024 0.122448 0.145262
0 0.218243 0.0543511 0.134145 0.108702
0 0.408783 0.885778 0.105092 0.228444
0 0.41986 0.890637 0.0786285 0.212605
0 0.271923 0.14261 0.145646 0.145157
0 0.890973 0.594839 0.0871964 0.114981
0 0.267058 0.146522 0.194083 0.183857
0 0.954907 0.533322 0.0901862 0.192573
0 0.8987 0.852317 0.100632 0.173928
0 0.150828 0.545873 0.197127 0.201213
0 0.167529 0.854567 0.227945 0.290866
0 0.823618 0.313096 0.137164 0.146707
0 0.729472 0.418299 0.164103 0.196311
0 0.610239 0.163134 0.149909 0.123404
0 0.17051 0.38785 0.163648 0.154829
0 0.733356 0.248523 0.108922 0.103871
0 0.323974 0.272706 0.158267 0.144099
0 0.627789 0.787854 0.0960214 0.193631
0 0.0574144 0.164164 0.102791 0.106863
0 0.395739 0.16698 0.168111 0.133454
0 0.653579 0.277024 0.122448 0.145262
0 0.218243 0.0543511 0.134145 0.108702
0 0.408783 0.885778 0.105092 0.228444
0 0.41986 0.890637 0.0786285 0.212605
0 0.271923 0.14261 0.145646 0.145157
0 0.890973 0.594839 0.0871964 0.114981
0 0.267058 0.146522 0.194083 0.183857
0 0.954907 0.533322 0.0901862 0.192573
0 0.8987 0.852317 0.100632 0.173928
0 0.157956 0.546679 0.18574 0.202493
0 0.732993 0.427996 0.183859 0.215534
0 0.162964 0.853818 0.238569 0.289426
0 0.395571 0.177524 0.172741 0.143192
0 0.893962 0.846876 0.0860849 0.190831
0 0.734173 0.847905 0.0854434 0.180125
0 0.631616 0.798388 0.0964163 0.200441
0 0.34279 0.28885 0.206735 0.160498
0 0.217779 0.0438748 0.131448 0.0877495
0 0.594179 0.3952 0.0732477 0.0917569
0 0.861237 0.320235 0.17016 0.146706
0 0.649232 0.269684 0.126443 0.163885
0 0.588152 0.153047 0.12995 0.105784
0 0.0334483 0.487983 0.0668967 0.144091
0 0.941645 0.116654 0.11671 0.116765
