0 0.825703 0.559721 0.151535 0.20371
0 0.577644 0.654521 0.279942 0.25558
0 0.322188 0.449959 0.146982 0.155132
0 0.402566 0.375455 0.11509 0.125457
0 0.116229 0.718573 0.232458 0.275032
0 0.89662 0.843642 0.14823 0.312717
0 0.0919638 0.356787 0.17665 0.213848
0 0.754211 0.897124 0.142537 0.205753
0 0.782431 0.3886 0.0955519 0.152239
0 0.0758113 0.549566 0.115596 0.126536
0 0.954357 0.761799 0.091287 0.202715
0 0.692243 0.438055 0.0792941 0.128702
0 0.934896 0.513096 0.10453 0.195987
0 0.265331 0.0936063 0.109089 0.0816439
0 0.383936 0.161943 0.110765 0.102518
0 0.544417 0.334814 0.110881 0.129654
0 0.24882 0.882601 0.094006 0.193083
0 0.951532 0.262782 0.093552 0.0933461
0 0.825703 0.559721 0.151535 0.20371
0 0.577644 0.654521 0.279942 0.25558
0 0.322188 0.449959 0.146982 0.155132
0 0.402566 0.375455 0.11509 0.125457
0 0.116229 0.718573 0.232458 0.275032
0 0.89662 0.843642 0.14823 0.312717
0 0.0919638 0.356787 0.17665 0.213848
0 0.754211 0.897124 0.142537 0.205753
0 0.782431 0.3886 0.0955519 0.152239
0 0.0758113 0.549566 0.115596 0.126536
0 0.954357 0.761799 0.091287 0.202715
0 0.692243 0.438055 0.0792941 0.128702
0 0.934896 0.513096 0.10453 0.195987
0 0.265331 0.0936063 0.109089 0.0816439
0 0.383936 0.161943 0.110765 0.102518
0 0.544417 0.334814 0.110881 0.129654
0 0.24882 0.882601 0.094006 0.193083
0 0.951532 0.262782 0.093552 0.0933461
0 0.580801 0.663426 0.278514 0.285371
0 0.894146 0.85128 0.148409 0.295931
0 0.140606 0.770328 0.281055 0.369936
0 0.0987595 0.36913 0.197519 0.231938
0 0.0837737 0.542113 0.148387 0.15668
0 0.823433 0.566871 0.151654 0.193969
0 0.403338 0.370305 0.132438 0.135794
0 0.766628 0.911352 0.153116 0.177296
0 0.861662 0.305513 0.0974062 0.138983
0 0.547373 0.341557 0.108139 0.108925
0 0.159639 0.804306 0.319278 0.391387
0 0.713372 0.260161 0.0852157 0.0929285
0 0.349231 0.453713 0.206246 0.182656
0 0.457912 0.0429886 0.0733484 0.0859773
0 0.324101 0.450354 0.148776 0.155571
0 0.696152 0.436008 0.0731507 0.119887
0 0.937617 0.709483 0.121713 0.24437
