0 0.679018 0.522601 0.207888 0.166529
0 0.608172 0.819009 0.110358 0.193829
0 0.771532 0.756395 0.134303 0.136951
0 0.416379 0.553453 0.038663 0.094497
0 0.0691689 0.36456 0.0991782 0.0921681
0 0.889115 0.960041 0.126609 0.0799191
0 0.0486466 0.480548 0.0925788 0.070281
0 0.34532 0.677072 0.0495825 0.108449
0 0.88396 0.745832 0.0953484 0.118831
0 0.289256 0.684292 0.0634094 0.12309
0 0.220941 0.421392 0.131955 0.0930327
0 0.344475 0.363736 0.0952958 0.0737655
0 0.336933 0.671561 0.0679837 0.125724
0 0.934792 0.52143 0.0896896 0.0658083
0 0.679018 0.522601 0.207888 0.166529
0 0.608172 0.819009 0.110358 0.193829
0 0.771532 0.756395 0.134303 0.136951
0 0.416379 0.553453 0.038663 0.094497
0 0.0691689 0.36456 0.0991782 0.0921681
0 0.889115 0.960041 0.126609 0.0799191
0 0.0486466 0.480548 0.0925788 0.070281
0 0.34532 0.677072 0.0495825 0.108449
0 0.88396 0.745832 0.0953484 0.118831
0 0.289256 0.684292 0.0634094 0.12309
0 0.220941 0.421392 0.131955 0.0930327
0 0.344475 0.363736 0.0952958 0.0737655
0 0.336933 0.671561 0.0679837 0.125724
0 0.934792 0.52143 0.0896896 0.0658083
0 0.766601 0.755891 0.145088 0.136296
0 0.607721 0.811616 0.110163 0.188015
0 0.0690186 0.373003 0.119521 0.102278
0 0.681135 0.526342 0.191789 0.148416
0 0.103263 0.598386 0.147699 0.102824
0 0.0468672 0.4828 0.0850738 0.0625551
0 0.899619 0.956127 0.146535 0.0867822
0 0.416952 0.554726 0.0455428 0.0854985
0 0.885379 0.745404 0.083849 0.114838
0 0.3412 0.51742 0.0711662 0.0831626
0 0.495235 0.458906 0.0715637 0.0597655
0 0.291043 0.682242 0.0792577 0.131961
0 0.464843 0.556513 0.0427256 0.0887558
0 0.37271 0.573795 0.0490375 0.0539734
0 0.290521 0.551212 0.050458 0.0540892
0 0.869853 0.58236 0.0689232 0.0715804
