0 0.233749 0.730164 0.0809899 0.165476
0 0.701981 0.814238 0.0928022 0.141725
0 0.871123 0.614249 0.115641 0.123598
0 0.390357 0.892895 0.0961405 0.21421
0 0.388502 0.768063 0.0776317 0.205726
0 0.39962 0.516502 0.0870099 0.0876988
0 0.726094 0.609223 0.0671736 0.170717
0 0.951602 0.702777 0.0967962 0.133544
0 0.282217 0.529076 0.0769048 0.0669031
0 0.130187 0.664819 0.117593 0.155366
0 0.218519 0.496536 0.0900356 0.0779921
0 0.233749 0.730164 0.0809899 0.165476
0 0.701981 0.814238 0.0928022 0.141725
0 0.871123 0.614249 0.115641 0.123598
0 0.390357 0.892895 0.0961405 0.21421
0 0.388502 0.768063 0.0776317 0.205726
0 0.39962 0.516502 0.0870099 0.0876988
0 0.726094 0.609223 0.0671736 0.170717
0 0.951602 0.702777 0.0967962 0.133544
0 0.282217 0.529076 0.0769048 0.0669031
0 0.130187 0.664819 0.117593 0.155366
0 0.218519 0.496536 0.0900356 0.0779921
0 0.282397 0.533964 0.079507 0.0633038
0 0.70494 0.810586 0.0994674 0.140867
0 0.877863 0.616226 0.109593 0.107665
0 0.387204 0.897384 0.0813321 0.205232
0 0.235903 0.740108 0.0831427 0.180648
0 0.12996 0.671293 0.128485 0.162033
0 0.2236 0.506485 0.0724234 0.0524397
0 0.39927 0.766771 0.0851509 0.208847
0 0.40243 0.516338 0.0909721 0.07927
0 0.725723 0.604838 0.0638227 0.175289
0 0.250276 0.328405 0.105972 0.0729148
0 0.0682787 0.267472 0.102128 0.0503537
0 0.0788488 0.272058 0.101452 0.0492887
0 0.0619732 0.219963 0.116496 0.0652642
