0 0.0651345 0.539185 0.130269 0.167492
0 0.712431 0.540165 0.126938 0.146553
0 0.604832 0.669289 0.129533 0.105849
0 0.669887 0.82574 0.0579297 0.147462
0 0.941648 0.899823 0.107445 0.192974
0 0.446524 0.597046 0.0463551 0.161298
0 0.465401 0.752607 0.0535323 0.199742
0 0.482814 0.372358 0.0455717 0.106386
0 0.864022 0.620031 0.111726 0.0872641
0 0.82873 0.864919 0.111005 0.243407
0 0.498864 0.579418 0.0467287 0.139048
0 0.313878 0.436561 0.12713 0.156768
0 0.599085 0.85787 0.0862721 0.13368
0 0.330172 0.620149 0.0631611 0.131289
0 0.763778 0.693874 0.0936871 0.101526
0 0.977635 0.427008 0.0421923 0.0938424
0 0.0651345 0.539185 0.130269 0.167492
0 0.712431 0.540165 0.126938 0.146553
0 0.604832 0.669289 0.129533 0.105849
0 0.669887 0.82574 0.0579297 0.147462
0 0.941648 0.899823 0.107445 0.192974
0 0.446524 0.597046 0.0463551 0.161298
0 0.465401 0.752607 0.0535323 0.199742
0 0.482814 0.372358 0.0455717 0.106386
0 0.864022 0.620031 0.111726 0.0872641
0 0.82873 0.864919 0.111005 0.243407
0 0.498864 0.579418 0.0467287 0.139048
0 0.313878 0.436561 0.12713 0.156768
0 0.599085 0.85787 0.0862721 0.13368
0 0.330172 0.620149 0.0631611 0.131289
0 0.763778 0.693874 0.0936871 0.101526
0 0.977635 0.427008 0.0421923 0.0938424
0 0.065254 0.544677 0.130508 0.154867
0 0.606328 0.672966 0.12523 0.117643
0 0.766265 0.69466 0.0909152 0.0873167
0 0.303603 0.440765 0.132529 0.163607
0 0.925129 0.876829 0.149741 0.231059
0 0.230548 0.403807 0.0947775 0.0612442
0 0.708798 0.539629 0.125741 0.12978
0 0.468121 0.751193 0.049456 0.181756
0 0.627381 0.519293 0.10257 0.181377
0 0.599079 0.854268 0.0896778 0.131703
0 0.67561 0.824066 0.0535538 0.151947
0 0.326726 0.6204 0.0601444 0.105073
0 0.346209 0.192043 0.0658977 0.0553157
0 0.517474 0.445271 0.120697 0.134469
0 0.58831 0.201309 0.0840794 0.0608977
0 0.86437 0.620756 0.110239 0.0693891
0 0.96009 0.729713 0.0775826 0.0759273
0 0.812718 0.848261 0.0924225 0.162539
