0 0.0569727 0.479709 0.111802 0.257968
0 0.0849234 0.247116 0.164715 0.192155
0 0.155415 0.700955 0.159472 0.274651
0 0.786307 0.677984 0.245353 0.232036
0 0.805824 0.428155 0.129822 0.108924
0 0.555525 0.720534 0.15358 0.18461
0 0.499057 0.292097 0.373162 0.362184
0 0.203072 0.246982 0.10332 0.148465
0 0.283094 0.199759 0.136366 0.125486
0 0.568708 0.835807 0.171667 0.17488
0 0.254512 0.142691 0.0947016 0.106964
0 0.858506 0.835783 0.282987 0.25796
0 0.0955754 0.119196 0.159718 0.122159
0 0.940844 0.502886 0.113033 0.205784
0 0.450871 0.316736 0.351941 0.385467
0 0.281376 0.319006 0.1299 0.113396
0 0.561577 0.598997 0.116096 0.116228
0 0.920595 0.166667 0.100369 0.0836791
0 0.390272 0.434326 0.13973 0.148769
0 0.0569727 0.479709 0.111802 0.257968
0 0.0849234 0.247116 0.164715 0.192155
0 0.155415 0.700955 0.159472 0.274651
0 0.786307 0.677984 0.245353 0.232036
0 0.805824 0.428155 0.129822 0.108924
0 0.555525 0.720534 0.15358 0.18461
0 0.499057 0.292097 0.373162 0.362184
0 0.203072 0.246982 0.10332 0.148465
0 0.283094 0.199759 0.136366 0.125486
0 0.568708 0.835807 0.171667 0.17488
0 0.254512 0.142691 0.0947016 0.106964
0 0.858506 0.835783 0.282987 0.25796
0 0.0955754 0.119196 0.159718 0.122159
0 0.940844 0.502886 0.113033 0.205784
0 0.450871 0.316736 0.351941 0.385467
0 0.281376 0.319006 0.1299 0.113396
0 0.561577 0.598997 0.116096 0.116228
0 0.920595 0.166667 0.100369 0.0836791
0 0.390272 0.434326 0.13973 0.148769
0 0.0791549 0.253695 0.15831 0.214252
0 0.801774 0.419864 0.126061 0.106789
0 0.285274 0.19868 0.132646 0.120689
0 0.84666 0.832076 0.277646 0.254355
0 0.0648926 0.498065 0.12644 0.198509
0 0.554505 0.72401 0.149588 0.193204
0 0.155319 0.713109 0.151203 0.28581
0 0.783419 0.670069 0.237184 0.228388
0 0.936588 0.518373 0.105195 0.238687
0 0.917848 0.170147 0.0926743 0.0655489
0 0.568075 0.843445 0.162878 0.198075
0 0.197502 0.254566 0.0863921 0.15046
0 0.560619 0.604835 0.113903 0.105725
0 0.499293 0.29699 0.433961 0.441067
0 0.254319 0.139724 0.0930019 0.11072
0 0.542384 0.455623 0.142719 0.19968
