0 0.865858 0.656051 0.268284 0.229797
0 0.55316 0.446744 0.11389 0.161549
0 0.43108 0.196928 0.108609 0.187157
0 0.261401 0.464315 0.150928 0.140093
0 0.703126 0.49952 0.143344 0.146321
0 0.277301 0.637569 0.195312 0.145561
0 0.320044 0.254573 0.10909 0.13414
0 0.630641 0.425874 0.059111 0.175294
0 0.0741694 0.287198 0.126358 0.170232
0 0.594571 0.616415 0.0542872 0.126503
0 0.865858 0.656051 0.268284 0.229797
0 0.55316 0.446744 0.11389 0.161549
0 0.43108 0.196928 0.108609 0.187157
0 0.261401 0.464315 0.150928 0.140093
0 0.703126 0.49952 0.143344 0.146321
0 0.277301 0.637569 0.195312 0.145561
0 0.320044 0.254573 0.10909 0.13414
0 0.630641 0.425874 0.059111 0.175294
0 0.0741694 0.287198 0.126358 0.170232
0 0.594571 0.616415 0.0542872 0.126503
0 0.258343 0.457858 0.144857 0.143259
0 0.56082 0.446935 0.153851 0.185188
0 0.0661271 0.287833 0.132254 0.190429
0 0.318364 0.25944 0.108836 0.150382
0 0.84327 0.660582 0.30874 0.242217
0 0.686622 0.49777 0.107094 0.133907
0 0.595195 0.632359 0.0681601 0.156727
0 0.431612 0.212019 0.105301 0.203639
0 0.632826 0.431601 0.0649573 0.153237
0 0.083474 0.153642 0.0923188 0.0832704
0 0.0672731 0.0734541 0.0810798 0.0463208
0 0.641925 0.954251 0.0586297 0.0914973
0 0.942897 0.772587 0.114206 0.201527
0 0.923551 0.263085 0.098661 0.0554966
0 0.168985 0.164193 0.0997513 0.116366
