0 0.539585 0.195267 0.178694 0.128332
0 0.249629 0.518991 0.184758 0.161721
0 0.539773 0.759256 0.133812 0.143725
0 0.355388 0.246403 0.152677 0.134187
0 0.4289 0.175497 0.113646 0.0936358
0 0.128633 0.0494701 0.176124 0.0989401
0 0.818935 0.765539 0.0667374 0.148705
0 0.883544 0.36807 0.149016 0.125231
0 0.856119 0.591518 0.163715 0.171386
0 0.0455235 0.165846 0.091047 0.134571
0 0.739275 0.314528 0.105513 0.159855
0 0.67363 0.440608 0.100707 0.234653
0 0.632621 0.402706 0.213653 0.29189
0 0.295343 0.190815 0.0859572 0.100354
0 0.0625267 0.351773 0.120689 0.149704
0 0.435479 0.773369 0.0724284 0.210615
0 0.95318 0.511605 0.0883488 0.16629
0 0.539585 0.195267 0.178694 0.128332
0 0.249629 0.518991 0.184758 0.161721
0 0.539773 0.759256 0.133812 0.143725
0 0.355388 0.246403 0.152677 0.134187
0 0.4289 0.175497 0.113646 0.0936358
0 0.128633 0.0494701 0.176124 0.0989401
0 0.818935 0.765539 0.0667374 0.148705
0 0.883544 0.36807 0.149016 0.125231
0 0.856119 0.591518 0.163715 0.171386
0 0.0455235 0.165846 0.091047 0.134571
0 0.739275 0.314528 0.105513 0.159855
0 0.67363 0.440608 0.100707 0.234653
0 0.632621 0.402706 0.213653 0.29189
0 0.295343 0.190815 0.0859572 0.100354
0 0.0625267 0.351773 0.120689 0.149704
0 0.435479 0.773369 0.0724284 0.210615
0 0.95318 0.511605 0.0883488 0.16629
0 0.249666 0.518242 0.184994 0.16502
0 0.126363 0.0525387 0.19107 0.105077
0 0.0467558 0.151818 0.0923661 0.136521
0 0.809423 0.548842 0.0713561 0.144202
0 0.540125 0.204598 0.208819 0.143171
0 0.146021 0.159173 0.0620504 0.0558761
0 0.736809 0.937508 0.056059 0.121471
0 0.359436 0.266259 0.129872 0.152356
0 0.820368 0.762773 0.0642242 0.125436
