0 0.159049 0.572342 0.0835787 0.124759
0 0.12835 0.43302 0.141441 0.112719
0 0.225694 0.449673 0.0994833 0.0877927
0 0.954832 0.861999 0.0869972 0.179863
0 0.303295 0.334347 0.106955 0.0961933
0 0.159049 0.572342 0.0835787 0.124759
0 0.12835 0.43302 0.141441 0.112719
0 0.225694 0.449673 0.0994833 0.0877927
0 0.954832 0.861999 0.0869972 0.179863
0 0.303295 0.334347 0.106955 0.0961933
0 0.163423 0.569644 0.0896596 0.122798
0 0.227165 0.4583 0.0994281 0.0863939
0 0.953864 0.861795 0.085158 0.243425
0 0.13089 0.425167 0.111649 0.102966
0 0.0360205 0.827298 0.0720409 0.163479
0 0.305896 0.332972 0.0836989 0.0869947
0 0.166428 0.326748 0.0673403 0.0717891
0 0.418151 0.401436 0.087322 0.0763983
