0 0.928276 0.618675 0.141623 0.130979
0 0.854846 0.108093 0.24257 0.215672
0 0.181099 0.151697 0.140481 0.129441
0 0.180694 0.595074 0.310279 0.270175
0 0.106065 0.294338 0.212131 0.234822
0 0.530576 0.280883 0.278016 0.263062
0 0.865723 0.251501 0.248776 0.252177
0 0.684302 0.755089 0.370827 0.338993
0 0.518031 0.119093 0.156686 0.117923
0 0.651106 0.37592 0.150783 0.165724
0 0.934351 0.481206 0.118931 0.0871482
0 0.550414 0.410675 0.0964554 0.135117
0 0.730974 0.721644 0.382265 0.405078
0 0.320169 0.219267 0.191142 0.288262
0 0.211381 0.626274 0.382517 0.375654
0 0.928276 0.618675 0.141623 0.130979
0 0.854846 0.108093 0.24257 0.215672
0 0.181099 0.151697 0.140481 0.129441
0 0.180694 0.595074 0.310279 0.270175
0 0.106065 0.294338 0.212131 0.234822
0 0.530576 0.280883 0.278016 0.263062
0 0.865723 0.251501 0.248776 0.252177
0 0.684302 0.755089 0.370827 0.338993
0 0.518031 0.119093 0.156686 0.117923
0 0.651106 0.37592 0.150783 0.165724
0 0.934351 0.481206 0.118931 0.0871482
0 0.550414 0.410675 0.0964554 0.135117
0 0.730974 0.721644 0.382265 0.405078
0 0.320169 0.219267 0.191142 0.288262
0 0.211381 0.626274 0.382517 0.375654
0 0.915227 0.485753 0.160199 0.119012
0 0.567785 0.322994 0.356229 0.345367
0 0.316723 0.265667 0.276483 0.385495
0 0.85442 0.114396 0.214598 0.228792
0 0.116389 0.331582 0.227279 0.341153
0 0.881679 0.256446 0.185711 0.318098
0 0.49301 0.263879 0.202123 0.236776
0 0.216056 0.643424 0.383054 0.455841
0 0.768737 0.91125 0.192079 0.177499
0 0.713103 0.772751 0.458876 0.412593
0 0.652732 0.738812 0.343505 0.354174
0 0.916293 0.618296 0.143726 0.127652
0 0.775636 0.73347 0.448729 0.415839
