0 0.675935 0.277803 0.163739 0.129866
0 0.754676 0.517904 0.124477 0.0887069
0 0.928579 0.811355 0.142842 0.239379
0 0.492865 0.141369 0.179027 0.178844
0 0.1445 0.0425948 0.0944075 0.0822311
0 0.143685 0.0312444 0.0845414 0.0624888
0 0.0517028 0.279719 0.103406 0.185748
0 0.675935 0.277803 0.163739 0.129866
0 0.754676 0.517904 0.124477 0.0887069
0 0.928579 0.811355 0.142842 0.239379
0 0.492865 0.141369 0.179027 0.178844
0 0.1445 0.0425948 0.0944075 0.0822311
0 0.143685 0.0312444 0.0845414 0.0624888
0 0.0517028 0.279719 0.103406 0.185748
0 0.488867 0.148344 0.1586 0.18258
0 0.758017 0.522272 0.129767 0.0991655
0 0.680721 0.278093 0.142183 0.112701
0 0.793554 0.257565 0.0963013 0.0810581
0 0.928818 0.821842 0.139201 0.216449
0 0.100106 0.358621 0.038344 0.0586646
0 0.702114 0.362167 0.0910984 0.102499
0 0.138151 0.0357778 0.0851212 0.0611715
0 0.18578 0.316848 0.0533512 0.0646979
0 0.907175 0.264111 0.12093 0.127723
0 0.403083 0.687018 0.0784987 0.116931
