0 0.129356 0.283878 0.248809 0.217245
0 0.55135 0.452123 0.351859 0.324411
0 0.775181 0.449002 0.118513 0.313727
0 0.899809 0.177357 0.168498 0.113284
0 0.723128 0.0541621 0.135743 0.108324
0 0.735339 0.273158 0.133097 0.117974
0 0.44659 0.111788 0.128003 0.094455
0 0.129702 0.916875 0.192501 0.16625
0 0.153224 0.423285 0.265389 0.199493
0 0.877598 0.61109 0.122844 0.163289
0 0.195769 0.431766 0.154345 0.182387
0 0.556501 0.468148 0.459566 0.423403
0 0.651071 0.0659007 0.153118 0.131801
0 0.233977 0.306795 0.086815 0.0688757
0 0.129356 0.283878 0.248809 0.217245
0 0.55135 0.452123 0.351859 0.324411
0 0.775181 0.449002 0.118513 0.313727
0 0.899809 0.177357 0.168498 0.113284
0 0.723128 0.0541621 0.135743 0.108324
0 0.735339 0.273158 0.133097 0.117974
0 0.44659 0.111788 0.128003 0.094455
0 0.129702 0.916875 0.192501 0.16625
0 0.153224 0.423285 0.265389 0.199493
0 0.877598 0.61109 0.122844 0.163289
0 0.195769 0.431766 0.154345 0.182387
0 0.556501 0.468148 0.459566 0.423403
0 0.651071 0.0659007 0.153118 0.131801
0 0.233977 0.306795 0.086815 0.0688757
0 0.134276 0.283642 0.251356 0.235782
0 0.543808 0.448553 0.355211 0.259481
0 0.184947 0.424508 0.178044 0.215112
0 0.768474 0.458846 0.109396 0.324954
0 0.960703 0.899492 0.0785933 0.201015
0 0.729548 0.281192 0.12318 0.118469
0 0.0538036 0.144039 0.10439 0.143587
0 0.891197 0.177688 0.169613 0.107304
0 0.339192 0.137989 0.088008 0.059486
0 0.643186 0.0789997 0.12812 0.157999
0 0.556629 0.401796 0.338788 0.380803
