0 0.781388 0.807722 0.190753 0.275583
0 0.341268 0.733981 0.253372 0.275061
0 0.294618 0.51264 0.182484 0.190442
0 0.926957 0.810553 0.146086 0.242086
0 0.628904 0.91956 0.179586 0.160881
0 0.0538468 0.562253 0.10402 0.236775
0 0.747225 0.608 0.149999 0.218445
0 0.396376 0.420257 0.0949467 0.130669
0 0.608823 0.454411 0.0888206 0.166266
0 0.236463 0.14462 0.130895 0.107383
0 0.551496 0.693031 0.0970544 0.145384
0 0.471716 0.0708368 0.0842419 0.0874683
0 0.979524 0.568687 0.0390503 0.131195
0 0.438065 0.30514 0.129797 0.154898
0 0.79263 0.310612 0.0866743 0.173969
0 0.877031 0.357792 0.120056 0.143405
0 0.671192 0.403495 0.064851 0.108338
0 0.0946198 0.969829 0.18924 0.0603423
0 0.974861 0.327884 0.0450638 0.132936
0 0.979772 0.479842 0.0365986 0.12877
0 0.0859342 0.36563 0.171868 0.209489
0 0.730518 0.437191 0.0787642 0.155572
0 0.858386 0.641367 0.110036 0.0817618
0 0.781388 0.807722 0.190753 0.275583
0 0.341268 0.733981 0.253372 0.275061
0 0.294618 0.51264 0.182484 0.190442
0 0.926957 0.810553 0.146086 0.242086
0 0.628904 0.91956 0.179586 0.160881
0 0.0538468 0.562253 0.10402 0.236775
0 0.747225 0.608 0.149999 0.218445
0 0.396376 0.420257 0.0949467 0.130669
0 0.608823 0.454411 0.0888206 0.166266
0 0.236463 0.14462 0.130895 0.107383
0 0.551496 0.693031 0.0970544 0.145384
0 0.471716 0.0708368 0.0842419 0.0874683
0 0.979524 0.568687 0.0390503 0.131195
0 0.438065 0.30514 0.129797 0.154898
0 0.79263 0.310612 0.0866743 0.173969
0 0.877031 0.357792 0.120056 0.143405
0 0.671192 0.403495 0.064851 0.108338
0 0.0946198 0.969829 0.18924 0.0603423
0 0.974861 0.327884 0.0450638 0.132936
0 0.979772 0.479842 0.0365986 0.12877
0 0.0859342 0.36563 0.171868 0.209489
0 0.730518 0.437191 0.0787642 0.155572
0 0.858386 0.641367 0.110036 0.0817618
0 0.337697 0.72613 0.259534 0.284517
0 0.303019 0.507924 0.196355 0.173163
0 0.784125 0.804985 0.191271 0.267755
0 0.63283 0.921747 0.174965 0.156506
0 0.645718 0.292119 0.0972207 0.118624
0 0.760358 0.621607 0.177658 0.256002
0 0.0553815 0.555164 0.108076 0.223582
0 0.869047 0.35675 0.100837 0.127563
0 0.913901 0.816925 0.168372 0.27023
0 0.0823076 0.354978 0.164615 0.161078
0 0.793411 0.306774 0.0952929 0.184215
0 0.404342 0.423444 0.105925 0.13382
0 0.279111 0.244494 0.0980262 0.109995
