0 0.711715 0.587666 0.202252 0.283916
0 0.54431 0.445158 0.194757 0.260923
0 0.202627 0.427668 0.183368 0.206088
0 0.946879 0.780604 0.106243 0.198827
0 0.0592196 0.390692 0.110848 0.168452
0 0.278555 0.742815 0.321062 0.390576
0 0.676421 0.787285 0.0934336 0.19314
0 0.896786 0.498526 0.206428 0.197646
0 0.139212 0.391532 0.0881871 0.172176
0 0.3099 0.772699 0.433325 0.454603
0 0.0609483 0.688222 0.121796 0.200273
0 0.891904 0.395924 0.111735 0.0816791
0 0.895074 0.496366 0.16998 0.163707
0 0.830506 0.571253 0.114306 0.105722
0 0.382412 0.331354 0.0395661 0.0976421
0 0.457592 0.501082 0.0880762 0.112717
0 0.808151 0.200602 0.109215 0.0905647
0 0.711715 0.587666 0.202252 0.283916
0 0.54431 0.445158 0.194757 0.260923
0 0.202627 0.427668 0.183368 0.206088
0 0.946879 0.780604 0.106243 0.198827
0 0.0592196 0.390692 0.110848 0.168452
0 0.278555 0.742815 0.321062 0.390576
0 0.676421 0.787285 0.0934336 0.19314
0 0.896786 0.498526 0.206428 0.197646
0 0.139212 0.391532 0.0881871 0.172176
0 0.3099 0.772699 0.433325 0.454603
0 0.0609483 0.688222 0.121796 0.200273
0 0.891904 0.395924 0.111735 0.0816791
0 0.895074 0.496366 0.16998 0.163707
0 0.830506 0.571253 0.114306 0.105722
0 0.382412 0.331354 0.0395661 0.0976421
0 0.457592 0.501082 0.0880762 0.112717
0 0.808151 0.200602 0.109215 0.0905647
0 0.196625 0.444542 0.197338 0.224985
0 0.525926 0.453091 0.191123 0.263534
0 0.711928 0.593202 0.211078 0.282385
0 0.138106 0.393923 0.0955236 0.180406
0 0.680168 0.781001 0.0894604 0.180978
0 0.056621 0.395736 0.113242 0.18225
0 0.949718 0.772071 0.0966177 0.160835
0 0.889172 0.514624 0.207616 0.204974
0 0.28268 0.76529 0.415013 0.454718
0 0.182684 0.180295 0.0737644 0.0583487
0 0.771566 0.396305 0.0959278 0.0709137
