0 0.56296 0.291189 0.295454 0.282671
0 0.824972 0.501208 0.350057 0.330263
0 0.46836 0.141915 0.127381 0.113728
0 0.416978 0.257399 0.118873 0.17093
0 0.812433 0.510255 0.375135 0.402274
0 0.971915 0.176991 0.0553879 0.154836
0 0.56296 0.291189 0.295454 0.282671
0 0.824972 0.501208 0.350057 0.330263
0 0.46836 0.141915 0.127381 0.113728
0 0.416978 0.257399 0.118873 0.17093
0 0.812433 0.510255 0.375135 0.402274
0 0.971915 0.176991 0.0553879 0.154836
0 0.588738 0.300078 0.244719 0.33149
0 0.923956 0.367779 0.152088 0.143836
0 0.464068 0.141589 0.14815 0.126041
0 0.84196 0.519481 0.316081 0.361376
0 0.420254 0.254616 0.123752 0.165311
0 0.656365 0.21177 0.0703897 0.0717758
