0 0.889835 0.872961 0.2122 0.254079
0 0.3259 0.154654 0.200462 0.228805
0 0.817548 0.612833 0.123866 0.204234
0 0.447307 0.431849 0.0603064 0.1249
0 0.644189 0.334279 0.119537 0.0890396
0 0.506958 0.250356 0.0964829 0.107462
0 0.319099 0.134711 0.176836 0.163143
0 0.193156 0.118787 0.053552 0.119178
0 0.0473152 0.531841 0.0925377 0.298982
0 0.545836 0.189683 0.0719774 0.107091
0 0.889835 0.872961 0.2122 0.254079
0 0.3259 0.154654 0.200462 0.228805
0 0.817548 0.612833 0.123866 0.204234
0 0.447307 0.431849 0.0603064 0.1249
0 0.644189 0.334279 0.119537 0.0890396
0 0.506958 0.250356 0.0964829 0.107462
0 0.319099 0.134711 0.176836 0.163143
0 0.193156 0.118787 0.053552 0.119178
0 0.0473152 0.531841 0.0925377 0.298982
0 0.545836 0.189683 0.0719774 0.107091
0 0.816351 0.61018 0.134667 0.194222
0 0.914322 0.390506 0.099889 0.0781923
0 0.894957 0.872787 0.210087 0.254427
0 0.327807 0.167046 0.209151 0.245185
0 0.447695 0.415854 0.051682 0.131182
0 0.643576 0.343204 0.127143 0.102985
0 0.0368366 0.453141 0.0726136 0.127169
