0 0.81115 0.640702 0.159023 0.143285
0 0.823906 0.875279 0.352188 0.249443
0 0.215821 0.697604 0.329509 0.266125
0 0.835635 0.217723 0.328731 0.363208
0 0.408817 0.308727 0.289941 0.193926
0 0.168361 0.203969 0.138033 0.127288
0 0.370107 0.287805 0.359942 0.242805
0 0.169143 0.0954671 0.222408 0.180489
0 0.190554 0.715077 0.381108 0.336375
0 0.360187 0.249801 0.301209 0.279122
0 0.800798 0.256872 0.398404 0.466473
0 0.767435 0.879022 0.37502 0.241956
0 0.0483758 0.729083 0.0913694 0.1884
0 0.81115 0.640702 0.159023 0.143285
0 0.823906 0.875279 0.352188 0.249443
0 0.215821 0.697604 0.329509 0.266125
0 0.835635 0.217723 0.328731 0.363208
0 0.408817 0.308727 0.289941 0.193926
0 0.168361 0.203969 0.138033 0.127288
0 0.370107 0.287805 0.359942 0.242805
0 0.169143 0.0954671 0.222408 0.180489
0 0.190554 0.715077 0.381108 0.336375
0 0.360187 0.249801 0.301209 0.279122
0 0.800798 0.256872 0.398404 0.466473
0 0.767435 0.879022 0.37502 0.241956
0 0.0483758 0.729083 0.0913694 0.1884
0 0.805867 0.643952 0.191895 0.145164
0 0.79925 0.874926 0.4015 0.250148
0 0.172992 0.701738 0.338852 0.246553
0 0.154213 0.234016 0.308426 0.37848
0 0.816634 0.266726 0.366732 0.449785
0 0.838918 0.079052 0.203455 0.158104
0 0.0814875 0.529034 0.162975 0.265932
0 0.20103 0.710247 0.402059 0.301001
0 0.502489 0.40464 0.115611 0.161883
0 0.465437 0.912009 0.138238 0.166359
0 0.365721 0.30115 0.38691 0.32474
