0 0.905065 0.123271 0.162994 0.11058
0 0.198221 0.358307 0.190101 0.226422
0 0.760567 0.239225 0.121456 0.094277
0 0.620334 0.410655 0.322912 0.283623
0 0.769961 0.498263 0.106553 0.172835
0 0.757361 0.366746 0.108861 0.143301
0 0.317566 0.093958 0.0963637 0.0673552
0 0.0975826 0.224324 0.19011 0.230438
0 0.489984 0.0794912 0.12421 0.127964
0 0.57624 0.39269 0.355813 0.384168
0 0.713032 0.123769 0.109328 0.0937902
0 0.888084 0.566781 0.141625 0.134082
0 0.905065 0.123271 0.162994 0.11058
0 0.198221 0.358307 0.190101 0.226422
0 0.760567 0.239225 0.121456 0.094277
0 0.620334 0.410655 0.322912 0.283623
0 0.769961 0.498263 0.106553 0.172835
0 0.757361 0.366746 0.108861 0.143301
0 0.317566 0.093958 0.0963637 0.0673552
0 0.0975826 0.224324 0.19011 0.230438
0 0.489984 0.0794912 0.12421 0.127964
0 0.57624 0.39269 0.355813 0.384168
0 0.713032 0.123769 0.109328 0.0937902
0 0.888084 0.566781 0.141625 0.134082
0 0.622785 0.413878 0.317161 0.264076
0 0.758032 0.243144 0.124534 0.0900744
0 0.321035 0.0970372 0.0980785 0.0674214
0 0.175632 0.10267 0.101692 0.090282
0 0.493062 0.0813546 0.124322 0.109909
0 0.111643 0.223031 0.223286 0.207624
0 0.252891 0.274345 0.0724902 0.0620954
0 0.211331 0.384102 0.158246 0.249314
0 0.950682 0.282389 0.0983643 0.137786
0 0.673451 0.916558 0.165727 0.166009
0 0.970033 0.839708 0.0599342 0.196849
0 0.794546 0.539237 0.0478076 0.154635
0 0.901379 0.140401 0.180873 0.135955
