0 0.356603 0.491548 0.115036 0.103101
0 0.0821687 0.646254 0.122352 0.175989
0 0.18224 0.709049 0.119845 0.161376
0 0.647181 0.910284 0.100209 0.179431
0 0.072411 0.922121 0.113085 0.155758
0 0.284385 0.684897 0.0692654 0.210657
0 0.645709 0.784433 0.091279 0.140784
0 0.796095 0.565964 0.0985081 0.115849
0 0.0281844 0.219116 0.0563688 0.0886468
0 0.929821 0.705432 0.121493 0.172265
0 0.293614 0.888979 0.160003 0.222043
0 0.237362 0.516509 0.071299 0.0773834
0 0.184586 0.487814 0.0836145 0.0811791
0 0.356603 0.491548 0.115036 0.103101
0 0.0821687 0.646254 0.122352 0.175989
0 0.18224 0.709049 0.119845 0.161376
0 0.647181 0.910284 0.100209 0.179431
0 0.072411 0.922121 0.113085 0.155758
0 0.284385 0.684897 0.0692654 0.210657
0 0.645709 0.784433 0.091279 0.140784
0 0.796095 0.565964 0.0985081 0.115849
0 0.0281844 0.219116 0.0563688 0.0886468
0 0.929821 0.705432 0.121493 0.172265
0 0.293614 0.888979 0.160003 0.222043
0 0.237362 0.516509 0.071299 0.0773834
0 0.184586 0.487814 0.0836145 0.0811791
0 0.357766 0.492473 0.123618 0.0935686
0 0.0838935 0.64421 0.126184 0.169459
0 0.292585 0.886906 0.165026 0.216144
0 0.184573 0.711375 0.131119 0.165718
0 0.796511 0.565669 0.09797 0.110402
0 0.241179 0.520647 0.075201 0.0730977
0 0.537238 0.931054 0.18532 0.137891
0 0.323641 0.343363 0.130063 0.0966378
0 0.647433 0.80902 0.101444 0.180404
0 0.0655292 0.917733 0.117713 0.162443
0 0.156548 0.248306 0.0740943 0.0610117
0 0.293639 0.688985 0.0668489 0.209275
0 0.528577 0.619849 0.0624979 0.0629203
0 0.182422 0.497585 0.069915 0.0533994
0 0.641944 0.568653 0.0725245 0.140032
0 0.946936 0.322696 0.106128 0.113247
0 0.0649225 0.458362 0.0861776 0.0868138
0 0.646975 0.912119 0.0863014 0.175761
