0 0.143671 0.198525 0.160349 0.133634
0 0.774006 0.659028 0.0845116 0.188278
0 0.641227 0.250624 0.120968 0.187498
0 0.480622 0.130639 0.128368 0.139176
0 0.677617 0.388929 0.0971168 0.234574
0 0.793785 0.839917 0.199612 0.239755
0 0.879242 0.435678 0.124988 0.160261
0 0.114592 0.37643 0.128075 0.124513
0 0.951192 0.65839 0.0830917 0.193599
0 0.667879 0.371379 0.0662655 0.225393
0 0.798421 0.328267 0.0873208 0.0859034
0 0.729997 0.366516 0.0464008 0.103345
0 0.901676 0.448725 0.0960987 0.165679
0 0.143671 0.198525 0.160349 0.133634
0 0.774006 0.659028 0.0845116 0.188278
0 0.641227 0.250624 0.120968 0.187498
0 0.480622 0.130639 0.128368 0.139176
0 0.677617 0.388929 0.0971168 0.234574
0 0.793785 0.839917 0.199612 0.239755
0 0.879242 0.435678 0.124988 0.160261
0 0.114592 0.37643 0.128075 0.124513
0 0.951192 0.65839 0.0830917 0.193599
0 0.667879 0.371379 0.0662655 0.225393
0 0.798421 0.328267 0.0873208 0.0859034
0 0.729997 0.366516 0.0464008 0.103345
0 0.901676 0.448725 0.0960987 0.165679
0 0.485464 0.139666 0.142794 0.174376
0 0.141155 0.200196 0.184324 0.157942
0 0.955248 0.654603 0.0766504 0.165324
0 0.650983 0.253709 0.116946 0.215041
0 0.0823958 0.095938 0.100757 0.141603
0 0.882226 0.438699 0.131826 0.147557
0 0.802172 0.828047 0.205409 0.240186
0 0.535946 0.261516 0.0853413 0.257871
0 0.782767 0.661044 0.0697098 0.185426
0 0.195615 0.437487 0.0900635 0.118649
0 0.33533 0.544294 0.0599439 0.132115
0 0.0474139 0.569082 0.0948278 0.174389
