0 0.877373 0.0841692 0.170621 0.154856
0 0.743097 0.470186 0.0965741 0.259571
0 0.930355 0.479673 0.13929 0.199024
0 0.837056 0.26153 0.147494 0.112845
0 0.630178 0.0553637 0.159761 0.110727
0 0.836166 0.553455 0.101024 0.176711
0 0.936705 0.93781 0.12659 0.124379
0 0.666145 0.317806 0.127138 0.117896
0 0.125774 0.386885 0.246588 0.272342
0 0.390098 0.509477 0.343364 0.33915
0 0.0500782 0.106077 0.0981597 0.165665
0 0.499505 0.0507079 0.0669654 0.0912932
0 0.603583 0.0884317 0.183047 0.176863
0 0.400378 0.273362 0.125112 0.134386
0 0.877373 0.0841692 0.170621 0.154856
0 0.743097 0.470186 0.0965741 0.259571
0 0.930355 0.479673 0.13929 0.199024
0 0.837056 0.26153 0.147494 0.112845
0 0.630178 0.0553637 0.159761 0.110727
0 0.836166 0.553455 0.101024 0.176711
0 0.936705 0.93781 0.12659 0.124379
0 0.666145 0.317806 0.127138 0.117896
0 0.125774 0.386885 0.246588 0.272342
0 0.390098 0.509477 0.343364 0.33915
0 0.0500782 0.106077 0.0981597 0.165665
0 0.499505 0.0507079 0.0669654 0.0912932
0 0.603583 0.0884317 0.183047 0.176863
0 0.400378 0.273362 0.125112 0.134386
0 0.835749 0.269712 0.136054 0.111427
0 0.134953 0.427281 0.237231 0.366198
0 0.93552 0.945664 0.125808 0.108672
0 0.883634 0.0873275 0.174373 0.151553
0 0.740595 0.470213 0.0973681 0.23984
0 0.936324 0.466548 0.127353 0.158159
0 0.661097 0.320891 0.122844 0.11274
0 0.423493 0.495041 0.291119 0.3469
0 0.635314 0.0534856 0.137639 0.106971
0 0.497089 0.0482626 0.0734083 0.0796924
0 0.0500435 0.119635 0.100087 0.161273
0 0.837708 0.562835 0.0923458 0.113228
0 0.624856 0.132194 0.098534 0.160372
0 0.949647 0.575491 0.0986397 0.101634
0 0.36068 0.183187 0.102307 0.119516
