0 0.782497 0.676569 0.247899 0.283436
0 0.498026 0.288055 0.120153 0.125481
0 0.322295 0.0983212 0.120976 0.106556
0 0.128646 0.66695 0.237696 0.171894
0 0.5436 0.462478 0.132207 0.138471
0 0.361598 0.547404 0.313723 0.287115
0 0.657997 0.208342 0.109293 0.105941
0 0.561284 0.0668947 0.212145 0.133789
0 0.871932 0.132242 0.111214 0.100038
0 0.0563756 0.0541978 0.108473 0.0846277
0 0.374756 0.84899 0.109736 0.297348
0 0.935204 0.369206 0.112863 0.162834
0 0.966418 0.590642 0.050347 0.155376
0 0.533014 0.452713 0.120069 0.113324
0 0.180522 0.0756417 0.0515907 0.0576006
0 0.902798 0.487936 0.0698162 0.0815299
0 0.510567 0.0423008 0.129569 0.0846016
0 0.782497 0.676569 0.247899 0.283436
0 0.498026 0.288055 0.120153 0.125481
0 0.322295 0.0983212 0.120976 0.106556
0 0.128646 0.66695 0.237696 0.171894
0 0.5436 0.462478 0.132207 0.138471
0 0.361598 0.547404 0.313723 0.287115
0 0.657997 0.208342 0.109293 0.105941
0 0.561284 0.0668947 0.212145 0.133789
0 0.871932 0.132242 0.111214 0.100038
0 0.0563756 0.0541978 0.108473 0.0846277
0 0.374756 0.84899 0.109736 0.297348
0 0.935204 0.369206 0.112863 0.162834
0 0.966418 0.590642 0.050347 0.155376
0 0.533014 0.452713 0.120069 0.113324
0 0.180522 0.0756417 0.0515907 0.0576006
0 0.902798 0.487936 0.0698162 0.0815299
0 0.510567 0.0423008 0.129569 0.0846016
0 0.786389 0.698295 0.246034 0.277879
0 0.320485 0.104316 0.140433 0.119071
0 0.156932 0.651276 0.186247 0.157315
0 0.489189 0.290193 0.121115 0.123711
0 0.65322 0.215255 0.12117 0.120449
0 0.550998 0.0514107 0.184176 0.102821
0 0.369009 0.841048 0.117729 0.317904
0 0.349027 0.569228 0.329809 0.361059
0 0.533394 0.458204 0.128128 0.154995
0 0.861354 0.133733 0.120535 0.0912747
0 0.127872 0.782241 0.123426 0.120077
0 0.639951 0.101259 0.0919252 0.0688096
0 0.529387 0.0989739 0.0935015 0.0595663
0 0.92409 0.374755 0.142421 0.165027
0 0.0575744 0.671565 0.113175 0.219571
0 0.596387 0.311059 0.113933 0.143506
0 0.388026 0.40017 0.0889908 0.138222
