0 0.183808 0.719578 0.102803 0.166174
0 0.691047 0.354383 0.150239 0.119391
0 0.594952 0.911531 0.182083 0.176938
0 0.412861 0.674399 0.263008 0.211472
0 0.906252 0.689751 0.1725 0.196245
0 0.383937 0.813016 0.071715 0.17968
0 0.769113 0.788992 0.0733428 0.120559
0 0.183808 0.719578 0.102803 0.166174
0 0.691047 0.354383 0.150239 0.119391
0 0.594952 0.911531 0.182083 0.176938
0 0.412861 0.674399 0.263008 0.211472
0 0.906252 0.689751 0.1725 0.196245
0 0.383937 0.813016 0.071715 0.17968
0 0.769113 0.788992 0.0733428 0.120559
0 0.188924 0.716516 0.110946 0.173422
0 0.912289 0.689807 0.175423 0.219515
0 0.59943 0.906076 0.183741 0.181657
0 0.414932 0.666395 0.253567 0.193205
0 0.685171 0.357089 0.150003 0.102311
0 0.151848 0.277036 0.0828494 0.0759194
0 0.287079 0.394492 0.0980062 0.0640606
0 0.386681 0.808697 0.076604 0.170544
0 0.767337 0.793299 0.0948931 0.116714
0 0.185598 0.587146 0.0604894 0.0837043
0 0.292082 0.500854 0.105885 0.140378
