0 0.723752 0.611376 0.160555 0.11436
0 0.930506 0.34854 0.134647 0.121778
0 0.912796 0.676812 0.142127 0.122347
0 0.909966 0.482637 0.146212 0.15389
0 0.366307 0.895495 0.202677 0.20901
0 0.0637761 0.467411 0.127552 0.319389
0 0.618794 0.559682 0.0801588 0.114389
0 0.859826 0.227113 0.10823 0.0760653
0 0.35222 0.376038 0.0469863 0.127082
0 0.532172 0.313871 0.0948336 0.131282
0 0.189254 0.0522083 0.0679653 0.0799249
0 0.968767 0.66126 0.058172 0.155883
0 0.723752 0.611376 0.160555 0.11436
0 0.930506 0.34854 0.134647 0.121778
0 0.912796 0.676812 0.142127 0.122347
0 0.909966 0.482637 0.146212 0.15389
0 0.366307 0.895495 0.202677 0.20901
0 0.0637761 0.467411 0.127552 0.319389
0 0.618794 0.559682 0.0801588 0.114389
0 0.859826 0.227113 0.10823 0.0760653
0 0.35222 0.376038 0.0469863 0.127082
0 0.532172 0.313871 0.0948336 0.131282
0 0.189254 0.0522083 0.0679653 0.0799249
0 0.968767 0.66126 0.058172 0.155883
0 0.71866 0.614464 0.172923 0.117381
0 0.90788 0.679195 0.127587 0.107738
0 0.930971 0.349036 0.137455 0.12076
0 0.911294 0.483631 0.158258 0.18476
0 0.363995 0.894966 0.173862 0.210069
0 0.067547 0.472702 0.135094 0.271691
0 0.861821 0.23674 0.0934685 0.065455
0 0.529853 0.315975 0.0945598 0.112149
0 0.906648 0.831452 0.0519802 0.156245
0 0.604374 0.145343 0.0716021 0.0635914
0 0.311059 0.207202 0.0622199 0.07775
0 0.0530447 0.198591 0.103443 0.110372
0 0.970235 0.657997 0.0545034 0.146557
0 0.352291 0.375786 0.0450764 0.11469
