0 0.122276 0.705267 0.233238 0.18253
0 0.172382 0.913634 0.1184 0.172733
0 0.387195 0.702827 0.102738 0.172919
0 0.214158 0.49436 0.189522 0.17955
0 0.335917 0.471525 0.1034 0.167928
0 0.665426 0.384476 0.0919499 0.109512
0 0.95344 0.879767 0.093121 0.138581
0 0.468007 0.665133 0.101092 0.0749707
0 0.560844 0.469311 0.0939545 0.194063
0 0.508416 0.940931 0.115392 0.105236
0 0.787762 0.907063 0.250379 0.185874
0 0.122276 0.705267 0.233238 0.18253
0 0.172382 0.913634 0.1184 0.172733
0 0.387195 0.702827 0.102738 0.172919
0 0.214158 0.49436 0.189522 0.17955
0 0.335917 0.471525 0.1034 0.167928
0 0.665426 0.384476 0.0919499 0.109512
0 0.95344 0.879767 0.093121 0.138581
0 0.468007 0.665133 0.101092 0.0749707
0 0.560844 0.469311 0.0939545 0.194063
0 0.508416 0.940931 0.115392 0.105236
0 0.787762 0.907063 0.250379 0.185874
0 0.204235 0.501568 0.161078 0.164615
0 0.386344 0.703678 0.0893966 0.164223
0 0.335081 0.471944 0.103053 0.133993
0 0.12249 0.708668 0.233349 0.180542
0 0.473136 0.663059 0.100206 0.07149
0 0.66372 0.377554 0.0828288 0.0885869
0 0.553941 0.501336 0.0727895 0.116608
0 0.951826 0.874652 0.0963479 0.138801
