0 0.654932 0.8814 0.221832 0.237201
0 0.518542 0.0738437 0.163812 0.147687
0 0.713813 0.259238 0.132465 0.106118
0 0.3861 0.276232 0.242613 0.197112
0 0.458303 0.762396 0.0983725 0.211129
0 0.0605487 0.203173 0.115447 0.183673
0 0.927429 0.408992 0.120565 0.160692
0 0.433331 0.506727 0.0973623 0.152672
0 0.261465 0.321508 0.117105 0.127737
0 0.129838 0.279833 0.154008 0.101763
0 0.960604 0.317747 0.0786469 0.136512
0 0.753097 0.0471582 0.162353 0.0943165
0 0.654932 0.8814 0.221832 0.237201
0 0.518542 0.0738437 0.163812 0.147687
0 0.713813 0.259238 0.132465 0.106118
0 0.3861 0.276232 0.242613 0.197112
0 0.458303 0.762396 0.0983725 0.211129
0 0.0605487 0.203173 0.115447 0.183673
0 0.927429 0.408992 0.120565 0.160692
0 0.433331 0.506727 0.0973623 0.152672
0 0.261465 0.321508 0.117105 0.127737
0 0.129838 0.279833 0.154008 0.101763
0 0.960604 0.317747 0.0786469 0.136512
0 0.753097 0.0471582 0.162353 0.0943165
0 0.71259 0.256547 0.145239 0.116112
0 0.523105 0.0880311 0.171634 0.176062
0 0.125906 0.286223 0.136725 0.0982201
0 0.428328 0.497545 0.108169 0.160683
0 0.647584 0.880528 0.188876 0.238944
0 0.382837 0.302702 0.223156 0.270532
0 0.251183 0.334499 0.13201 0.143171
0 0.930005 0.405471 0.129202 0.157985
0 0.0496247 0.539175 0.0973977 0.323748
0 0.772022 0.0419762 0.110819 0.0701076
0 0.0597347 0.462683 0.119469 0.159647
