0 0.263506 0.392823 0.12629 0.255647
0 0.637236 0.0945163 0.137327 0.117191
0 0.241957 0.777989 0.223266 0.274252
0 0.567373 0.353549 0.108192 0.248163
0 0.794063 0.550373 0.124711 0.164919
0 0.57219 0.692806 0.129567 0.164302
0 0.135368 0.321462 0.138623 0.205644
0 0.90104 0.338423 0.150354 0.172089
0 0.686001 0.782335 0.0882652 0.232355
0 0.366151 0.681325 0.0945226 0.154307
0 0.864672 0.689342 0.111121 0.160116
0 0.128884 0.341866 0.159964 0.268965
0 0.0890785 0.922059 0.0963834 0.129739
0 0.955821 0.276632 0.0824284 0.124741
0 0.958324 0.53996 0.0721157 0.153961
0 0.0467619 0.973321 0.0935238 0.0533586
0 0.356285 0.554794 0.0896821 0.132961
0 0.0675133 0.0951301 0.128633 0.109936
0 0.865553 0.196232 0.108807 0.105891
0 0.87697 0.51436 0.0603668 0.08092
0 0.479174 0.282973 0.0777937 0.151773
0 0.129752 0.170788 0.121297 0.0982155
0 0.360156 0.26269 0.0691408 0.156306
0 0.0450891 0.718737 0.0859011 0.138443
0 0.263506 0.392823 0.12629 0.255647
0 0.637236 0.0945163 0.137327 0.117191
0 0.241957 0.777989 0.223266 0.274252
0 0.567373 0.353549 0.108192 0.248163
0 0.794063 0.550373 0.124711 0.164919
0 0.57219 0.692806 0.129567 0.164302
0 0.135368 0.321462 0.138623 0.205644
0 0.90104 0.338423 0.150354 0.172089
0 0.686001 0.782335 0.0882652 0.232355
0 0.366151 0.681325 0.0945226 0.154307
0 0.864672 0.689342 0.111121 0.160116
0 0.128884 0.341866 0.159964 0.268965
0 0.0890785 0.922059 0.0963834 0.129739
0 0.955821 0.276632 0.0824284 0.124741
0 0.958324 0.53996 0.0721157 0.153961
0 0.0467619 0.973321 0.0935238 0.0533586
0 0.356285 0.554794 0.0896821 0.132961
0 0.0675133 0.0951301 0.128633 0.109936
0 0.865553 0.196232 0.108807 0.105891
0 0.87697 0.51436 0.0603668 0.08092
0 0.479174 0.282973 0.0777937 0.151773
0 0.129752 0.170788 0.121297 0.0982155
0 0.360156 0.26269 0.0691408 0.156306
0 0.0450891 0.718737 0.0859011 0.138443
0 0.629746 0.11047 0.169643 0.153022
0 0.238768 0.786944 0.236205 0.289729
0 0.898715 0.333417 0.136736 0.15556
0 0.686114 0.783158 0.0956774 0.220484
0 0.797673 0.556706 0.125506 0.163155
0 0.142378 0.323189 0.134492 0.185914
0 0.574197 0.698311 0.127596 0.150722
0 0.263013 0.391314 0.120466 0.265415
0 0.352693 0.549753 0.105503 0.131454
0 0.566842 0.361325 0.102452 0.216805
0 0.868239 0.688014 0.11636 0.155797
0 0.74206 0.413396 0.187569 0.161965
0 0.866463 0.195833 0.10689 0.0935898
0 0.196776 0.121111 0.0788419 0.077968
0 0.788087 0.412476 0.0895947 0.116788
0 0.877643 0.519735 0.0670075 0.0764784
0 0.446318 0.332167 0.093532 0.315317
0 0.84061 0.399547 0.122562 0.13236
0 0.0631072 0.0929218 0.121175 0.0914794
0 0.436244 0.322957 0.0592077 0.291218
0 0.138801 0.167404 0.0924752 0.0652296
