0 0.425741 0.34526 0.181949 0.150982
0 0.578724 0.293535 0.153246 0.14978
0 0.475477 0.723 0.225848 0.39763
0 0.674871 0.561225 0.165506 0.255399
0 0.0602874 0.324981 0.120575 0.139466
0 0.749799 0.0770664 0.0952911 0.0798621
0 0.207167 0.269436 0.0900414 0.212475
0 0.971875 0.391484 0.0562506 0.150919
0 0.907921 0.33357 0.0617677 0.115211
0 0.216204 0.275927 0.0652894 0.194858
0 0.975601 0.528533 0.0487975 0.152265
0 0.284217 0.308337 0.0464786 0.149828
0 0.425741 0.34526 0.181949 0.150982
0 0.578724 0.293535 0.153246 0.14978
0 0.475477 0.723 0.225848 0.39763
0 0.674871 0.561225 0.165506 0.255399
0 0.0602874 0.324981 0.120575 0.139466
0 0.749799 0.0770664 0.0952911 0.0798621
0 0.207167 0.269436 0.0900414 0.212475
0 0.971875 0.391484 0.0562506 0.150919
0 0.907921 0.33357 0.0617677 0.115211
0 0.216204 0.275927 0.0652894 0.194858
0 0.975601 0.528533 0.0487975 0.152265
0 0.284217 0.308337 0.0464786 0.149828
0 0.419562 0.343992 0.14762 0.145375
0 0.57487 0.298006 0.163162 0.164519
0 0.0572336 0.321879 0.114467 0.136003
0 0.547322 0.150513 0.129461 0.107433
0 0.677652 0.558716 0.150709 0.255841
0 0.0561765 0.17262 0.106114 0.0966729
0 0.477707 0.705728 0.232528 0.416102
0 0.184707 0.510854 0.0588072 0.219519
0 0.755167 0.0828024 0.0830903 0.080649
0 0.966839 0.398838 0.0663217 0.164471
0 0.226046 0.418208 0.0515701 0.126743
0 0.511537 0.424014 0.0380086 0.133916
0 0.229392 0.60677 0.0717176 0.172651
0 0.971491 0.509494 0.0570173 0.0735358
