0 0.922909 0.875817 0.147793 0.194171
0 0.790038 0.889815 0.140569 0.211253
0 0.73114 0.685084 0.0889833 0.0881742
0 0.625768 0.871868 0.0901773 0.167232
0 0.406242 0.784171 0.0499039 0.16319
0 0.565883 0.669291 0.115834 0.127502
0 0.670664 0.532945 0.126344 0.141184
0 0.239635 0.4622 0.127056 0.159826
0 0.531298 0.851285 0.0594351 0.135985
0 0.172616 0.401623 0.0908117 0.0740241
0 0.587952 0.54318 0.101031 0.160939
0 0.445185 0.579975 0.0582022 0.115273
0 0.39715 0.621959 0.0389854 0.144644
0 0.798211 0.583806 0.0982212 0.107974
0 0.439408 0.42517 0.0721968 0.129805
0 0.336366 0.457428 0.101147 0.114806
0 0.0467449 0.569262 0.0934898 0.196693
0 0.253247 0.644633 0.0975169 0.149932
0 0.719626 0.447304 0.0773055 0.10968
0 0.403455 0.628075 0.0455063 0.156587
0 0.575136 0.343752 0.0990711 0.0814891
0 0.324443 0.50991 0.0857884 0.0811233
0 0.658946 0.523033 0.107453 0.115566
0 0.922909 0.875817 0.147793 0.194171
0 0.790038 0.889815 0.140569 0.211253
0 0.73114 0.685084 0.0889833 0.0881742
0 0.625768 0.871868 0.0901773 0.167232
0 0.406242 0.784171 0.0499039 0.16319
0 0.565883 0.669291 0.115834 0.127502
0 0.670664 0.532945 0.126344 0.141184
0 0.239635 0.4622 0.127056 0.159826
0 0.531298 0.851285 0.0594351 0.135985
0 0.172616 0.401623 0.0908117 0.0740241
0 0.587952 0.54318 0.101031 0.160939
0 0.445185 0.579975 0.0582022 0.115273
0 0.39715 0.621959 0.0389854 0.144644
0 0.798211 0.583806 0.0982212 0.107974
0 0.439408 0.42517 0.0721968 0.129805
0 0.336366 0.457428 0.101147 0.114806
0 0.0467449 0.569262 0.0934898 0.196693
0 0.253247 0.644633 0.0975169 0.149932
0 0.719626 0.447304 0.0773055 0.10968
0 0.403455 0.628075 0.0455063 0.156587
0 0.575136 0.343752 0.0990711 0.0814891
0 0.324443 0.50991 0.0857884 0.0811233
0 0.658946 0.523033 0.107453 0.115566
0 0.729268 0.687579 0.0972702 0.0757292
0 0.921559 0.872502 0.156882 0.254099
0 0.668382 0.537066 0.139035 0.138382
0 0.566289 0.6716 0.120428 0.1165
0 0.791091 0.877974 0.142052 0.211952
0 0.628654 0.865966 0.0795574 0.173586
0 0.239651 0.470107 0.141832 0.178883
0 0.247699 0.641319 0.0913243 0.129892
0 0.157089 0.470133 0.0857461 0.0863188
0 0.0438396 0.5547 0.0864063 0.142256
0 0.591397 0.549863 0.096974 0.177001
0 0.536773 0.855384 0.0579294 0.138517
0 0.16921 0.407097 0.0944086 0.0646869
0 0.761932 0.774294 0.116793 0.128923
0 0.32918 0.203361 0.0720675 0.0577227
0 0.7115 0.443034 0.0881184 0.119109
0 0.405066 0.787846 0.0505675 0.158832
0 0.866349 0.756788 0.0661716 0.0542063
0 0.405605 0.680938 0.0659954 0.28164
0 0.797692 0.59034 0.0964565 0.0752179
0 0.352348 0.468723 0.0323277 0.107856
