0 0.635689 0.413845 0.318328 0.394894
0 0.438451 0.36364 0.212528 0.177865
0 0.4642 0.926405 0.223267 0.147191
0 0.791511 0.171854 0.139826 0.1648
0 0.276988 0.456904 0.210954 0.14681
0 0.659618 0.110237 0.139606 0.109691
0 0.114962 0.19024 0.140146 0.0987848
0 0.635689 0.413845 0.318328 0.394894
0 0.438451 0.36364 0.212528 0.177865
0 0.4642 0.926405 0.223267 0.147191
0 0.791511 0.171854 0.139826 0.1648
0 0.276988 0.456904 0.210954 0.14681
0 0.659618 0.110237 0.139606 0.109691
0 0.114962 0.19024 0.140146 0.0987848
0 0.653688 0.407558 0.301954 0.388379
0 0.439052 0.365773 0.216873 0.196305
0 0.287118 0.454414 0.19715 0.15323
0 0.65505 0.113521 0.143407 0.107121
0 0.462892 0.920358 0.23228 0.159284
0 0.791685 0.171616 0.142208 0.14358
