0 0.228305 0.725663 0.0886959 0.16239
0 0.867067 0.614214 0.10877 0.119539
0 0.699272 0.813735 0.0883339 0.137669
0 0.131954 0.657965 0.100719 0.150871
0 0.385546 0.774928 0.0805568 0.256643
0 0.397756 0.51065 0.0912909 0.0842039
0 0.28062 0.526622 0.0790517 0.0721677
0 0.216181 0.489726 0.0982575 0.0816563
0 0.385079 0.891427 0.0920837 0.217147
0 0.953013 0.705987 0.0939741 0.132022
0 0.564437 0.662532 0.0865644 0.125168
0 0.0607941 0.690319 0.118153 0.129276
0 0.228305 0.725663 0.0886959 0.16239
0 0.867067 0.614214 0.10877 0.119539
0 0.699272 0.813735 0.0883339 0.137669
0 0.131954 0.657965 0.100719 0.150871
0 0.385546 0.774928 0.0805568 0.256643
0 0.397756 0.51065 0.0912909 0.0842039
0 0.28062 0.526622 0.0790517 0.0721677
0 0.216181 0.489726 0.0982575 0.0816563
0 0.385079 0.891427 0.0920837 0.217147
0 0.953013 0.705987 0.0939741 0.132022
0 0.564437 0.662532 0.0865644 0.125168
0 0.0607941 0.690319 0.118153 0.129276
0 0.281455 0.529718 0.0799196 0.0666116
0 0.234985 0.733087 0.0899331 0.179389
0 0.400973 0.51345 0.0910877 0.0816766
0 0.702412 0.807132 0.0982259 0.138966
0 0.134967 0.661153 0.113026 0.156281
0 0.874265 0.613222 0.104942 0.105161
0 0.38237 0.893326 0.0880409 0.213348
0 0.0621688 0.221188 0.118337 0.0701613
0 0.392403 0.755899 0.0847087 0.209775
0 0.221163 0.49684 0.0761252 0.0572945
0 0.727539 0.601255 0.0511533 0.178567
0 0.210496 0.949308 0.112417 0.101384
0 0.251708 0.323047 0.097204 0.0691081
0 0.0678099 0.267296 0.104601 0.0510703
0 0.234063 0.947747 0.171394 0.104507
0 0.526241 0.423572 0.0700003 0.0698807
