0 0.506089 0.472066 0.216281 0.22667
0 0.763469 0.902501 0.159082 0.194998
0 0.960141 0.805227 0.0762021 0.204251
0 0.881646 0.771958 0.065097 0.171727
0 0.791423 0.77731 0.0921461 0.192025
0 0.499302 0.277639 0.139801 0.165893
0 0.9353 0.622309 0.0933083 0.0829102
0 0.105364 0.0895904 0.202121 0.179181
0 0.0946347 0.973303 0.168465 0.0533937
0 0.150371 0.245468 0.105904 0.121762
0 0.929199 0.554243 0.0960314 0.101153
0 0.794104 0.432897 0.080808 0.102114
0 0.683242 0.54779 0.0605127 0.15463
0 0.506089 0.472066 0.216281 0.22667
0 0.763469 0.902501 0.159082 0.194998
0 0.960141 0.805227 0.0762021 0.204251
0 0.881646 0.771958 0.065097 0.171727
0 0.791423 0.77731 0.0921461 0.192025
0 0.499302 0.277639 0.139801 0.165893
0 0.9353 0.622309 0.0933083 0.0829102
0 0.105364 0.0895904 0.202121 0.179181
0 0.0946347 0.973303 0.168465 0.0533937
0 0.150371 0.245468 0.105904 0.121762
0 0.929199 0.554243 0.0960314 0.101153
0 0.794104 0.432897 0.080808 0.102114
0 0.683242 0.54779 0.0605127 0.15463
0 0.481268 0.499138 0.255363 0.281243
0 0.486416 0.282764 0.129782 0.179076
0 0.507926 0.480874 0.208387 0.243694
0 0.0791061 0.0804259 0.135049 0.160852
0 0.965896 0.810416 0.0682079 0.204213
0 0.883065 0.764184 0.051405 0.164483
0 0.160274 0.047029 0.0941151 0.0821187
0 0.648454 0.503348 0.124844 0.330333
0 0.761519 0.899858 0.183029 0.200284
0 0.183729 0.219404 0.0579711 0.108453
0 0.3831 0.746164 0.0469509 0.0824459
0 0.793603 0.787707 0.0881087 0.224098
