0 0.808288 0.769892 0.145794 0.211148
0 0.896895 0.677211 0.119864 0.185341
0 0.90654 0.423625 0.18692 0.14994
0 0.488897 0.12489 0.116384 0.0892377
0 0.353242 0.588403 0.0509006 0.129232
0 0.940908 0.20218 0.118185 0.0871667
0 0.157006 0.391873 0.181149 0.10478
0 0.623183 0.526993 0.0840138 0.124385
0 0.779504 0.482018 0.122443 0.124181
0 0.512477 0.457142 0.0407722 0.0960847
0 0.976045 0.549332 0.0458945 0.137797
0 0.808288 0.769892 0.145794 0.211148
0 0.896895 0.677211 0.119864 0.185341
0 0.90654 0.423625 0.18692 0.14994
0 0.488897 0.12489 0.116384 0.0892377
0 0.353242 0.588403 0.0509006 0.129232
0 0.940908 0.20218 0.118185 0.0871667
0 0.157006 0.391873 0.181149 0.10478
0 0.623183 0.526993 0.0840138 0.124385
0 0.779504 0.482018 0.122443 0.124181
0 0.512477 0.457142 0.0407722 0.0960847
0 0.976045 0.549332 0.0458945 0.137797
0 0.804238 0.770376 0.138863 0.205019
0 0.905698 0.431286 0.188604 0.155662
0 0.899728 0.67569 0.122193 0.185796
0 0.15878 0.394736 0.182217 0.119237
0 0.777684 0.482301 0.119605 0.127137
0 0.943233 0.207739 0.113534 0.0746772
0 0.48911 0.12185 0.105185 0.0703581
0 0.903823 0.541937 0.0751579 0.0615918
0 0.625134 0.524188 0.0699952 0.10489
0 0.510563 0.569361 0.12141 0.147373
0 0.396116 0.381916 0.0821234 0.060942
