0 0.899257 0.491104 0.135442 0.13008
0 0.739276 0.414214 0.104489 0.170463
0 0.235996 0.298661 0.0906267 0.0872401
0 0.43761 0.317824 0.10336 0.144656
0 0.204808 0.0814765 0.185115 0.11822
0 0.474835 0.145344 0.0875023 0.0657408
0 0.725144 0.256972 0.0911678 0.0834432
0 0.631223 0.238953 0.0641903 0.0754135
0 0.899257 0.491104 0.135442 0.13008
0 0.739276 0.414214 0.104489 0.170463
0 0.235996 0.298661 0.0906267 0.0872401
0 0.43761 0.317824 0.10336 0.144656
0 0.204808 0.0814765 0.185115 0.11822
0 0.474835 0.145344 0.0875023 0.0657408
0 0.725144 0.256972 0.0911678 0.0834432
0 0.631223 0.238953 0.0641903 0.0754135
0 0.206093 0.0882214 0.188456 0.125407
0 0.893108 0.485916 0.129497 0.131878
0 0.432975 0.316503 0.0962557 0.135837
0 0.73817 0.416134 0.0893038 0.162658
0 0.242955 0.299368 0.101365 0.0707593
0 0.466647 0.142229 0.0617072 0.06373
0 0.341156 0.179323 0.0657141 0.0845166
0 0.722246 0.258324 0.0870236 0.0789456
0 0.76659 0.774608 0.114496 0.371982
0 0.627865 0.240228 0.0585434 0.0587353
