0 0.655813 0.861404 0.14907 0.231258
0 0.471766 0.820182 0.21934 0.338672
0 0.207996 0.601763 0.163181 0.188705
0 0.281756 0.364296 0.149838 0.130261
0 0.564339 0.645764 0.129489 0.233873
0 0.520416 0.729682 0.161583 0.352574
0 0.514309 0.725013 0.16251 0.237842
0 0.484075 0.768878 0.217388 0.447583
0 0.154766 0.717639 0.255958 0.157748
0 0.694042 0.355659 0.0904873 0.0687527
0 0.760833 0.435911 0.103285 0.122765
0 0.26992 0.204001 0.0911253 0.0935435
0 0.127341 0.321894 0.103232 0.0996199
0 0.628207 0.62964 0.067333 0.149308
0 0.635618 0.645027 0.0835814 0.193956
0 0.317556 0.513034 0.0943872 0.150615
0 0.0978561 0.232445 0.122137 0.0843981
0 0.410287 0.505528 0.0597353 0.147103
0 0.900149 0.387791 0.0572877 0.152657
0 0.655813 0.861404 0.14907 0.231258
0 0.471766 0.820182 0.21934 0.338672
0 0.207996 0.601763 0.163181 0.188705
0 0.281756 0.364296 0.149838 0.130261
0 0.564339 0.645764 0.129489 0.233873
0 0.520416 0.729682 0.161583 0.352574
0 0.514309 0.725013 0.16251 0.237842
0 0.484075 0.768878 0.217388 0.447583
0 0.154766 0.717639 0.255958 0.157748
0 0.694042 0.355659 0.0904873 0.0687527
0 0.760833 0.435911 0.103285 0.122765
0 0.26992 0.204001 0.0911253 0.0935435
0 0.127341 0.321894 0.103232 0.0996199
0 0.628207 0.62964 0.067333 0.149308
0 0.635618 0.645027 0.0835814 0.193956
0 0.317556 0.513034 0.0943872 0.150615
0 0.0978561 0.232445 0.122137 0.0843981
0 0.410287 0.505528 0.0597353 0.147103
0 0.900149 0.387791 0.0572877 0.152657
0 0.558311 0.638378 0.127329 0.202394
0 0.516695 0.729574 0.162305 0.236343
0 0.257866 0.377944 0.202566 0.165745
0 0.756517 0.440954 0.108468 0.132686
0 0.693635 0.360463 0.0883829 0.0637857
0 0.470961 0.832233 0.198102 0.269367
0 0.710647 0.684692 0.111407 0.199482
0 0.204211 0.59585 0.156019 0.207958
0 0.674837 0.861807 0.187359 0.231709
0 0.164857 0.705183 0.257974 0.310718
0 0.625854 0.613678 0.0576822 0.127701
0 0.320559 0.49687 0.107906 0.11597
0 0.0946682 0.235779 0.114978 0.0801421
0 0.737118 0.823595 0.118622 0.115329
0 0.957336 0.652904 0.0853283 0.1576
0 0.438924 0.326605 0.0629831 0.0875228
