0 0.628878 0.468737 0.132779 0.0954258
0 0.91835 0.848188 0.153704 0.303624
0 0.463749 0.289989 0.129568 0.185112
0 0.643665 0.31697 0.118654 0.144526
0 0.27447 0.130096 0.107297 0.0875199
0 0.368887 0.918337 0.146528 0.163327
0 0.0442554 0.0500458 0.0885108 0.100092
0 0.866049 0.642547 0.0931416 0.266417
0 0.404377 0.686676 0.0933469 0.161612
0 0.628878 0.468737 0.132779 0.0954258
0 0.91835 0.848188 0.153704 0.303624
0 0.463749 0.289989 0.129568 0.185112
0 0.643665 0.31697 0.118654 0.144526
0 0.27447 0.130096 0.107297 0.0875199
0 0.368887 0.918337 0.146528 0.163327
0 0.0442554 0.0500458 0.0885108 0.100092
0 0.866049 0.642547 0.0931416 0.266417
0 0.404377 0.686676 0.0933469 0.161612
0 0.851639 0.453945 0.102869 0.0699517
0 0.631674 0.468557 0.127668 0.0895857
0 0.467658 0.288453 0.123409 0.169535
0 0.913907 0.855625 0.161925 0.266177
0 0.934856 0.66817 0.125141 0.21269
0 0.0445138 0.0383204 0.0890153 0.0748616
0 0.642889 0.317542 0.104072 0.130944
0 0.579496 0.350427 0.0840782 0.112779
0 0.0431719 0.0546519 0.0863438 0.0703169
0 0.789182 0.327624 0.101307 0.0841638
0 0.909474 0.664767 0.177349 0.218437
