0 0.514596 0.749364 0.132385 0.160374
0 0.265909 0.515967 0.18397 0.165237
0 0.812141 0.756021 0.0647565 0.140078
0 0.357296 0.244983 0.129424 0.134542
0 0.508535 0.189693 0.172759 0.126666
0 0.048083 0.164758 0.096166 0.120147
0 0.116195 0.0474179 0.171624 0.0948357
0 0.66753 0.435085 0.0960672 0.239296
0 0.894768 0.372371 0.139726 0.124812
0 0.61343 0.685818 0.0798025 0.139291
0 0.0536437 0.355354 0.104054 0.140005
0 0.805786 0.547429 0.0822508 0.134313
0 0.933811 0.911906 0.132379 0.176187
0 0.428199 0.744289 0.0815712 0.183003
0 0.514596 0.749364 0.132385 0.160374
0 0.265909 0.515967 0.18397 0.165237
0 0.812141 0.756021 0.0647565 0.140078
0 0.357296 0.244983 0.129424 0.134542
0 0.508535 0.189693 0.172759 0.126666
0 0.048083 0.164758 0.096166 0.120147
0 0.116195 0.0474179 0.171624 0.0948357
0 0.66753 0.435085 0.0960672 0.239296
0 0.894768 0.372371 0.139726 0.124812
0 0.61343 0.685818 0.0798025 0.139291
0 0.0536437 0.355354 0.104054 0.140005
0 0.805786 0.547429 0.0822508 0.134313
0 0.933811 0.911906 0.132379 0.176187
0 0.428199 0.744289 0.0815712 0.183003
0 0.254897 0.516122 0.180324 0.165473
0 0.618508 0.706765 0.0782326 0.174799
0 0.886693 0.378253 0.141164 0.130115
0 0.818982 0.758951 0.0781431 0.141255
0 0.117762 0.0461845 0.184946 0.0923691
0 0.800482 0.543586 0.0703431 0.139465
0 0.357977 0.263083 0.124165 0.148048
0 0.140839 0.15773 0.0652928 0.057072
0 0.51766 0.742957 0.132715 0.173868
0 0.665914 0.433354 0.0967018 0.272689
0 0.0462438 0.148379 0.0917782 0.150125
0 0.36336 0.125595 0.150396 0.206324
0 0.925558 0.293893 0.0849403 0.0761769
0 0.572089 0.341915 0.0755367 0.100606
