0 0.253376 0.676433 0.184985 0.237714
0 0.691932 0.0726399 0.156487 0.136076
0 0.130629 0.286259 0.133446 0.205186
0 0.660182 0.840167 0.282627 0.272612
0 0.818666 0.523457 0.146324 0.180003
0 0.255993 0.399547 0.132513 0.229335
0 0.910156 0.708548 0.127735 0.191513
0 0.624701 0.628908 0.124544 0.125654
0 0.3929 0.497605 0.0971166 0.120256
0 0.601468 0.357314 0.10358 0.325719
0 0.448321 0.286335 0.0603735 0.216152
0 0.370901 0.343701 0.0628784 0.15141
0 0.516019 0.330356 0.0651396 0.198432
0 0.951583 0.344547 0.0968342 0.167865
0 0.920673 0.531669 0.0708393 0.0970607
0 0.384255 0.587232 0.090008 0.103831
0 0.828291 0.405676 0.10857 0.0927682
0 0.310716 0.209231 0.0494141 0.146741
0 0.598121 0.37332 0.137152 0.365993
0 0.253376 0.676433 0.184985 0.237714
0 0.691932 0.0726399 0.156487 0.136076
0 0.130629 0.286259 0.133446 0.205186
0 0.660182 0.840167 0.282627 0.272612
0 0.818666 0.523457 0.146324 0.180003
0 0.255993 0.399547 0.132513 0.229335
0 0.910156 0.708548 0.127735 0.191513
0 0.624701 0.628908 0.124544 0.125654
0 0.3929 0.497605 0.0971166 0.120256
0 0.601468 0.357314 0.10358 0.325719
0 0.448321 0.286335 0.0603735 0.216152
0 0.370901 0.343701 0.0628784 0.15141
0 0.516019 0.330356 0.0651396 0.198432
0 0.951583 0.344547 0.0968342 0.167865
0 0.920673 0.531669 0.0708393 0.0970607
0 0.384255 0.587232 0.090008 0.103831
0 0.828291 0.405676 0.10857 0.0927682
0 0.310716 0.209231 0.0494141 0.146741
0 0.598121 0.37332 0.137152 0.365993
0 0.136031 0.28698 0.14139 0.192279
0 0.253572 0.400224 0.163055 0.276398
0 0.909848 0.705159 0.122716 0.19318
0 0.250996 0.681135 0.182304 0.255704
0 0.639596 0.841136 0.331655 0.273114
0 0.824449 0.528591 0.137477 0.181163
0 0.628519 0.632399 0.138884 0.125584
0 0.686187 0.0720741 0.170198 0.139222
0 0.599301 0.384753 0.10828 0.289249
0 0.366532 0.33981 0.0645489 0.134657
0 0.446061 0.273217 0.051542 0.211345
0 0.822377 0.412809 0.113514 0.0965715
0 0.396854 0.498252 0.091772 0.139923
0 0.803641 0.416287 0.153279 0.114084
0 0.388781 0.255 0.035417 0.0710518
0 0.953813 0.326219 0.0889126 0.125722
0 0.39907 0.603696 0.0947647 0.101904
0 0.793871 0.412692 0.178895 0.140928
