0 0.89424 0.19765 0.153409 0.123784
0 0.087486 0.380322 0.162953 0.129596
0 0.138588 0.698965 0.277176 0.289802
0 0.757484 0.427754 0.113025 0.135165
0 0.623938 0.504528 0.0897893 0.179982
0 0.855266 0.487161 0.160773 0.167947
0 0.519115 0.428682 0.0480702 0.132722
0 0.584632 0.782305 0.285058 0.435389
0 0.470142 0.241691 0.196585 0.237334
0 0.819372 0.702676 0.0893255 0.164077
0 0.686957 0.341504 0.0568516 0.110112
0 0.912288 0.391411 0.116127 0.0892319
0 0.94784 0.47678 0.0931122 0.102167
0 0.702517 0.250039 0.108074 0.108475
0 0.923022 0.791595 0.153956 0.416811
0 0.239653 0.350743 0.0887959 0.166361
0 0.641573 0.371683 0.0787529 0.104465
0 0.0743589 0.145448 0.148718 0.118726
0 0.201191 0.768475 0.123763 0.214066
0 0.89424 0.19765 0.153409 0.123784
0 0.087486 0.380322 0.162953 0.129596
0 0.138588 0.698965 0.277176 0.289802
0 0.757484 0.427754 0.113025 0.135165
0 0.623938 0.504528 0.0897893 0.179982
0 0.855266 0.487161 0.160773 0.167947
0 0.519115 0.428682 0.0480702 0.132722
0 0.584632 0.782305 0.285058 0.435389
0 0.470142 0.241691 0.196585 0.237334
0 0.819372 0.702676 0.0893255 0.164077
0 0.686957 0.341504 0.0568516 0.110112
0 0.912288 0.391411 0.116127 0.0892319
0 0.94784 0.47678 0.0931122 0.102167
0 0.702517 0.250039 0.108074 0.108475
0 0.923022 0.791595 0.153956 0.416811
0 0.239653 0.350743 0.0887959 0.166361
0 0.641573 0.371683 0.0787529 0.104465
0 0.0743589 0.145448 0.148718 0.118726
0 0.201191 0.768475 0.123763 0.214066
0 0.897211 0.202545 0.173129 0.13674
0 0.86271 0.491648 0.160986 0.206924
0 0.141627 0.715575 0.283254 0.335141
0 0.0893971 0.159293 0.178794 0.147181
0 0.754398 0.427963 0.111857 0.129195
0 0.101425 0.401153 0.187584 0.188092
0 0.45382 0.248084 0.175394 0.245992
0 0.627115 0.503817 0.0888307 0.173422
0 0.583596 0.754745 0.260817 0.377524
0 0.709478 0.258843 0.120077 0.120557
0 0.948699 0.476708 0.0926045 0.0782374
0 0.241951 0.354116 0.0888601 0.149109
0 0.822425 0.697699 0.084133 0.196158
0 0.914784 0.76621 0.170432 0.374294
0 0.589343 0.796093 0.284982 0.407814
0 0.909228 0.392664 0.094426 0.073435
0 0.262071 0.176688 0.081065 0.088268
0 0.643884 0.376136 0.0772335 0.0817201
