0 0.252968 0.550165 0.225388 0.362846
0 0.450642 0.304054 0.180525 0.187917
0 0.530627 0.761455 0.159518 0.285016
0 0.745826 0.767989 0.076284 0.204462
0 0.521367 0.735291 0.141388 0.207348
0 0.889887 0.934023 0.0662279 0.131955
0 0.668781 0.890927 0.0762535 0.218146
0 0.873569 0.722593 0.0865988 0.11622
0 0.500016 0.461377 0.120275 0.147959
0 0.0579673 0.910644 0.115935 0.178711
0 0.696516 0.57857 0.07569 0.152872
0 0.537548 0.784124 0.160525 0.37772
0 0.94676 0.696934 0.0931297 0.154874
0 0.787604 0.670141 0.0553509 0.081331
0 0.689706 0.359044 0.0607248 0.0889319
0 0.706412 0.507831 0.0777381 0.0787339
0 0.252968 0.550165 0.225388 0.362846
0 0.450642 0.304054 0.180525 0.187917
0 0.530627 0.761455 0.159518 0.285016
0 0.745826 0.767989 0.076284 0.204462
0 0.521367 0.735291 0.141388 0.207348
0 0.889887 0.934023 0.0662279 0.131955
0 0.668781 0.890927 0.0762535 0.218146
0 0.873569 0.722593 0.0865988 0.11622
0 0.500016 0.461377 0.120275 0.147959
0 0.0579673 0.910644 0.115935 0.178711
0 0.696516 0.57857 0.07569 0.152872
0 0.537548 0.784124 0.160525 0.37772
0 0.94676 0.696934 0.0931297 0.154874
0 0.787604 0.670141 0.0553509 0.081331
0 0.689706 0.359044 0.0607248 0.0889319
0 0.706412 0.507831 0.0777381 0.0787339
0 0.468845 0.29313 0.130988 0.161695
0 0.120991 0.555379 0.180244 0.169635
0 0.258131 0.751218 0.137563 0.250663
0 0.664458 0.889549 0.0777191 0.220902
0 0.886853 0.929843 0.0622204 0.124809
0 0.541076 0.751326 0.18583 0.249705
0 0.241545 0.555761 0.255851 0.424334
0 0.495271 0.449249 0.0880724 0.115439
0 0.876624 0.731011 0.0835686 0.0990473
0 0.496778 0.533945 0.0910021 0.212813
0 0.0253682 0.766949 0.0507364 0.0729424
0 0.753127 0.791732 0.067522 0.166391
0 0.302936 0.114632 0.0678928 0.0983214
0 0.791551 0.673484 0.0508309 0.0716038
0 0.0888336 0.918077 0.0749838 0.156571
0 0.502247 0.907621 0.0688883 0.172627
0 0.445119 0.380716 0.0740803 0.132165
