0 0.0681499 0.542225 0.1363 0.156757
0 0.613993 0.666009 0.129733 0.112682
0 0.718639 0.539943 0.138373 0.148837
0 0.590518 0.460899 0.169667 0.165402
0 0.877052 0.620795 0.113884 0.0901137
0 0.477294 0.738124 0.0555717 0.20345
0 0.801652 0.831549 0.0875115 0.188193
0 0.686277 0.81262 0.0590132 0.144607
0 0.493242 0.368301 0.0472675 0.0975985
0 0.780469 0.702687 0.100746 0.119107
0 0.344561 0.625 0.0527737 0.139321
0 0.617387 0.862403 0.090551 0.137158
0 0.691259 0.802316 0.0655501 0.115183
0 0.0681499 0.542225 0.1363 0.156757
0 0.613993 0.666009 0.129733 0.112682
0 0.718639 0.539943 0.138373 0.148837
0 0.590518 0.460899 0.169667 0.165402
0 0.877052 0.620795 0.113884 0.0901137
0 0.477294 0.738124 0.0555717 0.20345
0 0.801652 0.831549 0.0875115 0.188193
0 0.686277 0.81262 0.0590132 0.144607
0 0.493242 0.368301 0.0472675 0.0975985
0 0.780469 0.702687 0.100746 0.119107
0 0.344561 0.625 0.0527737 0.139321
0 0.617387 0.862403 0.090551 0.137158
0 0.691259 0.802316 0.0655501 0.115183
0 0.0670957 0.546947 0.134191 0.153266
0 0.615221 0.675281 0.130881 0.116641
0 0.635132 0.514192 0.105133 0.180608
0 0.244112 0.405982 0.0971717 0.0650202
0 0.319736 0.441672 0.12496 0.166037
0 0.7746 0.695447 0.0881563 0.0898458
0 0.720933 0.542214 0.117123 0.124572
0 0.480514 0.745312 0.0500226 0.177688
0 0.610417 0.859199 0.0774498 0.128416
0 0.920748 0.877436 0.158504 0.242031
0 0.601408 0.19942 0.0801937 0.0646803
0 0.344705 0.616734 0.0556005 0.103378
0 0.878466 0.62354 0.115006 0.0740528
0 0.347497 0.19206 0.0613366 0.0513546
