0 0.12364 0.305671 0.192031 0.149244
0 0.208056 0.175858 0.153603 0.134306
0 0.180579 0.496145 0.150104 0.120568
0 0.279354 0.500142 0.125715 0.114229
0 0.907198 0.403739 0.0747524 0.139775
0 0.970321 0.347121 0.0563156 0.153754
0 0.906481 0.614412 0.0550873 0.197306
0 0.630847 0.871803 0.334796 0.256394
0 0.12364 0.305671 0.192031 0.149244
0 0.208056 0.175858 0.153603 0.134306
0 0.180579 0.496145 0.150104 0.120568
0 0.279354 0.500142 0.125715 0.114229
0 0.907198 0.403739 0.0747524 0.139775
0 0.970321 0.347121 0.0563156 0.153754
0 0.906481 0.614412 0.0550873 0.197306
0 0.630847 0.871803 0.334796 0.256394
0 0.207012 0.175856 0.152453 0.128897
0 0.12126 0.302942 0.19689 0.148775
0 0.0481174 0.636352 0.0962347 0.16715
0 0.9161 0.61222 0.0833027 0.200805
0 0.170505 0.596705 0.187505 0.120879
0 0.973004 0.350595 0.0539925 0.164289
0 0.174035 0.501572 0.120894 0.106352
0 0.954204 0.119283 0.0804536 0.0575655
0 0.0965422 0.407336 0.153971 0.131491
0 0.911408 0.406912 0.0676514 0.113813
0 0.188257 0.802707 0.376513 0.394587
0 0.272819 0.495538 0.113902 0.121521
