0 0.818251 0.493312 0.158276 0.160062
0 0.699139 0.596362 0.203268 0.281735
0 0.134113 0.686377 0.199374 0.184823
0 0.173361 0.484479 0.180035 0.193008
0 0.437209 0.773553 0.382428 0.34263
0 0.824546 0.594864 0.109474 0.120605
0 0.954311 0.781401 0.0913789 0.235947
0 0.502047 0.810577 0.415925 0.376791
0 0.887009 0.401102 0.121695 0.104243
0 0.561888 0.847569 0.358973 0.297403
0 0.482808 0.442902 0.216034 0.26331
0 0.118301 0.450985 0.0844772 0.178926
0 0.596539 0.504261 0.042556 0.104703
0 0.408744 0.777559 0.447342 0.428386
0 0.758525 0.21636 0.112197 0.0997314
0 0.50353 0.788906 0.554595 0.422188
0 0.818251 0.493312 0.158276 0.160062
0 0.699139 0.596362 0.203268 0.281735
0 0.134113 0.686377 0.199374 0.184823
0 0.173361 0.484479 0.180035 0.193008
0 0.437209 0.773553 0.382428 0.34263
0 0.824546 0.594864 0.109474 0.120605
0 0.954311 0.781401 0.0913789 0.235947
0 0.502047 0.810577 0.415925 0.376791
0 0.887009 0.401102 0.121695 0.104243
0 0.561888 0.847569 0.358973 0.297403
0 0.482808 0.442902 0.216034 0.26331
0 0.118301 0.450985 0.0844772 0.178926
0 0.596539 0.504261 0.042556 0.104703
0 0.408744 0.777559 0.447342 0.428386
0 0.758525 0.21636 0.112197 0.0997314
0 0.50353 0.788906 0.554595 0.422188
0 0.17466 0.497999 0.185563 0.199215
0 0.703805 0.61053 0.213374 0.282961
0 0.479433 0.454241 0.201954 0.244868
0 0.140903 0.679013 0.195945 0.193363
0 0.818818 0.499812 0.1703 0.185973
0 0.819435 0.594912 0.11044 0.122468
0 0.121583 0.440252 0.0834381 0.149043
0 0.428314 0.773638 0.406634 0.341486
0 0.188893 0.223533 0.0691237 0.0520084
0 0.959852 0.778312 0.0790211 0.17932
0 0.598677 0.50755 0.0561306 0.128473
0 0.525452 0.815761 0.425377 0.36326
0 0.75763 0.220585 0.105569 0.0955958
0 0.0536246 0.788195 0.105516 0.226099
0 0.0429835 0.463969 0.0828171 0.195157
0 0.882708 0.401408 0.118884 0.12248
