0 0.086431 0.50014 0.133244 0.181672
0 0.125277 0.246488 0.131316 0.093505
0 0.876082 0.534612 0.124654 0.110461
0 0.163703 0.68191 0.274402 0.282549
0 0.70853 0.471034 0.120102 0.146752
0 0.362025 0.528981 0.126035 0.108954
0 0.927138 0.439461 0.12506 0.10477
0 0.71383 0.236171 0.157038 0.101706
0 0.710075 0.620057 0.0692182 0.107501
0 0.086431 0.50014 0.133244 0.181672
0 0.125277 0.246488 0.131316 0.093505
0 0.876082 0.534612 0.124654 0.110461
0 0.163703 0.68191 0.274402 0.282549
0 0.70853 0.471034 0.120102 0.146752
0 0.362025 0.528981 0.126035 0.108954
0 0.927138 0.439461 0.12506 0.10477
0 0.71383 0.236171 0.157038 0.101706
0 0.710075 0.620057 0.0692182 0.107501
0 0.863037 0.533215 0.0887978 0.0965736
0 0.716741 0.240174 0.150789 0.103477
0 0.124121 0.253584 0.158118 0.0989816
0 0.132726 0.699598 0.253272 0.339266
0 0.0830399 0.501189 0.123421 0.161613
0 0.925745 0.445847 0.116772 0.0994519
0 0.713431 0.460178 0.112632 0.111743
0 0.503057 0.243251 0.0570904 0.0508539
