0 0.253991 0.595976 0.199843 0.307846
0 0.459264 0.607982 0.0924843 0.309814
0 0.182891 0.361636 0.0802468 0.122028
0 0.449614 0.320713 0.116849 0.13614
0 0.751275 0.0523629 0.118617 0.0910394
0 0.481157 0.258901 0.173446 0.192341
0 0.0564613 0.183112 0.100402 0.126547
0 0.667955 0.186606 0.126923 0.123597
0 0.597046 0.518363 0.0940342 0.25867
0 0.928005 0.682761 0.116597 0.189934
0 0.102552 0.44999 0.0939831 0.160559
0 0.23112 0.242629 0.0767943 0.121629
0 0.93789 0.329916 0.123623 0.178384
0 0.61824 0.092557 0.0970825 0.0935613
0 0.530428 0.14139 0.112044 0.122704
0 0.0402746 0.33581 0.0786296 0.161147
0 0.122904 0.656197 0.0643053 0.164663
0 0.253991 0.595976 0.199843 0.307846
0 0.459264 0.607982 0.0924843 0.309814
0 0.182891 0.361636 0.0802468 0.122028
0 0.449614 0.320713 0.116849 0.13614
0 0.751275 0.0523629 0.118617 0.0910394
0 0.481157 0.258901 0.173446 0.192341
0 0.0564613 0.183112 0.100402 0.126547
0 0.667955 0.186606 0.126923 0.123597
0 0.597046 0.518363 0.0940342 0.25867
0 0.928005 0.682761 0.116597 0.189934
0 0.102552 0.44999 0.0939831 0.160559
0 0.23112 0.242629 0.0767943 0.121629
0 0.93789 0.329916 0.123623 0.178384
0 0.61824 0.092557 0.0970825 0.0935613
0 0.530428 0.14139 0.112044 0.122704
0 0.0402746 0.33581 0.0786296 0.161147
0 0.122904 0.656197 0.0643053 0.164663
0 0.529838 0.135318 0.0987021 0.114635
0 0.478389 0.244746 0.162686 0.166806
0 0.67359 0.188571 0.141731 0.123559
0 0.248596 0.605601 0.192707 0.319244
0 0.450232 0.324681 0.109744 0.144585
0 0.459595 0.597104 0.135011 0.311979
0 0.75172 0.0570231 0.109539 0.0791207
0 0.929308 0.681162 0.124437 0.177763
0 0.596293 0.527033 0.10477 0.230497
0 0.942333 0.331437 0.114332 0.174195
0 0.624103 0.100551 0.108404 0.108352
0 0.113665 0.444146 0.118609 0.187643
0 0.388658 0.30378 0.0514699 0.111853
0 0.640986 0.945116 0.160668 0.109768
0 0.233842 0.238422 0.0817427 0.102779
