0 0.517865 0.372539 0.184507 0.251532
0 0.379781 0.580289 0.294915 0.241965
0 0.0759287 0.481672 0.151857 0.285874
0 0.434865 0.208838 0.110918 0.136776
0 0.356404 0.349365 0.100914 0.104194
0 0.841742 0.461546 0.141838 0.103088
0 0.6983 0.359277 0.109122 0.134648
0 0.707066 0.0895276 0.12558 0.0936097
0 0.523728 0.126448 0.0792206 0.0651058
0 0.383123 0.280894 0.0628211 0.0739603
0 0.517865 0.372539 0.184507 0.251532
0 0.379781 0.580289 0.294915 0.241965
0 0.0759287 0.481672 0.151857 0.285874
0 0.434865 0.208838 0.110918 0.136776
0 0.356404 0.349365 0.100914 0.104194
0 0.841742 0.461546 0.141838 0.103088
0 0.6983 0.359277 0.109122 0.134648
0 0.707066 0.0895276 0.12558 0.0936097
0 0.523728 0.126448 0.0792206 0.0651058
0 0.383123 0.280894 0.0628211 0.0739603
0 0.838178 0.465411 0.145394 0.0963091
0 0.521853 0.384133 0.181282 0.280659
0 0.389531 0.599091 0.281442 0.250907
0 0.362115 0.351203 0.10201 0.0997933
0 0.703572 0.0930022 0.116141 0.0865642
0 0.436023 0.206598 0.118642 0.127933
0 0.0709047 0.465152 0.141809 0.304875
0 0.222217 0.025198 0.122108 0.050396
0 0.340881 0.068456 0.0945967 0.0562944
0 0.905374 0.555699 0.117276 0.139478
0 0.694052 0.36257 0.118391 0.121908
