0 0.549859 0.357328 0.118783 0.120172
0 0.0572105 0.81065 0.114179 0.24284
0 0.688856 0.752926 0.184808 0.210801
0 0.306643 0.32619 0.169837 0.136394
0 0.25738 0.497292 0.106896 0.10802
0 0.70995 0.315071 0.107803 0.087191
0 0.175206 0.148074 0.0874932 0.0657241
0 0.374413 0.941459 0.13482 0.117081
0 0.516574 0.867473 0.116242 0.154212
0 0.644102 0.441296 0.0763016 0.105594
0 0.0316181 0.340785 0.0632363 0.141649
0 0.935797 0.65744 0.0745949 0.141826
0 0.549859 0.357328 0.118783 0.120172
0 0.0572105 0.81065 0.114179 0.24284
0 0.688856 0.752926 0.184808 0.210801
0 0.306643 0.32619 0.169837 0.136394
0 0.25738 0.497292 0.106896 0.10802
0 0.70995 0.315071 0.107803 0.087191
0 0.175206 0.148074 0.0874932 0.0657241
0 0.374413 0.941459 0.13482 0.117081
0 0.516574 0.867473 0.116242 0.154212
0 0.644102 0.441296 0.0763016 0.105594
0 0.0316181 0.340785 0.0632363 0.141649
0 0.935797 0.65744 0.0745949 0.141826
0 0.172198 0.150052 0.0988442 0.0601674
0 0.54769 0.361954 0.107887 0.108159
0 0.376468 0.94443 0.129045 0.11114
0 0.682837 0.7518 0.188295 0.214606
0 0.300979 0.325131 0.16512 0.150161
0 0.0665067 0.201019 0.120377 0.0884007
0 0.851058 0.498531 0.0912739 0.0921995
0 0.078075 0.817111 0.155701 0.254249
0 0.0332574 0.3391 0.0665147 0.136116
0 0.944081 0.661776 0.0579402 0.155743
