0 0.912735 0.781991 0.174384 0.188835
0 0.883542 0.93493 0.216395 0.13014
0 0.3787 0.754235 0.380037 0.392924
0 0.583343 0.277201 0.131212 0.104289
0 0.407669 0.4455 0.15392 0.13054
0 0.751127 0.183737 0.127809 0.136391
0 0.423965 0.794882 0.39248 0.409377
0 0.121879 0.325312 0.0996641 0.264479
0 0.349076 0.706398 0.348652 0.449133
0 0.908984 0.151099 0.127023 0.0851481
0 0.861428 0.929392 0.18461 0.141216
0 0.383842 0.458699 0.214275 0.158533
0 0.0918493 0.651292 0.161518 0.125362
0 0.912735 0.781991 0.174384 0.188835
0 0.883542 0.93493 0.216395 0.13014
0 0.3787 0.754235 0.380037 0.392924
0 0.583343 0.277201 0.131212 0.104289
0 0.407669 0.4455 0.15392 0.13054
0 0.751127 0.183737 0.127809 0.136391
0 0.423965 0.794882 0.39248 0.409377
0 0.121879 0.325312 0.0996641 0.264479
0 0.349076 0.706398 0.348652 0.449133
0 0.908984 0.151099 0.127023 0.0851481
0 0.861428 0.929392 0.18461 0.141216
0 0.383842 0.458699 0.214275 0.158533
0 0.0918493 0.651292 0.161518 0.125362
0 0.300875 0.111157 0.118894 0.109469
0 0.884596 0.928824 0.226633 0.142352
0 0.750353 0.200006 0.118629 0.0974711
0 0.900647 0.152776 0.142065 0.0750467
0 0.534588 0.423539 0.0881441 0.0936451
0 0.902073 0.775646 0.184559 0.187809
0 0.436081 0.125113 0.136352 0.201691
0 0.893443 0.259235 0.112014 0.0742065
0 0.678139 0.271536 0.0844719 0.0694795
0 0.387898 0.455072 0.175308 0.178246
0 0.888276 0.470646 0.178724 0.293781
0 0.098544 0.641259 0.142028 0.144262
0 0.233252 0.112929 0.0717201 0.0486526
0 0.393507 0.79116 0.4421 0.417679
0 0.498655 0.247474 0.0721554 0.0885561
0 0.512936 0.812211 0.404061 0.375578
0 0.577873 0.0947044 0.113329 0.0849931
0 0.962045 0.692009 0.0751408 0.108008
0 0.49175 0.320284 0.0973094 0.109295
0 0.709571 0.775696 0.0559673 0.0757287
