0 0.824112 0.0581605 0.132118 0.116321
0 0.929273 0.0710118 0.141454 0.10633
0 0.785348 0.419559 0.329944 0.327545
0 0.259523 0.157874 0.119113 0.100854
0 0.566332 0.0757594 0.22331 0.151519
0 0.130226 0.324468 0.182345 0.185633
0 0.254504 0.38851 0.119742 0.165491
0 0.287747 0.266219 0.119585 0.137925
0 0.796665 0.508824 0.115021 0.193337
0 0.145858 0.68394 0.102659 0.265659
0 0.520814 0.226085 0.261167 0.238008
0 0.824112 0.0581605 0.132118 0.116321
0 0.929273 0.0710118 0.141454 0.10633
0 0.785348 0.419559 0.329944 0.327545
0 0.259523 0.157874 0.119113 0.100854
0 0.566332 0.0757594 0.22331 0.151519
0 0.130226 0.324468 0.182345 0.185633
0 0.254504 0.38851 0.119742 0.165491
0 0.287747 0.266219 0.119585 0.137925
0 0.796665 0.508824 0.115021 0.193337
0 0.145858 0.68394 0.102659 0.265659
0 0.520814 0.226085 0.261167 0.238008
0 0.784206 0.431809 0.345975 0.325757
0 0.58359 0.0538777 0.17581 0.107755
0 0.26425 0.156656 0.111648 0.112042
0 0.804912 0.199587 0.132821 0.0850032
0 0.124389 0.160098 0.248778 0.320196
0 0.128916 0.331821 0.212336 0.236638
0 0.19406 0.230936 0.096721 0.102513
0 0.0418032 0.158514 0.0804914 0.152551
0 0.261652 0.375082 0.138452 0.285022
