0 0.11981 0.265989 0.23962 0.210814
0 0.581044 0.435734 0.310619 0.257525
0 0.750929 0.26498 0.121719 0.096636
0 0.90478 0.155953 0.158525 0.101101
0 0.885544 0.597766 0.134969 0.161119
0 0.160484 0.369882 0.266796 0.260323
0 0.326779 0.120164 0.0849638 0.0646828
0 0.771759 0.451678 0.146307 0.3569
0 0.73878 0.05451 0.100652 0.10902
0 0.471516 0.102644 0.109933 0.0910026
0 0.150438 0.34798 0.300876 0.329492
0 0.576767 0.430472 0.360278 0.342969
0 0.954479 0.341837 0.0893139 0.149649
0 0.643836 0.0573146 0.141417 0.114629
0 0.11981 0.265989 0.23962 0.210814
0 0.581044 0.435734 0.310619 0.257525
0 0.750929 0.26498 0.121719 0.096636
0 0.90478 0.155953 0.158525 0.101101
0 0.885544 0.597766 0.134969 0.161119
0 0.160484 0.369882 0.266796 0.260323
0 0.326779 0.120164 0.0849638 0.0646828
0 0.771759 0.451678 0.146307 0.3569
0 0.73878 0.05451 0.100652 0.10902
0 0.471516 0.102644 0.109933 0.0910026
0 0.150438 0.34798 0.300876 0.329492
0 0.576767 0.430472 0.360278 0.342969
0 0.954479 0.341837 0.0893139 0.149649
0 0.643836 0.0573146 0.141417 0.114629
0 0.594874 0.430463 0.293054 0.242201
0 0.123627 0.270303 0.247254 0.243576
0 0.242253 0.302506 0.0798061 0.0616
0 0.169786 0.13912 0.1171 0.102806
0 0.751422 0.278561 0.125957 0.114997
0 0.206193 0.395901 0.160429 0.223092
0 0.946906 0.322739 0.104739 0.121168
0 0.472196 0.109425 0.100324 0.0872594
0 0.764752 0.448168 0.130985 0.381321
0 0.329722 0.125034 0.0929625 0.0637985
0 0.965207 0.886916 0.0695854 0.226167
0 0.896259 0.585129 0.135793 0.153514
0 0.0541436 0.131029 0.107863 0.155887
