0 0.928725 0.647212 0.137021 0.143309
0 0.335258 0.261402 0.149016 0.0982416
0 0.732954 0.541138 0.120653 0.108694
0 0.841827 0.562457 0.0507689 0.172179
0 0.928725 0.647212 0.137021 0.143309
0 0.335258 0.261402 0.149016 0.0982416
0 0.732954 0.541138 0.120653 0.108694
0 0.841827 0.562457 0.0507689 0.172179
0 0.330667 0.26284 0.141798 0.099143
0 0.732712 0.545825 0.125361 0.0941995
0 0.930915 0.651294 0.131048 0.119355
0 0.202764 0.193724 0.0814194 0.0513803
0 0.839608 0.561238 0.0468906 0.171135
