0 0.925417 0.552501 0.149167 0.194563
0 0.919533 0.822049 0.160935 0.355901
0 0.709348 0.741625 0.112406 0.296788
0 0.585344 0.39626 0.136839 0.16263
0 0.741409 0.53549 0.0754903 0.160596
0 0.398658 0.111793 0.12175 0.185633
0 0.450473 0.403879 0.0928036 0.135909
0 0.821858 0.420519 0.0908032 0.085938
0 0.872963 0.119908 0.0850216 0.0703349
0 0.980411 0.294014 0.0341347 0.119858
0 0.925417 0.552501 0.149167 0.194563
0 0.919533 0.822049 0.160935 0.355901
0 0.709348 0.741625 0.112406 0.296788
0 0.585344 0.39626 0.136839 0.16263
0 0.741409 0.53549 0.0754903 0.160596
0 0.398658 0.111793 0.12175 0.185633
0 0.450473 0.403879 0.0928036 0.135909
0 0.821858 0.420519 0.0908032 0.085938
0 0.872963 0.119908 0.0850216 0.0703349
0 0.980411 0.294014 0.0341347 0.119858
0 0.902549 0.535861 0.176227 0.175646
0 0.397433 0.106517 0.112384 0.170443
0 0.742417 0.530186 0.0602016 0.139928
0 0.0527661 0.0814269 0.105532 0.162854
0 0.715848 0.756939 0.123175 0.363621
0 0.910943 0.825729 0.178115 0.348542
0 0.649172 0.363172 0.0685616 0.0697486
0 0.445621 0.406351 0.0931312 0.112619
0 0.82175 0.634125 0.0939945 0.0931616
0 0.596115 0.418659 0.110848 0.0869754
