0 0.0839433 0.413568 0.167887 0.110783
0 0.113094 0.196516 0.140163 0.11694
0 0.202989 0.671267 0.101061 0.173921
0 0.0374208 0.799039 0.0748416 0.2282
0 0.420816 0.49596 0.129758 0.0979438
0 0.332436 0.695929 0.107829 0.15253
0 0.20073 0.427481 0.0952705 0.13047
0 0.188159 0.258978 0.0865501 0.0705738
0 0.0839433 0.413568 0.167887 0.110783
0 0.113094 0.196516 0.140163 0.11694
0 0.202989 0.671267 0.101061 0.173921
0 0.0374208 0.799039 0.0748416 0.2282
0 0.420816 0.49596 0.129758 0.0979438
0 0.332436 0.695929 0.107829 0.15253
0 0.20073 0.427481 0.0952705 0.13047
0 0.188159 0.258978 0.0865501 0.0705738
0 0.080474 0.413833 0.160948 0.110293
0 0.109482 0.185039 0.124062 0.0993604
0 0.203133 0.670466 0.0948499 0.153047
0 0.335759 0.693385 0.107367 0.158046
0 0.0338869 0.826076 0.0677739 0.204905
0 0.190968 0.425335 0.11509 0.147955
0 0.134347 0.338207 0.0796567 0.0537198
0 0.419311 0.499915 0.115421 0.0786031
0 0.138639 0.483898 0.0933517 0.0768919
0 0.296103 0.874379 0.188342 0.251242
0 0.679871 0.368613 0.0649279 0.0710553
0 0.187491 0.256721 0.0855788 0.067947
0 0.249745 0.368133 0.0650267 0.107233
