0 0.170738 0.858948 0.21443 0.282104
0 0.151565 0.54655 0.197434 0.201164
0 0.398819 0.166539 0.162999 0.12999
0 0.818781 0.308722 0.14457 0.140322
0 0.728432 0.426492 0.165879 0.220297
0 0.607434 0.161338 0.144244 0.116057
0 0.0556042 0.16467 0.101793 0.110061
0 0.221966 0.06176 0.146856 0.12352
0 0.649952 0.2706 0.111387 0.130122
0 0.33756 0.28124 0.198302 0.157637
0 0.402133 0.888602 0.107955 0.222795
0 0.628651 0.772384 0.0820964 0.146073
0 0.855888 0.500594 0.143235 0.111165
0 0.320296 0.271836 0.154278 0.146925
0 0.945802 0.119005 0.108396 0.110556
0 0.727365 0.844432 0.0934668 0.181423
0 0.890451 0.860743 0.0911022 0.200111
0 0.730978 0.247501 0.0916299 0.102228
0 0.955592 0.528831 0.0881058 0.189951
0 0.267375 0.148729 0.202277 0.183616
0 0.889316 0.592994 0.084148 0.113024
0 0.170738 0.858948 0.21443 0.282104
0 0.151565 0.54655 0.197434 0.201164
0 0.398819 0.166539 0.162999 0.12999
0 0.818781 0.308722 0.14457 0.140322
0 0.728432 0.426492 0.165879 0.220297
0 0.607434 0.161338 0.144244 0.116057
0 0.0556042 0.16467 0.101793 0.110061
0 0.221966 0.06176 0.146856 0.12352
0 0.649952 0.2706 0.111387 0.130122
0 0.33756 0.28124 0.198302 0.157637
0 0.402133 0.888602 0.107955 0.222795
0 0.628651 0.772384 0.0820964 0.146073
0 0.855888 0.500594 0.143235 0.111165
0 0.320296 0.271836 0.154278 0.146925
0 0.945802 0.119005 0.108396 0.110556
0 0.727365 0.844432 0.0934668 0.181423
0 0.890451 0.860743 0.0911022 0.200111
0 0.730978 0.247501 0.0916299 0.102228
0 0.955592 0.528831 0.0881058 0.189951
0 0.267375 0.148729 0.202277 0.183616
0 0.889316 0.592994 0.084148 0.113024
0 0.162921 0.547655 0.18064 0.199683
0 0.729975 0.432707 0.178301 0.216743
0 0.395359 0.176053 0.172241 0.140433
0 0.172962 0.860412 0.220425 0.279175
0 0.728836 0.842838 0.0883447 0.174723
0 0.884997 0.849474 0.0821617 0.187706
0 0.62958 0.789538 0.0981528 0.212279
0 0.344313 0.287193 0.202581 0.157192
0 0.584683 0.150475 0.123593 0.0934445
0 0.209406 0.0485859 0.13024 0.0971719
0 0.0525738 0.162621 0.0968127 0.108769
0 0.859572 0.50358 0.127421 0.134769
0 0.034215 0.485995 0.0683824 0.143673
0 0.942398 0.116288 0.115203 0.116575
