0 0.935656 0.532336 0.12462 0.132107
0 0.2425 0.101542 0.143479 0.096732
0 0.242403 0.319132 0.0892488 0.0746348
0 0.797357 0.778933 0.102508 0.334706
0 0.457023 0.329485 0.0775541 0.134028
0 0.769388 0.447374 0.0871942 0.16366
0 0.735062 0.28237 0.0756563 0.0776692
0 0.798478 0.791954 0.135615 0.416091
0 0.613006 0.127924 0.0926902 0.0807963
0 0.935656 0.532336 0.12462 0.132107
0 0.2425 0.101542 0.143479 0.096732
0 0.242403 0.319132 0.0892488 0.0746348
0 0.797357 0.778933 0.102508 0.334706
0 0.457023 0.329485 0.0775541 0.134028
0 0.769388 0.447374 0.0871942 0.16366
0 0.735062 0.28237 0.0756563 0.0776692
0 0.798478 0.791954 0.135615 0.416091
0 0.613006 0.127924 0.0926902 0.0807963
0 0.22931 0.107565 0.167462 0.115168
0 0.935068 0.523599 0.128145 0.123165
0 0.246686 0.32076 0.106006 0.0704786
0 0.355552 0.196026 0.064423 0.0919495
0 0.453707 0.327142 0.0745717 0.123661
0 0.773319 0.453275 0.0839392 0.159919
0 0.802165 0.770964 0.098549 0.373789
0 0.482263 0.154289 0.0550226 0.0582176
