0 0.918103 0.487807 0.156716 0.317244
0 0.754915 0.410594 0.137726 0.166803
0 0.597257 0.419457 0.193258 0.384323
0 0.282293 0.47071 0.318676 0.257644
0 0.525947 0.826534 0.161853 0.166132
0 0.164341 0.319926 0.328681 0.396193
0 0.77977 0.661465 0.0996046 0.221488
0 0.928536 0.137846 0.116238 0.0941707
0 0.918103 0.487807 0.156716 0.317244
0 0.754915 0.410594 0.137726 0.166803
0 0.597257 0.419457 0.193258 0.384323
0 0.282293 0.47071 0.318676 0.257644
0 0.525947 0.826534 0.161853 0.166132
0 0.164341 0.319926 0.328681 0.396193
0 0.77977 0.661465 0.0996046 0.221488
0 0.928536 0.137846 0.116238 0.0941707
0 0.29535 0.47765 0.300025 0.257449
0 0.749676 0.424534 0.184777 0.203866
0 0.16276 0.314666 0.32552 0.391811
0 0.523515 0.818048 0.145605 0.189165
0 0.915301 0.487306 0.168002 0.292082
0 0.217127 0.152247 0.171448 0.153324
0 0.716334 0.849433 0.193017 0.212562
0 0.63033 0.452371 0.300161 0.462898
0 0.0651751 0.555367 0.13035 0.226495
0 0.756708 0.214704 0.182116 0.137565
0 0.554944 0.152921 0.152673 0.157303
