0 0.650404 0.452979 0.223136 0.204213
0 0.918346 0.80691 0.163309 0.286827
0 0.106752 0.419454 0.213503 0.240185
0 0.669596 0.650932 0.126255 0.109458
0 0.628253 0.450619 0.170332 0.170532
0 0.771552 0.511217 0.130563 0.136894
0 0.823005 0.662351 0.0926811 0.0859226
0 0.539793 0.692154 0.0599863 0.19075
0 0.650404 0.452979 0.223136 0.204213
0 0.918346 0.80691 0.163309 0.286827
0 0.106752 0.419454 0.213503 0.240185
0 0.669596 0.650932 0.126255 0.109458
0 0.628253 0.450619 0.170332 0.170532
0 0.771552 0.511217 0.130563 0.136894
0 0.823005 0.662351 0.0926811 0.0859226
0 0.539793 0.692154 0.0599863 0.19075
0 0.657611 0.654009 0.143549 0.115845
0 0.102997 0.401261 0.176128 0.133142
0 0.824254 0.668431 0.0905696 0.0907267
0 0.770421 0.518752 0.129516 0.122971
0 0.913594 0.804434 0.168756 0.27509
0 0.543039 0.694866 0.0585712 0.160528
0 0.695136 0.455403 0.0915741 0.175897
0 0.781935 0.853863 0.128587 0.124613
0 0.391421 0.400533 0.107903 0.168475
0 0.564013 0.497737 0.0621379 0.0627152
0 0.409848 0.575655 0.0372831 0.133611
0 0.620693 0.47342 0.113515 0.141791
0 0.608641 0.398263 0.120332 0.0948571
