0 0.30479 0.524619 0.16247 0.272781
0 0.663692 0.782254 0.122257 0.210335
0 0.351272 0.88214 0.108295 0.235721
0 0.694386 0.63207 0.110544 0.153192
0 0.519052 0.945412 0.162676 0.109176
0 0.138517 0.486793 0.0844656 0.189142
0 0.463146 0.631425 0.1141 0.229778
0 0.946275 0.772688 0.10745 0.207443
0 0.35835 0.845533 0.0984469 0.308934
0 0.52011 0.575422 0.077025 0.185722
0 0.906174 0.873986 0.0976278 0.252027
0 0.155666 0.241712 0.1294 0.107939
0 0.0299898 0.689029 0.0591103 0.193635
0 0.58532 0.42047 0.0897381 0.13268
0 0.577332 0.845827 0.0934624 0.158513
0 0.367821 0.82417 0.080143 0.268358
0 0.881073 0.467497 0.0711842 0.0942166
0 0.52979 0.416396 0.126696 0.116474
0 0.361678 0.202944 0.129056 0.168293
0 0.30479 0.524619 0.16247 0.272781
0 0.663692 0.782254 0.122257 0.210335
0 0.351272 0.88214 0.108295 0.235721
0 0.694386 0.63207 0.110544 0.153192
0 0.519052 0.945412 0.162676 0.109176
0 0.138517 0.486793 0.0844656 0.189142
0 0.463146 0.631425 0.1141 0.229778
0 0.946275 0.772688 0.10745 0.207443
0 0.35835 0.845533 0.0984469 0.308934
0 0.52011 0.575422 0.077025 0.185722
0 0.906174 0.873986 0.0976278 0.252027
0 0.155666 0.241712 0.1294 0.107939
0 0.0299898 0.689029 0.0591103 0.193635
0 0.58532 0.42047 0.0897381 0.13268
0 0.577332 0.845827 0.0934624 0.158513
0 0.367821 0.82417 0.080143 0.268358
0 0.881073 0.467497 0.0711842 0.0942166
0 0.52979 0.416396 0.126696 0.116474
0 0.361678 0.202944 0.129056 0.168293
0 0.301185 0.529893 0.153001 0.291998
0 0.692914 0.62535 0.114798 0.165138
0 0.668192 0.785557 0.126715 0.198854
0 0.944855 0.76612 0.106133 0.161721
0 0.521204 0.581221 0.0782429 0.161072
0 0.471274 0.643334 0.105215 0.211376
0 0.356349 0.840932 0.114117 0.318137
0 0.534417 0.932132 0.22268 0.135735
0 0.135519 0.484561 0.081528 0.17857
0 0.0379791 0.674316 0.0759582 0.181853
0 0.761704 0.584134 0.10193 0.120442
0 0.911822 0.873584 0.119183 0.252832
0 0.970922 0.636314 0.0581572 0.0954241
0 0.155009 0.239287 0.125584 0.0906508
0 0.881343 0.470497 0.0705776 0.0842253
0 0.522073 0.934538 0.17836 0.130668
0 0.185614 0.337006 0.0594914 0.0786272
