0 0.885996 0.658862 0.228008 0.256455
0 0.762412 0.333987 0.139923 0.123699
0 0.751062 0.588223 0.143905 0.147166
0 0.858409 0.468959 0.135365 0.144468
0 0.118284 0.442131 0.13138 0.187163
0 0.722552 0.375127 0.229463 0.192415
0 0.643596 0.583049 0.075373 0.207853
0 0.920728 0.250061 0.120098 0.10746
0 0.337762 0.317768 0.272717 0.254843
0 0.0979282 0.413341 0.169328 0.28438
0 0.0464123 0.855013 0.0924197 0.125514
0 0.885996 0.658862 0.228008 0.256455
0 0.762412 0.333987 0.139923 0.123699
0 0.751062 0.588223 0.143905 0.147166
0 0.858409 0.468959 0.135365 0.144468
0 0.118284 0.442131 0.13138 0.187163
0 0.722552 0.375127 0.229463 0.192415
0 0.643596 0.583049 0.075373 0.207853
0 0.920728 0.250061 0.120098 0.10746
0 0.337762 0.317768 0.272717 0.254843
0 0.0979282 0.413341 0.169328 0.28438
0 0.0464123 0.855013 0.0924197 0.125514
0 0.890752 0.650406 0.218495 0.230522
0 0.864281 0.46977 0.15351 0.135338
0 0.689323 0.388057 0.133313 0.14571
0 0.363805 0.289172 0.255089 0.210618
0 0.764294 0.332422 0.11707 0.118087
0 0.740672 0.598744 0.12282 0.127293
0 0.173407 0.341516 0.0669917 0.0604977
0 0.907581 0.2487 0.10773 0.108832
0 0.642986 0.581152 0.0752566 0.158228
0 0.840951 0.760611 0.0552868 0.120109
0 0.0909284 0.415388 0.178525 0.244931
0 0.415544 0.181567 0.130185 0.111125
0 0.935195 0.855992 0.12961 0.140105
