0 0.908241 0.832043 0.083556 0.191108
0 0.180859 0.118002 0.177157 0.131806
0 0.763031 0.923568 0.144397 0.152865
0 0.647453 0.640864 0.129997 0.23507
0 0.641618 0.652553 0.158878 0.320789
0 0.856813 0.530135 0.125075 0.122579
0 0.81695 0.85523 0.111539 0.22511
0 0.266691 0.36264 0.0865419 0.199664
0 0.530809 0.36432 0.180603 0.20249
0 0.184127 0.135778 0.201692 0.171925
0 0.425703 0.636795 0.306029 0.289522
0 0.522326 0.359084 0.148024 0.166984
0 0.664483 0.611863 0.114315 0.238727
0 0.0533901 0.706281 0.10678 0.17038
0 0.94959 0.610352 0.096518 0.12248
0 0.97672 0.848698 0.0465603 0.181378
0 0.0312954 0.266338 0.0553628 0.1989
0 0.771682 0.879784 0.171568 0.240431
0 0.837339 0.621048 0.0490547 0.106148
0 0.908241 0.832043 0.083556 0.191108
0 0.180859 0.118002 0.177157 0.131806
0 0.763031 0.923568 0.144397 0.152865
0 0.647453 0.640864 0.129997 0.23507
0 0.641618 0.652553 0.158878 0.320789
0 0.856813 0.530135 0.125075 0.122579
0 0.81695 0.85523 0.111539 0.22511
0 0.266691 0.36264 0.0865419 0.199664
0 0.530809 0.36432 0.180603 0.20249
0 0.184127 0.135778 0.201692 0.171925
0 0.425703 0.636795 0.306029 0.289522
0 0.522326 0.359084 0.148024 0.166984
0 0.664483 0.611863 0.114315 0.238727
0 0.0533901 0.706281 0.10678 0.17038
0 0.94959 0.610352 0.096518 0.12248
0 0.97672 0.848698 0.0465603 0.181378
0 0.0312954 0.266338 0.0553628 0.1989
0 0.771682 0.879784 0.171568 0.240431
0 0.837339 0.621048 0.0490547 0.106148
0 0.253021 0.239524 0.132912 0.0991364
0 0.430542 0.614285 0.318466 0.275784
0 0.177907 0.131054 0.140877 0.160458
0 0.909626 0.824477 0.0713392 0.177618
0 0.625776 0.669974 0.145563 0.292112
0 0.825383 0.860297 0.105218 0.228887
0 0.195658 0.302671 0.107305 0.104989
0 0.272811 0.365039 0.0795592 0.193359
0 0.523298 0.362437 0.182969 0.210164
0 0.723945 0.613792 0.0890499 0.250111
0 0.504731 0.373322 0.148329 0.168897
0 0.841681 0.305569 0.0769943 0.109242
