0 0.580341 0.527005 0.137212 0.256691
0 0.473549 0.659205 0.127155 0.249714
0 0.767935 0.723713 0.11713 0.22691
0 0.780545 0.93716 0.146046 0.125679
0 0.276502 0.369198 0.0812883 0.111394
0 0.705017 0.371905 0.0775633 0.0914717
0 0.370567 0.232408 0.0949541 0.107225
0 0.580341 0.527005 0.137212 0.256691
0 0.473549 0.659205 0.127155 0.249714
0 0.767935 0.723713 0.11713 0.22691
0 0.780545 0.93716 0.146046 0.125679
0 0.276502 0.369198 0.0812883 0.111394
0 0.705017 0.371905 0.0775633 0.0914717
0 0.370567 0.232408 0.0949541 0.107225
0 0.467522 0.665431 0.138213 0.249584
0 0.577553 0.529359 0.144736 0.234772
0 0.770265 0.725111 0.102742 0.239643
0 0.371856 0.222803 0.0818671 0.0808891
0 0.773165 0.940868 0.14073 0.118265
0 0.705115 0.371864 0.0696655 0.093159
0 0.277614 0.362393 0.0717077 0.0989083
