0 0.803025 0.424762 0.143352 0.18131
0 0.260138 0.612516 0.129406 0.258225
0 0.676822 0.714341 0.190305 0.249954
0 0.828195 0.141734 0.142257 0.120376
0 0.571467 0.428435 0.172618 0.20909
0 0.403273 0.294973 0.0895373 0.0963916
0 0.82603 0.743785 0.102492 0.218479
0 0.730563 0.864925 0.209468 0.27015
0 0.10632 0.851846 0.113865 0.296308
0 0.957354 0.467894 0.0849602 0.125693
0 0.704543 0.391115 0.0748954 0.120193
0 0.897086 0.527066 0.11866 0.162069
0 0.946703 0.358052 0.0935272 0.0826222
0 0.267991 0.323605 0.0663205 0.131406
0 0.65066 0.208041 0.0889528 0.0952018
0 0.141644 0.402536 0.129471 0.138935
0 0.476964 0.317869 0.0442832 0.126056
0 0.0662648 0.40126 0.13253 0.183389
0 0.720305 0.825063 0.202335 0.349874
0 0.453609 0.206589 0.0734543 0.126438
0 0.803025 0.424762 0.143352 0.18131
0 0.260138 0.612516 0.129406 0.258225
0 0.676822 0.714341 0.190305 0.249954
0 0.828195 0.141734 0.142257 0.120376
0 0.571467 0.428435 0.172618 0.20909
0 0.403273 0.294973 0.0895373 0.0963916
0 0.82603 0.743785 0.102492 0.218479
0 0.730563 0.864925 0.209468 0.27015
0 0.10632 0.851846 0.113865 0.296308
0 0.957354 0.467894 0.0849602 0.125693
0 0.704543 0.391115 0.0748954 0.120193
0 0.897086 0.527066 0.11866 0.162069
0 0.946703 0.358052 0.0935272 0.0826222
0 0.267991 0.323605 0.0663205 0.131406
0 0.65066 0.208041 0.0889528 0.0952018
0 0.141644 0.402536 0.129471 0.138935
0 0.476964 0.317869 0.0442832 0.126056
0 0.0662648 0.40126 0.13253 0.183389
0 0.720305 0.825063 0.202335 0.349874
0 0.453609 0.206589 0.0734543 0.126438
0 0.805568 0.432837 0.133099 0.184535
0 0.259167 0.620496 0.118233 0.217835
0 0.946661 0.365462 0.084893 0.067357
0 0.9249 0.863033 0.150201 0.272148
0 0.892761 0.527009 0.144989 0.187964
0 0.398832 0.293789 0.0845934 0.0898656
0 0.0981949 0.864899 0.0990159 0.270202
0 0.835786 0.738626 0.116183 0.216334
0 0.717437 0.80556 0.251347 0.38888
0 0.617673 0.481581 0.0678068 0.165937
0 0.268051 0.322599 0.0589454 0.132806
0 0.544816 0.404927 0.106793 0.105344
0 0.829234 0.143599 0.140781 0.112821
0 0.961522 0.46909 0.0760086 0.115768
0 0.707762 0.399664 0.0699251 0.0928455
0 0.691082 0.732016 0.21389 0.288007
0 0.0394322 0.0447797 0.07618 0.0549241
0 0.66782 0.342582 0.133311 0.195352
0 0.0614229 0.411231 0.122846 0.216243
0 0.124402 0.413492 0.165485 0.185869
