0 0.38294 0.0844123 0.174194 0.163301
0 0.922945 0.514452 0.154109 0.294967
0 0.941875 0.804639 0.104107 0.291996
0 0.7817 0.526363 0.117055 0.0907859
0 0.940747 0.344895 0.118506 0.150002
0 0.598331 0.198757 0.12496 0.133653
0 0.899985 0.186549 0.119301 0.158543
0 0.688633 0.262871 0.124514 0.13067
0 0.38294 0.0844123 0.174194 0.163301
0 0.922945 0.514452 0.154109 0.294967
0 0.941875 0.804639 0.104107 0.291996
0 0.7817 0.526363 0.117055 0.0907859
0 0.940747 0.344895 0.118506 0.150002
0 0.598331 0.198757 0.12496 0.133653
0 0.899985 0.186549 0.119301 0.158543
0 0.688633 0.262871 0.124514 0.13067
0 0.784106 0.534918 0.116745 0.0940382
0 0.387537 0.0841139 0.174584 0.168228
0 0.595475 0.19829 0.11149 0.130762
0 0.917454 0.514866 0.16327 0.271667
0 0.935244 0.342686 0.124998 0.203081
0 0.14199 0.3654 0.100183 0.111255
0 0.268186 0.936183 0.121808 0.127635
0 0.943944 0.815009 0.105647 0.293285
0 0.326696 0.902858 0.0931274 0.140194
