0 0.106837 0.865145 0.213673 0.252086
0 0.264472 0.450322 0.179188 0.312526
0 0.698481 0.3543 0.171225 0.149892
0 0.117344 0.100911 0.230563 0.178338
0 0.841939 0.129955 0.121946 0.100918
0 0.512608 0.154992 0.118093 0.136199
0 0.566926 0.450761 0.147488 0.196068
0 0.931487 0.464497 0.134844 0.148766
0 0.746172 0.548119 0.129647 0.128331
0 0.581594 0.537692 0.15519 0.4278
0 0.599685 0.592191 0.115164 0.267609
0 0.428638 0.418386 0.107953 0.182429
0 0.0971327 0.0751139 0.187592 0.132313
0 0.939149 0.598968 0.111445 0.101472
0 0.473434 0.733016 0.180672 0.253593
0 0.371629 0.148189 0.145347 0.148954
0 0.960864 0.763995 0.0713482 0.238436
0 0.106837 0.865145 0.213673 0.252086
0 0.264472 0.450322 0.179188 0.312526
0 0.698481 0.3543 0.171225 0.149892
0 0.117344 0.100911 0.230563 0.178338
0 0.841939 0.129955 0.121946 0.100918
0 0.512608 0.154992 0.118093 0.136199
0 0.566926 0.450761 0.147488 0.196068
0 0.931487 0.464497 0.134844 0.148766
0 0.746172 0.548119 0.129647 0.128331
0 0.581594 0.537692 0.15519 0.4278
0 0.599685 0.592191 0.115164 0.267609
0 0.428638 0.418386 0.107953 0.182429
0 0.0971327 0.0751139 0.187592 0.132313
0 0.939149 0.598968 0.111445 0.101472
0 0.473434 0.733016 0.180672 0.253593
0 0.371629 0.148189 0.145347 0.148954
0 0.960864 0.763995 0.0713482 0.238436
0 0.693163 0.354477 0.174191 0.15428
0 0.108652 0.865662 0.217304 0.268677
0 0.106092 0.0958885 0.212184 0.156548
0 0.259165 0.454852 0.175609 0.350442
0 0.750282 0.551242 0.127678 0.11506
0 0.841122 0.130126 0.118077 0.0889063
0 0.578185 0.518045 0.194975 0.384904
0 0.517168 0.153453 0.149399 0.130272
0 0.446557 0.758188 0.105426 0.28399
0 0.909563 0.48745 0.176349 0.176107
0 0.371687 0.150868 0.147353 0.141565
0 0.468664 0.893924 0.0553825 0.146638
0 0.427789 0.624073 0.082633 0.0924675
