0 0.791477 0.700653 0.190537 0.274341
0 0.729237 0.392416 0.158079 0.180025
0 0.296456 0.769971 0.0807284 0.23114
0 0.94578 0.75056 0.101735 0.252359
0 0.529804 0.859755 0.110052 0.129825
0 0.158318 0.339583 0.105859 0.0897944
0 0.50118 0.638378 0.113447 0.142371
0 0.073052 0.0901024 0.146104 0.14029
0 0.112765 0.511784 0.077248 0.21731
0 0.371255 0.515186 0.0677395 0.173692
0 0.462375 0.916672 0.0859804 0.166657
0 0.24966 0.476658 0.0503269 0.150798
0 0.497256 0.311814 0.129588 0.139727
0 0.283536 0.525192 0.0652345 0.130835
0 0.473891 0.480282 0.05529 0.0923243
0 0.150759 0.894241 0.0883801 0.211518
0 0.978088 0.500248 0.043145 0.146635
0 0.32757 0.479725 0.0468716 0.109818
0 0.131127 0.14379 0.0971484 0.0829248
0 0.25579 0.466379 0.0550844 0.128549
0 0.277737 0.512372 0.0623458 0.179285
0 0.0867503 0.414281 0.0619545 0.133572
0 0.791477 0.700653 0.190537 0.274341
0 0.729237 0.392416 0.158079 0.180025
0 0.296456 0.769971 0.0807284 0.23114
0 0.94578 0.75056 0.101735 0.252359
0 0.529804 0.859755 0.110052 0.129825
0 0.158318 0.339583 0.105859 0.0897944
0 0.50118 0.638378 0.113447 0.142371
0 0.073052 0.0901024 0.146104 0.14029
0 0.112765 0.511784 0.077248 0.21731
0 0.371255 0.515186 0.0677395 0.173692
0 0.462375 0.916672 0.0859804 0.166657
0 0.24966 0.476658 0.0503269 0.150798
0 0.497256 0.311814 0.129588 0.139727
0 0.283536 0.525192 0.0652345 0.130835
0 0.473891 0.480282 0.05529 0.0923243
0 0.150759 0.894241 0.0883801 0.211518
0 0.978088 0.500248 0.043145 0.146635
0 0.32757 0.479725 0.0468716 0.109818
0 0.131127 0.14379 0.0971484 0.0829248
0 0.25579 0.466379 0.0550844 0.128549
0 0.277737 0.512372 0.0623458 0.179285
0 0.0867503 0.414281 0.0619545 0.133572
0 0.534873 0.859087 0.12001 0.133855
0 0.0746198 0.0922714 0.14924 0.136964
0 0.943382 0.746827 0.107359 0.216585
0 0.497096 0.631732 0.117708 0.153796
0 0.729438 0.390279 0.15534 0.180928
0 0.496861 0.309206 0.13212 0.135164
0 0.296989 0.769336 0.0744803 0.25015
0 0.376294 0.517587 0.0731963 0.176551
0 0.473789 0.479988 0.0586344 0.080616
0 0.11647 0.522188 0.0880364 0.238445
0 0.794726 0.711461 0.220209 0.291402
0 0.460457 0.902552 0.0691828 0.194895
0 0.280186 0.522331 0.0584625 0.131924
0 0.0879834 0.396453 0.0445725 0.105098
0 0.326744 0.471786 0.0506877 0.092838
0 0.302869 0.331744 0.0651212 0.121431
0 0.150339 0.339524 0.103056 0.0861126
0 0.250459 0.474494 0.0616646 0.142377
