0 0.870912 0.652431 0.258176 0.244915
0 0.507966 0.262013 0.196665 0.195387
0 0.687559 0.569787 0.0763741 0.191309
0 0.15928 0.420601 0.0984261 0.222376
0 0.206134 0.863492 0.101043 0.273015
0 0.917002 0.493451 0.143062 0.14181
0 0.532395 0.368599 0.0996918 0.0993898
0 0.650041 0.262103 0.0645513 0.149304
0 0.825138 0.349187 0.110119 0.115417
0 0.902081 0.790499 0.0604271 0.117049
0 0.321795 0.279235 0.0988019 0.0963721
0 0.664243 0.38755 0.05482 0.147803
0 0.870912 0.652431 0.258176 0.244915
0 0.507966 0.262013 0.196665 0.195387
0 0.687559 0.569787 0.0763741 0.191309
0 0.15928 0.420601 0.0984261 0.222376
0 0.206134 0.863492 0.101043 0.273015
0 0.917002 0.493451 0.143062 0.14181
0 0.532395 0.368599 0.0996918 0.0993898
0 0.650041 0.262103 0.0645513 0.149304
0 0.825138 0.349187 0.110119 0.115417
0 0.902081 0.790499 0.0604271 0.117049
0 0.321795 0.279235 0.0988019 0.0963721
0 0.664243 0.38755 0.05482 0.147803
0 0.87577 0.646155 0.24846 0.207209
0 0.51921 0.253318 0.193248 0.203225
0 0.918096 0.501056 0.158835 0.15725
0 0.134289 0.405197 0.162067 0.288267
0 0.902892 0.798915 0.0644287 0.162941
0 0.691586 0.568334 0.0664749 0.149425
0 0.0706497 0.175386 0.141299 0.125113
0 0.731282 0.395679 0.132943 0.17072
0 0.211379 0.863954 0.106778 0.272092
0 0.957047 0.255655 0.082781 0.106454
0 0.960939 0.864883 0.0767071 0.0684543
0 0.534005 0.365584 0.0981533 0.110282
0 0.0560659 0.323158 0.107724 0.147486
