0 0.138851 0.185683 0.165565 0.144622
0 0.891116 0.424712 0.139016 0.155277
0 0.785026 0.645778 0.0829819 0.193538
0 0.496352 0.15421 0.226017 0.27887
0 0.661046 0.205784 0.11325 0.153436
0 0.804159 0.310327 0.103247 0.0885474
0 0.663835 0.567223 0.0821892 0.106224
0 0.212484 0.654145 0.0741359 0.191802
0 0.333808 0.544723 0.0864999 0.150301
0 0.957346 0.63979 0.0753693 0.210033
0 0.529158 0.432024 0.0409606 0.180698
0 0.0291866 0.73972 0.0583732 0.196516
0 0.67193 0.346363 0.0623328 0.183625
0 0.138851 0.185683 0.165565 0.144622
0 0.891116 0.424712 0.139016 0.155277
0 0.785026 0.645778 0.0829819 0.193538
0 0.496352 0.15421 0.226017 0.27887
0 0.661046 0.205784 0.11325 0.153436
0 0.804159 0.310327 0.103247 0.0885474
0 0.663835 0.567223 0.0821892 0.106224
0 0.212484 0.654145 0.0741359 0.191802
0 0.333808 0.544723 0.0864999 0.150301
0 0.957346 0.63979 0.0753693 0.210033
0 0.529158 0.432024 0.0409606 0.180698
0 0.0291866 0.73972 0.0583732 0.196516
0 0.67193 0.346363 0.0623328 0.183625
0 0.141533 0.189354 0.185397 0.157187
0 0.482321 0.118392 0.145284 0.187039
0 0.0687346 0.0812768 0.113278 0.15323
0 0.664651 0.208959 0.123912 0.181387
0 0.957013 0.629799 0.0785759 0.151705
0 0.895187 0.431303 0.147922 0.156808
0 0.792421 0.650686 0.0721521 0.170402
0 0.182529 0.0467007 0.0817745 0.0934014
0 0.817168 0.813145 0.210908 0.239423
0 0.33512 0.544069 0.0601851 0.137081
0 0.550428 0.196974 0.0822552 0.260583
0 0.683332 0.36603 0.124724 0.273367
0 0.361217 0.705649 0.0517374 0.101086
0 0.750553 0.423957 0.0688416 0.0721221
0 0.0467659 0.794699 0.0935318 0.313092
