0 0.391851 0.531446 0.104679 0.135223
0 0.310863 0.379685 0.139216 0.155885
0 0.281768 0.0382187 0.0991582 0.0762108
0 0.532601 0.429562 0.133194 0.131169
0 0.710292 0.22395 0.110105 0.101621
0 0.496464 0.208913 0.100777 0.0997123
0 0.865627 0.905237 0.144377 0.133115
0 0.0334157 0.239042 0.0668314 0.183404
0 0.138783 0.346995 0.154236 0.175825
0 0.969848 0.776422 0.0603032 0.168116
0 0.0273589 0.0805657 0.0534976 0.0728972
0 0.391851 0.531446 0.104679 0.135223
0 0.310863 0.379685 0.139216 0.155885
0 0.281768 0.0382187 0.0991582 0.0762108
0 0.532601 0.429562 0.133194 0.131169
0 0.710292 0.22395 0.110105 0.101621
0 0.496464 0.208913 0.100777 0.0997123
0 0.865627 0.905237 0.144377 0.133115
0 0.0334157 0.239042 0.0668314 0.183404
0 0.138783 0.346995 0.154236 0.175825
0 0.969848 0.776422 0.0603032 0.168116
0 0.0273589 0.0805657 0.0534976 0.0728972
0 0.861236 0.897001 0.150303 0.140623
0 0.388055 0.530299 0.0964748 0.123381
0 0.157837 0.353065 0.113004 0.207198
0 0.316255 0.390346 0.148883 0.148761
0 0.970669 0.776205 0.0586629 0.171723
0 0.545952 0.417461 0.116456 0.102803
0 0.714155 0.22796 0.111573 0.106552
0 0.0302456 0.239401 0.0591502 0.241171
