0 0.66909 0.863001 0.243353 0.187714
0 0.788677 0.314311 0.155195 0.132665
0 0.603704 0.437126 0.116518 0.077852
0 0.91123 0.276862 0.177541 0.115796
0 0.159298 0.587628 0.14427 0.206706
0 0.130612 0.560741 0.223061 0.258699
0 0.345697 0.604054 0.0968415 0.149753
0 0.66909 0.863001 0.243353 0.187714
0 0.788677 0.314311 0.155195 0.132665
0 0.603704 0.437126 0.116518 0.077852
0 0.91123 0.276862 0.177541 0.115796
0 0.159298 0.587628 0.14427 0.206706
0 0.130612 0.560741 0.223061 0.258699
0 0.345697 0.604054 0.0968415 0.149753
0 0.790228 0.312871 0.167125 0.13385
0 0.907978 0.280717 0.184044 0.137778
0 0.603798 0.439153 0.106732 0.0763704
0 0.679454 0.870424 0.238525 0.201651
0 0.165033 0.584354 0.125614 0.185036
