0 0.334044 0.147794 0.202604 0.22482
0 0.910088 0.883682 0.179824 0.232637
0 0.81156 0.602387 0.1006 0.200952
0 0.449997 0.411918 0.0686222 0.126885
0 0.631162 0.317271 0.117665 0.086808
0 0.917523 0.367631 0.110643 0.085103
0 0.504708 0.239063 0.0896592 0.106324
0 0.725563 0.210184 0.102671 0.0902343
0 0.193325 0.13955 0.0662721 0.118078
0 0.334044 0.147794 0.202604 0.22482
0 0.910088 0.883682 0.179824 0.232637
0 0.81156 0.602387 0.1006 0.200952
0 0.449997 0.411918 0.0686222 0.126885
0 0.631162 0.317271 0.117665 0.086808
0 0.917523 0.367631 0.110643 0.085103
0 0.504708 0.239063 0.0896592 0.106324
0 0.725563 0.210184 0.102671 0.0902343
0 0.193325 0.13955 0.0662721 0.118078
0 0.913344 0.884423 0.173312 0.226687
0 0.332195 0.15315 0.187737 0.224358
0 0.918427 0.371513 0.103181 0.0797012
0 0.810721 0.600653 0.101112 0.20729
0 0.449579 0.401689 0.0572124 0.132739
0 0.189151 0.332404 0.0550495 0.0462083
0 0.0528945 0.474082 0.105789 0.320028
0 0.864958 0.0716548 0.0805294 0.0606854
0 0.04547 0.427923 0.086664 0.159363
0 0.0467067 0.466158 0.0889151 0.256133
