0 0.629152 0.415187 0.256132 0.218952
0 0.931018 0.730846 0.137964 0.199953
0 0.898785 0.535639 0.202431 0.185436
0 0.34385 0.406246 0.180445 0.15592
0 0.836069 0.157188 0.102584 0.099841
0 0.510647 0.14276 0.115002 0.102963
0 0.0747261 0.145137 0.135443 0.12051
0 0.894277 0.290016 0.135483 0.0990721
0 0.624971 0.566186 0.0883361 0.178768
0 0.323323 0.214279 0.265892 0.206573
0 0.135059 0.222393 0.12185 0.0921466
0 0.767181 0.55723 0.192007 0.169861
0 0.466427 0.526884 0.123697 0.174572
0 0.746426 0.454349 0.152957 0.122004
0 0.629152 0.415187 0.256132 0.218952
0 0.931018 0.730846 0.137964 0.199953
0 0.898785 0.535639 0.202431 0.185436
0 0.34385 0.406246 0.180445 0.15592
0 0.836069 0.157188 0.102584 0.099841
0 0.510647 0.14276 0.115002 0.102963
0 0.0747261 0.145137 0.135443 0.12051
0 0.894277 0.290016 0.135483 0.0990721
0 0.624971 0.566186 0.0883361 0.178768
0 0.323323 0.214279 0.265892 0.206573
0 0.135059 0.222393 0.12185 0.0921466
0 0.767181 0.55723 0.192007 0.169861
0 0.466427 0.526884 0.123697 0.174572
0 0.746426 0.454349 0.152957 0.122004
0 0.924561 0.726192 0.145881 0.194364
0 0.649387 0.425974 0.274343 0.225493
0 0.299367 0.197687 0.192058 0.162847
0 0.898097 0.541763 0.198073 0.20425
0 0.0731267 0.152417 0.146253 0.131752
0 0.336971 0.401425 0.177401 0.161347
0 0.400343 0.204041 0.184143 0.204889
0 0.271728 0.719134 0.215996 0.20843
0 0.900294 0.292057 0.137115 0.105337
0 0.473052 0.530296 0.109789 0.178316
0 0.728406 0.0716389 0.0912191 0.0583583
0 0.792132 0.316783 0.134223 0.116402
0 0.453654 0.802047 0.369704 0.395905
0 0.504291 0.153469 0.137914 0.12657
