0 0.529051 0.4076 0.120822 0.121047
0 0.319174 0.353745 0.138103 0.137016
0 0.0518711 0.0554058 0.10159 0.103269
0 0.842304 0.821521 0.130556 0.146046
0 0.384531 0.498204 0.098022 0.136653
0 0.0391547 0.177533 0.0757529 0.161709
0 0.462144 0.202951 0.0881128 0.0905308
0 0.529051 0.4076 0.120822 0.121047
0 0.319174 0.353745 0.138103 0.137016
0 0.0518711 0.0554058 0.10159 0.103269
0 0.842304 0.821521 0.130556 0.146046
0 0.384531 0.498204 0.098022 0.136653
0 0.0391547 0.177533 0.0757529 0.161709
0 0.462144 0.202951 0.0881128 0.0905308
0 0.840222 0.83134 0.125375 0.123906
0 0.380833 0.505315 0.101608 0.128239
0 0.330135 0.363014 0.154673 0.145145
0 0.529589 0.406183 0.131936 0.125005
0 0.048025 0.055826 0.0959873 0.0905567
0 0.18086 0.322046 0.0783442 0.20468
0 0.977535 0.771817 0.0449297 0.163014
