0 0.338721 0.130079 0.143544 0.0998287
0 0.230302 0.321191 0.0970385 0.0787489
0 0.0404309 0.153398 0.0808618 0.0835831
0 0.89219 0.523698 0.0642349 0.174519
0 0.792722 0.333787 0.0494188 0.098206
0 0.846393 0.0935779 0.110821 0.0911924
0 0.338721 0.130079 0.143544 0.0998287
0 0.230302 0.321191 0.0970385 0.0787489
0 0.0404309 0.153398 0.0808618 0.0835831
0 0.89219 0.523698 0.0642349 0.174519
0 0.792722 0.333787 0.0494188 0.098206
0 0.846393 0.0935779 0.110821 0.0911924
0 0.331924 0.132611 0.151431 0.099617
0 0.892294 0.53439 0.0554455 0.16862
0 0.0412955 0.155706 0.082591 0.0716079
0 0.232757 0.322553 0.0989243 0.0733361
