0 0.683728 0.3976 0.153621 0.142857
0 0.908192 0.524491 0.183617 0.169042
0 0.0830802 0.863899 0.16616 0.269453
0 0.240275 0.436899 0.154225 0.375663
0 0.330152 0.137899 0.135329 0.151988
0 0.470027 0.458089 0.155606 0.376947
0 0.483364 0.125442 0.140009 0.171756
0 0.741483 0.591108 0.145508 0.112712
0 0.460924 0.51727 0.157142 0.232035
0 0.560495 0.633208 0.112234 0.116144
0 0.409956 0.848695 0.114481 0.254184
0 0.864361 0.802907 0.114428 0.123301
0 0.238174 0.075355 0.102867 0.10105
0 0.48424 0.419439 0.144385 0.372728
0 0.683728 0.3976 0.153621 0.142857
0 0.908192 0.524491 0.183617 0.169042
0 0.0830802 0.863899 0.16616 0.269453
0 0.240275 0.436899 0.154225 0.375663
0 0.330152 0.137899 0.135329 0.151988
0 0.470027 0.458089 0.155606 0.376947
0 0.483364 0.125442 0.140009 0.171756
0 0.741483 0.591108 0.145508 0.112712
0 0.460924 0.51727 0.157142 0.232035
0 0.560495 0.633208 0.112234 0.116144
0 0.409956 0.848695 0.114481 0.254184
0 0.864361 0.802907 0.114428 0.123301
0 0.238174 0.075355 0.102867 0.10105
0 0.48424 0.419439 0.144385 0.372728
0 0.910283 0.530196 0.179434 0.173109
0 0.678218 0.395923 0.166519 0.169287
0 0.0867485 0.864071 0.173497 0.271859
0 0.234584 0.431056 0.14968 0.373188
0 0.484658 0.408613 0.134479 0.345619
0 0.346748 0.14508 0.1614 0.169039
0 0.395808 0.820263 0.129535 0.359474
0 0.392111 0.812236 0.110012 0.295735
0 0.631369 0.298473 0.074383 0.0642826
0 0.388712 0.344792 0.0715953 0.0996972
0 0.55484 0.637721 0.110495 0.136514
0 0.253624 0.149877 0.0724983 0.0723999
