0 0.809 0.512075 0.208059 0.226716
0 0.695735 0.364842 0.144526 0.105389
0 0.534323 0.39198 0.126202 0.123824
0 0.528786 0.62208 0.181028 0.258331
0 0.361973 0.459902 0.35028 0.457165
0 0.640076 0.227546 0.142771 0.226239
0 0.386421 0.510639 0.495015 0.487413
0 0.442951 0.28706 0.112286 0.144106
0 0.559293 0.220548 0.106943 0.090199
0 0.442886 0.0552453 0.14057 0.0930159
0 0.809 0.512075 0.208059 0.226716
0 0.695735 0.364842 0.144526 0.105389
0 0.534323 0.39198 0.126202 0.123824
0 0.528786 0.62208 0.181028 0.258331
0 0.361973 0.459902 0.35028 0.457165
0 0.640076 0.227546 0.142771 0.226239
0 0.386421 0.510639 0.495015 0.487413
0 0.442951 0.28706 0.112286 0.144106
0 0.559293 0.220548 0.106943 0.090199
0 0.442886 0.0552453 0.14057 0.0930159
0 0.681228 0.369088 0.145598 0.10938
0 0.558371 0.233136 0.124983 0.112373
0 0.534134 0.392267 0.125482 0.127807
0 0.813718 0.518936 0.216716 0.219886
0 0.644939 0.225776 0.112316 0.196291
0 0.384998 0.489188 0.371617 0.469205
0 0.441746 0.290427 0.0878071 0.135946
0 0.943091 0.12514 0.10389 0.0856222
