0 0.528862 0.428472 0.202924 0.162063
0 0.585507 0.847315 0.252352 0.301003
0 0.256481 0.644198 0.325058 0.275748
0 0.391571 0.259253 0.183301 0.178566
0 0.79344 0.708482 0.0815999 0.176177
0 0.957994 0.865376 0.0673517 0.178731
0 0.897381 0.64984 0.096312 0.149715
0 0.396381 0.269558 0.137568 0.197575
0 0.830617 0.602244 0.0661222 0.0964565
0 0.755541 0.475882 0.126573 0.0929438
0 0.876262 0.800871 0.0964024 0.137287
0 0.284249 0.342806 0.153074 0.109793
0 0.528862 0.428472 0.202924 0.162063
0 0.585507 0.847315 0.252352 0.301003
0 0.256481 0.644198 0.325058 0.275748
0 0.391571 0.259253 0.183301 0.178566
0 0.79344 0.708482 0.0815999 0.176177
0 0.957994 0.865376 0.0673517 0.178731
0 0.897381 0.64984 0.096312 0.149715
0 0.396381 0.269558 0.137568 0.197575
0 0.830617 0.602244 0.0661222 0.0964565
0 0.755541 0.475882 0.126573 0.0929438
0 0.876262 0.800871 0.0964024 0.137287
0 0.284249 0.342806 0.153074 0.109793
0 0.519393 0.426319 0.175892 0.145638
0 0.300127 0.34634 0.143586 0.107077
0 0.265999 0.665451 0.380689 0.289682
0 0.568219 0.845712 0.314739 0.308576
0 0.960451 0.862728 0.0619715 0.168854
0 0.771471 0.492237 0.155842 0.116837
0 0.399552 0.263598 0.160779 0.189527
0 0.795311 0.714377 0.0774668 0.168673
0 0.751902 0.813639 0.125444 0.319905
0 0.891006 0.648229 0.109644 0.130217
0 0.246012 0.62727 0.318457 0.224828
