0 0.205744 0.349751 0.131223 0.228632
0 0.376043 0.401564 0.286506 0.294062
0 0.325103 0.0433145 0.121072 0.0866289
0 0.396129 0.226802 0.148688 0.152685
0 0.228555 0.54111 0.0907537 0.199835
0 0.277201 0.429289 0.099917 0.114647
0 0.809724 0.927618 0.122864 0.144764
0 0.205744 0.349751 0.131223 0.228632
0 0.376043 0.401564 0.286506 0.294062
0 0.325103 0.0433145 0.121072 0.0866289
0 0.396129 0.226802 0.148688 0.152685
0 0.228555 0.54111 0.0907537 0.199835
0 0.277201 0.429289 0.099917 0.114647
0 0.809724 0.927618 0.122864 0.144764
0 0.321341 0.0456785 0.11308 0.0816705
0 0.373898 0.406463 0.274501 0.297754
0 0.211236 0.346364 0.127501 0.242223
0 0.395208 0.224187 0.14931 0.167883
0 0.760008 0.237631 0.103123 0.0753318
0 0.262914 0.112412 0.108734 0.0704473
0 0.224441 0.518247 0.0968094 0.237614
0 0.888524 0.344633 0.0909027 0.105013
