0 0.294179 0.499807 0.135941 0.103214
0 0.394589 0.899829 0.239989 0.200342
0 0.191849 0.890732 0.197742 0.20105
0 0.117424 0.71102 0.139795 0.153563
0 0.8782 0.321013 0.149072 0.111918
0 0.567679 0.804674 0.109316 0.199857
0 0.533545 0.871025 0.10915 0.208227
0 0.0324238 0.641158 0.0645995 0.168737
0 0.170679 0.531503 0.0906448 0.0760165
0 0.823278 0.86186 0.257358 0.276279
0 0.185387 0.67583 0.0487941 0.169717
0 0.294179 0.499807 0.135941 0.103214
0 0.394589 0.899829 0.239989 0.200342
0 0.191849 0.890732 0.197742 0.20105
0 0.117424 0.71102 0.139795 0.153563
0 0.8782 0.321013 0.149072 0.111918
0 0.567679 0.804674 0.109316 0.199857
0 0.533545 0.871025 0.10915 0.208227
0 0.0324238 0.641158 0.0645995 0.168737
0 0.170679 0.531503 0.0906448 0.0760165
0 0.823278 0.86186 0.257358 0.276279
0 0.185387 0.67583 0.0487941 0.169717
0 0.292145 0.494172 0.138375 0.0974201
0 0.881808 0.324668 0.143069 0.108653
0 0.117086 0.712132 0.145148 0.160475
0 0.200753 0.881552 0.183341 0.200321
0 0.395537 0.902193 0.227727 0.195615
0 0.0377671 0.650828 0.0755342 0.171637
0 0.175629 0.538827 0.0950038 0.0580267
0 0.552392 0.841461 0.124558 0.260866
0 0.814203 0.857218 0.225308 0.285563
0 0.35287 0.385724 0.0818296 0.060711
0 0.69223 0.545843 0.101593 0.110238
0 0.429513 0.432716 0.0706889 0.0748461
0 0.0271446 0.452172 0.0542891 0.0751027
