0 0.762086 0.774461 0.141713 0.210236
0 0.866807 0.687424 0.133708 0.19989
0 0.858573 0.455547 0.202424 0.166263
0 0.446761 0.142419 0.111175 0.0853402
0 0.377841 0.407192 0.0759269 0.0962646
0 0.329428 0.61575 0.0561096 0.127564
0 0.151414 0.431849 0.184612 0.110034
0 0.9578 0.903228 0.0830483 0.0682919
0 0.92427 0.219045 0.120639 0.0885513
0 0.492539 0.469995 0.0371065 0.0889002
0 0.452228 0.584012 0.0975822 0.143389
0 0.576836 0.522029 0.0678452 0.119878
0 0.963998 0.680565 0.0719437 0.173359
0 0.962588 0.658405 0.0748232 0.163725
0 0.762086 0.774461 0.141713 0.210236
0 0.866807 0.687424 0.133708 0.19989
0 0.858573 0.455547 0.202424 0.166263
0 0.446761 0.142419 0.111175 0.0853402
0 0.377841 0.407192 0.0759269 0.0962646
0 0.329428 0.61575 0.0561096 0.127564
0 0.151414 0.431849 0.184612 0.110034
0 0.9578 0.903228 0.0830483 0.0682919
0 0.92427 0.219045 0.120639 0.0885513
0 0.492539 0.469995 0.0371065 0.0889002
0 0.452228 0.584012 0.0975822 0.143389
0 0.576836 0.522029 0.0678452 0.119878
0 0.963998 0.680565 0.0719437 0.173359
0 0.962588 0.658405 0.0748232 0.163725
0 0.7644 0.773417 0.140368 0.206865
0 0.858353 0.441564 0.213521 0.156379
0 0.867306 0.685685 0.133794 0.188891
0 0.150176 0.431245 0.189835 0.124693
0 0.44618 0.147479 0.107754 0.0787532
0 0.742414 0.494483 0.11515 0.120799
0 0.916963 0.22201 0.116679 0.0782064
0 0.363511 0.332673 0.0888347 0.091613
0 0.49321 0.471467 0.0494823 0.095796
0 0.327775 0.612772 0.0539747 0.11238
0 0.459957 0.581457 0.109623 0.134021
0 0.880669 0.55721 0.0593524 0.0531557
0 0.967866 0.672846 0.0642672 0.154128
