0 0.664209 0.524507 0.134597 0.148352
0 0.383434 0.794954 0.0618982 0.1484
0 0.556367 0.664189 0.118776 0.125062
0 0.503453 0.855675 0.0522862 0.16726
0 0.925153 0.887088 0.143578 0.214723
0 0.620707 0.876353 0.0975908 0.198521
0 0.585495 0.561157 0.128593 0.169348
0 0.7213 0.667664 0.0925728 0.0823107
0 0.156266 0.39748 0.09883 0.0782778
0 0.382592 0.621646 0.0452478 0.167643
0 0.225134 0.644284 0.0920373 0.140512
0 0.77658 0.562907 0.0984366 0.0959599
0 0.772017 0.875586 0.146293 0.198841
0 0.565388 0.333789 0.108233 0.0853737
0 0.0397108 0.571092 0.0794216 0.193373
0 0.219447 0.476142 0.103237 0.18809
0 0.389275 0.63511 0.0457815 0.188559
0 0.13862 0.467726 0.0997922 0.077228
0 0.303052 0.505123 0.0769655 0.0725708
0 0.430526 0.565291 0.0702262 0.105287
0 0.506206 0.477532 0.0498938 0.118605
0 0.330932 0.468642 0.0687777 0.136665
0 0.702348 0.441239 0.10275 0.15639
0 0.664209 0.524507 0.134597 0.148352
0 0.383434 0.794954 0.0618982 0.1484
0 0.556367 0.664189 0.118776 0.125062
0 0.503453 0.855675 0.0522862 0.16726
0 0.925153 0.887088 0.143578 0.214723
0 0.620707 0.876353 0.0975908 0.198521
0 0.585495 0.561157 0.128593 0.169348
0 0.7213 0.667664 0.0925728 0.0823107
0 0.156266 0.39748 0.09883 0.0782778
0 0.382592 0.621646 0.0452478 0.167643
0 0.225134 0.644284 0.0920373 0.140512
0 0.77658 0.562907 0.0984366 0.0959599
0 0.772017 0.875586 0.146293 0.198841
0 0.565388 0.333789 0.108233 0.0853737
0 0.0397108 0.571092 0.0794216 0.193373
0 0.219447 0.476142 0.103237 0.18809
0 0.389275 0.63511 0.0457815 0.188559
0 0.13862 0.467726 0.0997922 0.077228
0 0.303052 0.505123 0.0769655 0.0725708
0 0.430526 0.565291 0.0702262 0.105287
0 0.506206 0.477532 0.0498938 0.118605
0 0.330932 0.468642 0.0687777 0.136665
0 0.702348 0.441239 0.10275 0.15639
0 0.720737 0.674329 0.10353 0.0713026
0 0.660651 0.531781 0.144726 0.139908
0 0.555328 0.661538 0.13108 0.116909
0 0.136649 0.466715 0.0983192 0.0861239
0 0.917149 0.865862 0.165701 0.251382
0 0.624872 0.883204 0.0877758 0.18391
0 0.217426 0.479446 0.129275 0.198276
0 0.0412411 0.56754 0.0824822 0.159924
0 0.584403 0.561822 0.120535 0.180164
0 0.152406 0.402116 0.108476 0.078232
0 0.222554 0.642612 0.0874635 0.146198
0 0.385825 0.795848 0.0641751 0.143211
0 0.700512 0.444503 0.106561 0.137004
0 0.508508 0.860444 0.0562856 0.160021
0 0.753918 0.771295 0.132949 0.135275
0 0.797738 0.863607 0.199813 0.221711
0 0.330092 0.198568 0.0721526 0.0551277
0 0.418169 0.429793 0.0574814 0.107843
0 0.219323 0.325094 0.0760045 0.108419
0 0.509651 0.485193 0.0505317 0.0806227
