0 0.747064 0.321523 0.169729 0.145642
0 0.398211 0.454839 0.217719 0.218828
0 0.0511658 0.0945648 0.097806 0.170888
0 0.502871 0.745097 0.0659586 0.100772
0 0.942654 0.74513 0.114693 0.286093
0 0.937131 0.387668 0.125737 0.161571
0 0.695001 0.0863166 0.138747 0.150279
0 0.23281 0.0992283 0.0934876 0.198457
0 0.0636425 0.871196 0.118133 0.166488
0 0.346036 0.280359 0.106091 0.0960777
0 0.747064 0.321523 0.169729 0.145642
0 0.398211 0.454839 0.217719 0.218828
0 0.0511658 0.0945648 0.097806 0.170888
0 0.502871 0.745097 0.0659586 0.100772
0 0.942654 0.74513 0.114693 0.286093
0 0.937131 0.387668 0.125737 0.161571
0 0.695001 0.0863166 0.138747 0.150279
0 0.23281 0.0992283 0.0934876 0.198457
0 0.0636425 0.871196 0.118133 0.166488
0 0.346036 0.280359 0.106091 0.0960777
0 0.749085 0.31689 0.168058 0.137702
0 0.645962 0.199928 0.101503 0.058601
0 0.371109 0.454625 0.193328 0.230213
0 0.940847 0.369529 0.117447 0.115685
0 0.0485377 0.0826175 0.0928012 0.165235
0 0.405514 0.916387 0.0999825 0.142121
0 0.969634 0.520821 0.0607317 0.20977
0 0.15261 0.126327 0.0543857 0.0483194
0 0.241498 0.09813 0.0607539 0.1618
