0 0.358028 0.43945 0.188595 0.275336
0 0.529055 0.505487 0.208925 0.272427
0 0.192505 0.569061 0.126909 0.236711
0 0.469607 0.798178 0.268717 0.202481
0 0.153171 0.863919 0.306343 0.272163
0 0.227768 0.408059 0.0793448 0.146648
0 0.751526 0.54463 0.0922485 0.165707
0 0.0303833 0.525887 0.0607666 0.231733
0 0.201758 0.173414 0.0845514 0.098018
0 0.504445 0.680348 0.141965 0.106432
0 0.153336 0.0649396 0.130692 0.127742
0 0.936071 0.961854 0.115755 0.0762917
0 0.788092 0.653835 0.181179 0.127783
0 0.847473 0.229581 0.0934124 0.105296
0 0.358028 0.43945 0.188595 0.275336
0 0.529055 0.505487 0.208925 0.272427
0 0.192505 0.569061 0.126909 0.236711
0 0.469607 0.798178 0.268717 0.202481
0 0.153171 0.863919 0.306343 0.272163
0 0.227768 0.408059 0.0793448 0.146648
0 0.751526 0.54463 0.0922485 0.165707
0 0.0303833 0.525887 0.0607666 0.231733
0 0.201758 0.173414 0.0845514 0.098018
0 0.504445 0.680348 0.141965 0.106432
0 0.153336 0.0649396 0.130692 0.127742
0 0.936071 0.961854 0.115755 0.0762917
0 0.788092 0.653835 0.181179 0.127783
0 0.847473 0.229581 0.0934124 0.105296
0 0.15266 0.867159 0.295468 0.265682
0 0.508435 0.679829 0.158005 0.136259
0 0.17957 0.573932 0.165674 0.244953
0 0.535038 0.507514 0.204611 0.296715
0 0.874346 0.762868 0.149123 0.194537
0 0.405849 0.267113 0.108473 0.125961
0 0.362568 0.450367 0.202108 0.287297
0 0.487145 0.796652 0.229308 0.181671
0 0.777474 0.656699 0.169921 0.160315
0 0.192023 0.177369 0.076021 0.060377
0 0.0301362 0.530363 0.0602724 0.252021
0 0.228927 0.407459 0.0695911 0.138612
0 0.455644 0.774124 0.222079 0.143292
0 0.850125 0.228022 0.0974689 0.0967418
0 0.477051 0.149132 0.0794723 0.071958
