0 0.937512 0.897722 0.121981 0.204556
0 0.727693 0.640382 0.0929429 0.08721
0 0.74773 0.850502 0.124834 0.217552
0 0.352032 0.817377 0.0664532 0.180003
0 0.614204 0.908396 0.0974537 0.183208
0 0.65215 0.519559 0.141382 0.165677
0 0.878309 0.754364 0.104863 0.128631
0 0.576502 0.550759 0.105809 0.153471
0 0.83079 0.922583 0.134799 0.154835
0 0.301969 0.506018 0.0902657 0.15224
0 0.566561 0.655689 0.0951197 0.105904
0 0.204988 0.531996 0.0951363 0.302654
0 0.965981 0.494197 0.0614552 0.13365
0 0.475181 0.858942 0.049445 0.18417
0 0.920718 0.702505 0.048317 0.10577
0 0.45591 0.513675 0.106163 0.206672
0 0.781318 0.51866 0.0887421 0.100909
0 0.441455 0.485376 0.12069 0.261566
0 0.576192 0.772151 0.0892666 0.080345
0 0.203084 0.492959 0.08593 0.281955
0 0.685855 0.445175 0.147291 0.137293
0 0.499841 0.466273 0.0580671 0.0866511
0 0.43664 0.49154 0.105584 0.208435
0 0.100745 0.428113 0.131935 0.091216
0 0.937512 0.897722 0.121981 0.204556
0 0.727693 0.640382 0.0929429 0.08721
0 0.74773 0.850502 0.124834 0.217552
0 0.352032 0.817377 0.0664532 0.180003
0 0.614204 0.908396 0.0974537 0.183208
0 0.65215 0.519559 0.141382 0.165677
0 0.878309 0.754364 0.104863 0.128631
0 0.576502 0.550759 0.105809 0.153471
0 0.83079 0.922583 0.134799 0.154835
0 0.301969 0.506018 0.0902657 0.15224
0 0.566561 0.655689 0.0951197 0.105904
0 0.204988 0.531996 0.0951363 0.302654
0 0.965981 0.494197 0.0614552 0.13365
0 0.475181 0.858942 0.049445 0.18417
0 0.920718 0.702505 0.048317 0.10577
0 0.45591 0.513675 0.106163 0.206672
0 0.781318 0.51866 0.0887421 0.100909
0 0.441455 0.485376 0.12069 0.261566
0 0.576192 0.772151 0.0892666 0.080345
0 0.203084 0.492959 0.08593 0.281955
0 0.685855 0.445175 0.147291 0.137293
0 0.499841 0.466273 0.0580671 0.0866511
0 0.43664 0.49154 0.105584 0.208435
0 0.100745 0.428113 0.131935 0.091216
0 0.659118 0.528368 0.150914 0.164296
0 0.612566 0.909391 0.0859803 0.175738
0 0.354782 0.812101 0.0582647 0.163632
0 0.568362 0.658105 0.11867 0.103596
0 0.0951498 0.436357 0.120806 0.0947818
0 0.883488 0.762481 0.10174 0.100373
0 0.753005 0.839966 0.128742 0.2267
0 0.591862 0.57726 0.148488 0.192005
0 0.727271 0.637624 0.0950222 0.0881039
0 0.0405557 0.54426 0.07317 0.200366
0 0.931393 0.874577 0.129024 0.250846
0 0.206702 0.499262 0.0855109 0.288591
0 0.833679 0.932707 0.142575 0.127846
0 0.920256 0.707941 0.0523159 0.0742406
0 0.477161 0.860771 0.0451418 0.1798
0 0.0362997 0.377411 0.0686504 0.0751459
0 0.965062 0.484702 0.0627304 0.139902
0 0.183492 0.310676 0.0871733 0.100821
0 0.343848 0.410008 0.092311 0.0685423
0 0.201338 0.521559 0.0861733 0.389087
0 0.689479 0.45389 0.139317 0.149271
