0 0.768964 0.418574 0.206553 0.251961
0 0.263284 0.122261 0.291856 0.244521
0 0.322985 0.0368725 0.0867526 0.0657773
0 0.918053 0.531201 0.163895 0.32463
0 0.259941 0.329296 0.267313 0.287817
0 0.659114 0.102204 0.245838 0.172788
0 0.692385 0.773476 0.137126 0.135518
0 0.768964 0.418574 0.206553 0.251961
0 0.263284 0.122261 0.291856 0.244521
0 0.322985 0.0368725 0.0867526 0.0657773
0 0.918053 0.531201 0.163895 0.32463
0 0.259941 0.329296 0.267313 0.287817
0 0.659114 0.102204 0.245838 0.172788
0 0.692385 0.773476 0.137126 0.135518
0 0.0724951 0.145943 0.14499 0.194887
0 0.940609 0.914217 0.105921 0.130878
0 0.768589 0.444835 0.220057 0.300488
0 0.675442 0.109281 0.17728 0.171438
0 0.696472 0.779574 0.150209 0.151838
0 0.851531 0.12632 0.185998 0.18533
0 0.916804 0.504042 0.166391 0.235528
0 0.620128 0.378117 0.0810621 0.0963954
0 0.234518 0.293263 0.28172 0.458901
