0 0.671917 0.902996 0.24256 0.194007
0 0.741939 0.284435 0.1944 0.139301
0 0.868928 0.262202 0.189018 0.12169
0 0.597906 0.431294 0.121426 0.0835802
0 0.0784672 0.569386 0.150748 0.203775
0 0.671917 0.902996 0.24256 0.194007
0 0.741939 0.284435 0.1944 0.139301
0 0.868928 0.262202 0.189018 0.12169
0 0.597906 0.431294 0.121426 0.0835802
0 0.0784672 0.569386 0.150748 0.203775
0 0.873602 0.264673 0.205822 0.128322
0 0.59956 0.435688 0.11015 0.0786287
0 0.743059 0.276743 0.181671 0.13844
0 0.678477 0.913028 0.23891 0.173944
