0 0.701304 0.355098 0.157429 0.124354
0 0.137716 0.297314 0.228947 0.187136
0 0.142785 0.426828 0.129192 0.125383
0 0.125409 0.850727 0.250817 0.217529
0 0.223796 0.74366 0.19609 0.19636
0 0.526688 0.668221 0.112147 0.350966
0 0.526636 0.697438 0.136494 0.417864
0 0.532241 0.730702 0.105505 0.333616
0 0.709692 0.0878179 0.119518 0.106954
0 0.701304 0.355098 0.157429 0.124354
0 0.137716 0.297314 0.228947 0.187136
0 0.142785 0.426828 0.129192 0.125383
0 0.125409 0.850727 0.250817 0.217529
0 0.223796 0.74366 0.19609 0.19636
0 0.526688 0.668221 0.112147 0.350966
0 0.526636 0.697438 0.136494 0.417864
0 0.532241 0.730702 0.105505 0.333616
0 0.709692 0.0878179 0.119518 0.106954
0 0.68649 0.359138 0.143729 0.13242
0 0.128118 0.838189 0.255771 0.196506
0 0.146685 0.424653 0.152779 0.127332
0 0.226541 0.748163 0.198496 0.190264
0 0.146758 0.289642 0.225691 0.202926
0 0.525271 0.656298 0.10954 0.38406
