0 0.244568 0.742778 0.0770397 0.172553
0 0.0896302 0.669571 0.170719 0.215916
0 0.283803 0.536046 0.0768319 0.0738771
0 0.416732 0.782334 0.0964313 0.25061
0 0.215331 0.504882 0.107181 0.0809074
0 0.704382 0.817993 0.0937667 0.14329
0 0.736798 0.626905 0.0746193 0.183491
0 0.418258 0.798158 0.112348 0.316525
0 0.170253 0.330053 0.137796 0.116787
0 0.881705 0.626858 0.101115 0.100056
0 0.247741 0.337466 0.107457 0.0771561
0 0.244568 0.742778 0.0770397 0.172553
0 0.0896302 0.669571 0.170719 0.215916
0 0.283803 0.536046 0.0768319 0.0738771
0 0.416732 0.782334 0.0964313 0.25061
0 0.215331 0.504882 0.107181 0.0809074
0 0.704382 0.817993 0.0937667 0.14329
0 0.736798 0.626905 0.0746193 0.183491
0 0.418258 0.798158 0.112348 0.316525
0 0.170253 0.330053 0.137796 0.116787
0 0.881705 0.626858 0.101115 0.100056
0 0.247741 0.337466 0.107457 0.0771561
0 0.703565 0.817084 0.0954123 0.140197
0 0.254691 0.339992 0.107514 0.07488
0 0.249931 0.748799 0.0796844 0.188552
0 0.286559 0.541727 0.0818349 0.0694092
0 0.224999 0.513315 0.0800982 0.0556775
0 0.88858 0.628025 0.112372 0.105441
0 0.741434 0.624467 0.0691645 0.172446
0 0.405058 0.526123 0.0782954 0.0828265
0 0.0852102 0.658724 0.17042 0.218635
0 0.396729 0.902154 0.0824334 0.195544
0 0.080315 0.277759 0.101127 0.0549403
0 0.070136 0.228451 0.117361 0.0710232
