0 0.144394 0.175323 0.185752 0.137963
0 0.685673 0.16113 0.133455 0.169279
0 0.919896 0.424787 0.145948 0.160993
0 0.838128 0.811954 0.179681 0.210183
0 0.489292 0.103117 0.245034 0.206234
0 0.801824 0.624181 0.0909729 0.236766
0 0.20985 0.657258 0.0756085 0.197672
0 0.540023 0.407779 0.0464157 0.180434
0 0.182191 0.0363649 0.0816968 0.0664437
0 0.144394 0.175323 0.185752 0.137963
0 0.685673 0.16113 0.133455 0.169279
0 0.919896 0.424787 0.145948 0.160993
0 0.838128 0.811954 0.179681 0.210183
0 0.489292 0.103117 0.245034 0.206234
0 0.801824 0.624181 0.0909729 0.236766
0 0.20985 0.657258 0.0756085 0.197672
0 0.540023 0.407779 0.0464157 0.180434
0 0.182191 0.0363649 0.0816968 0.0664437
0 0.141519 0.177158 0.174971 0.144966
0 0.473616 0.0828433 0.164478 0.165627
0 0.686087 0.161481 0.130135 0.169252
0 0.0660258 0.0647489 0.125772 0.129498
0 0.925572 0.603438 0.148855 0.171915
0 0.808695 0.628263 0.0812182 0.2328
0 0.336345 0.539124 0.0598695 0.143582
0 0.360482 0.704055 0.0545709 0.0967329
0 0.577706 0.109886 0.141591 0.18925
0 0.842553 0.796735 0.194082 0.226355
0 0.181413 0.0411891 0.078894 0.0823781
0 0.916486 0.423843 0.151423 0.163134
