0 0.432976 0.324063 0.190207 0.223756
0 0.627933 0.331953 0.134646 0.13578
0 0.350703 0.581651 0.142632 0.128452
0 0.126993 0.609824 0.230103 0.232337
0 0.82242 0.462453 0.154845 0.131942
0 0.319878 0.283551 0.0514076 0.0887294
0 0.289494 0.0819296 0.0960463 0.0669322
0 0.381269 0.178548 0.1245 0.156625
0 0.264143 0.62462 0.217965 0.180085
0 0.85274 0.290648 0.114153 0.0983987
0 0.930725 0.653133 0.138551 0.211504
0 0.673016 0.0844162 0.0863045 0.0859974
0 0.369554 0.16871 0.101915 0.129653
0 0.432976 0.324063 0.190207 0.223756
0 0.627933 0.331953 0.134646 0.13578
0 0.350703 0.581651 0.142632 0.128452
0 0.126993 0.609824 0.230103 0.232337
0 0.82242 0.462453 0.154845 0.131942
0 0.319878 0.283551 0.0514076 0.0887294
0 0.289494 0.0819296 0.0960463 0.0669322
0 0.381269 0.178548 0.1245 0.156625
0 0.264143 0.62462 0.217965 0.180085
0 0.85274 0.290648 0.114153 0.0983987
0 0.930725 0.653133 0.138551 0.211504
0 0.673016 0.0844162 0.0863045 0.0859974
0 0.369554 0.16871 0.101915 0.129653
0 0.627394 0.338272 0.137172 0.121488
0 0.345679 0.577537 0.155294 0.1276
0 0.821805 0.459174 0.128541 0.124808
0 0.442328 0.328303 0.204768 0.241768
0 0.384344 0.182092 0.147975 0.168001
0 0.139458 0.615005 0.234809 0.221153
0 0.173383 0.194838 0.0815111 0.0792381
0 0.272577 0.625796 0.201378 0.160082
0 0.124161 0.233979 0.0661823 0.0708593
0 0.86303 0.298353 0.113263 0.104252
0 0.286322 0.0862721 0.100674 0.057446
0 0.672678 0.0875496 0.0742724 0.0596794
0 0.934146 0.624557 0.126995 0.258628
0 0.0665228 0.206957 0.0540335 0.0512691
