0 0.598593 0.411214 0.141863 0.13209
0 0.777739 0.795748 0.179797 0.150274
0 0.347737 0.366998 0.135591 0.119376
0 0.0496339 0.885564 0.0983488 0.228872
0 0.528791 0.885352 0.121113 0.156621
0 0.952533 0.707826 0.0672941 0.164369
0 0.21675 0.168723 0.103719 0.0772113
0 0.76251 0.369408 0.108567 0.101906
0 0.671074 0.488252 0.0646921 0.126561
0 0.0581788 0.226093 0.0974052 0.0917786
0 0.0420344 0.38513 0.0840689 0.139237
0 0.847407 0.534337 0.101124 0.0975179
0 0.700466 0.359853 0.103428 0.0987176
0 0.598593 0.411214 0.141863 0.13209
0 0.777739 0.795748 0.179797 0.150274
0 0.347737 0.366998 0.135591 0.119376
0 0.0496339 0.885564 0.0983488 0.228872
0 0.528791 0.885352 0.121113 0.156621
0 0.952533 0.707826 0.0672941 0.164369
0 0.21675 0.168723 0.103719 0.0772113
0 0.76251 0.369408 0.108567 0.101906
0 0.671074 0.488252 0.0646921 0.126561
0 0.0581788 0.226093 0.0974052 0.0917786
0 0.0420344 0.38513 0.0840689 0.139237
0 0.847407 0.534337 0.101124 0.0975179
0 0.700466 0.359853 0.103428 0.0987176
0 0.214085 0.172545 0.0958804 0.0590266
0 0.596344 0.41201 0.124603 0.122681
0 0.850418 0.530003 0.0909418 0.0900627
0 0.0580458 0.223939 0.116092 0.0887494
0 0.684695 0.358923 0.0748745 0.0836244
0 0.785644 0.791873 0.207021 0.16178
0 0.0467888 0.391879 0.0895755 0.162103
0 0.055634 0.899159 0.111268 0.201682
0 0.729314 0.283672 0.081554 0.0592667
0 0.768476 0.369269 0.0975415 0.0993638
0 0.958533 0.707469 0.0648739 0.152709
0 0.341972 0.36759 0.156601 0.132682
0 0.674724 0.48826 0.0552102 0.122569
