0 0.557825 0.726498 0.145713 0.208085
0 0.196505 0.844652 0.112227 0.310696
0 0.35586 0.597033 0.0796696 0.194224
0 0.794045 0.600578 0.141855 0.271755
0 0.227803 0.465758 0.0501983 0.184059
0 0.0458693 0.0831095 0.0905368 0.0884869
0 0.166431 0.253639 0.183519 0.2044
0 0.155522 0.100789 0.190284 0.189314
0 0.298775 0.280402 0.0824929 0.0960228
0 0.557825 0.726498 0.145713 0.208085
0 0.196505 0.844652 0.112227 0.310696
0 0.35586 0.597033 0.0796696 0.194224
0 0.794045 0.600578 0.141855 0.271755
0 0.227803 0.465758 0.0501983 0.184059
0 0.0458693 0.0831095 0.0905368 0.0884869
0 0.166431 0.253639 0.183519 0.2044
0 0.155522 0.100789 0.190284 0.189314
0 0.298775 0.280402 0.0824929 0.0960228
0 0.56433 0.725584 0.141169 0.198818
0 0.791622 0.590826 0.156297 0.261872
0 0.934031 0.94747 0.131938 0.105061
0 0.0510554 0.086514 0.0987656 0.0809942
0 0.307528 0.470076 0.127708 0.135384
0 0.132625 0.199024 0.0921756 0.0616878
0 0.229921 0.465625 0.0472253 0.192675
0 0.189782 0.850433 0.110666 0.299135
0 0.0316589 0.421036 0.0633179 0.146547
0 0.129831 0.287421 0.0984897 0.103348
0 0.140481 0.19607 0.111837 0.0726983
