0 0.526519 0.465187 0.229588 0.226569
0 0.396324 0.618347 0.178575 0.188311
0 0.532277 0.278113 0.140317 0.139625
0 0.247511 0.307878 0.101063 0.203455
0 0.0964113 0.521784 0.116006 0.199451
0 0.747046 0.869669 0.333298 0.260663
0 0.526519 0.465187 0.229588 0.226569
0 0.396324 0.618347 0.178575 0.188311
0 0.532277 0.278113 0.140317 0.139625
0 0.247511 0.307878 0.101063 0.203455
0 0.0964113 0.521784 0.116006 0.199451
0 0.747046 0.869669 0.333298 0.260663
0 0.530058 0.272395 0.153149 0.161839
0 0.530914 0.473066 0.228865 0.246299
0 0.400833 0.61669 0.174034 0.199172
0 0.877325 0.199725 0.0934525 0.0700716
0 0.250878 0.322887 0.104457 0.239653
0 0.142239 0.803647 0.0505111 0.0534936
0 0.132913 0.204721 0.265826 0.301641
