0 0.738117 0.633836 0.259307 0.226243
0 0.542388 0.370232 0.231776 0.199524
0 0.227502 0.313021 0.259885 0.200914
0 0.0833868 0.445913 0.166774 0.141187
0 0.531627 0.808645 0.0829496 0.300946
0 0.474857 0.513512 0.114285 0.212457
0 0.727157 0.145034 0.101545 0.106902
0 0.738117 0.633836 0.259307 0.226243
0 0.542388 0.370232 0.231776 0.199524
0 0.227502 0.313021 0.259885 0.200914
0 0.0833868 0.445913 0.166774 0.141187
0 0.531627 0.808645 0.0829496 0.300946
0 0.474857 0.513512 0.114285 0.212457
0 0.727157 0.145034 0.101545 0.106902
0 0.738455 0.644326 0.248257 0.227277
0 0.545283 0.343663 0.183307 0.154045
0 0.0830582 0.453091 0.165784 0.151479
0 0.469628 0.510965 0.137747 0.192859
0 0.232513 0.306695 0.263758 0.188968
0 0.530966 0.808975 0.0724621 0.256375
0 0.040177 0.234339 0.0797004 0.132078
