0 0.56144 0.277487 0.301471 0.29443
0 0.410276 0.254099 0.113093 0.16695
0 0.816383 0.487235 0.342684 0.311597
0 0.455652 0.139128 0.100724 0.102025
0 0.976562 0.179415 0.0468765 0.159827
0 0.59479 0.032511 0.0803827 0.0605931
0 0.0354907 0.200961 0.0694615 0.194696
0 0.56144 0.277487 0.301471 0.29443
0 0.410276 0.254099 0.113093 0.16695
0 0.816383 0.487235 0.342684 0.311597
0 0.455652 0.139128 0.100724 0.102025
0 0.976562 0.179415 0.0468765 0.159827
0 0.59479 0.032511 0.0803827 0.0605931
0 0.0354907 0.200961 0.0694615 0.194696
0 0.58446 0.295046 0.255623 0.336236
0 0.828662 0.513625 0.342676 0.323551
0 0.924175 0.367393 0.146825 0.143109
0 0.414898 0.248684 0.119583 0.182984
0 0.656002 0.213966 0.0672952 0.0629859
0 0.0431382 0.205761 0.0862764 0.22393
