0 0.933686 0.809056 0.132629 0.190659
0 0.200616 0.300313 0.148849 0.110827
0 0.742326 0.544521 0.0903495 0.123456
0 0.609867 0.0901495 0.115722 0.0911929
0 0.643662 0.54431 0.107551 0.178484
0 0.441136 0.571084 0.0644218 0.113864
0 0.574172 0.415509 0.0394599 0.090074
0 0.965028 0.679012 0.0699437 0.132385
0 0.35113 0.187915 0.0861345 0.077741
0 0.933686 0.809056 0.132629 0.190659
0 0.200616 0.300313 0.148849 0.110827
0 0.742326 0.544521 0.0903495 0.123456
0 0.609867 0.0901495 0.115722 0.0911929
0 0.643662 0.54431 0.107551 0.178484
0 0.441136 0.571084 0.0644218 0.113864
0 0.574172 0.415509 0.0394599 0.090074
0 0.965028 0.679012 0.0699437 0.132385
0 0.35113 0.187915 0.0861345 0.077741
0 0.194234 0.304677 0.148922 0.107408
0 0.933314 0.80946 0.13097 0.188218
0 0.746164 0.543278 0.0868565 0.121035
0 0.354173 0.197727 0.0894298 0.0968321
0 0.889125 0.484443 0.134324 0.130528
0 0.655003 0.581106 0.104546 0.0941555
0 0.422738 0.292659 0.0907708 0.0522263
0 0.630229 0.537857 0.0825699 0.167813
0 0.968683 0.691925 0.0626348 0.173105
0 0.575255 0.419374 0.0431001 0.0907759
