0 0.760082 0.792378 0.113997 0.20438
0 0.605434 0.874247 0.0983582 0.251505
0 0.884803 0.930403 0.138495 0.139194
0 0.371454 0.514908 0.0767024 0.14276
0 0.177167 0.527381 0.143817 0.129842
0 0.917763 0.726368 0.131803 0.128678
0 0.511586 0.498835 0.0950744 0.259956
0 0.733645 0.548561 0.0856683 0.137152
0 0.350577 0.919217 0.146062 0.119591
0 0.164993 0.278871 0.16265 0.127485
0 0.484127 0.467787 0.162878 0.280635
0 0.065529 0.453567 0.0997122 0.151626
0 0.350038 0.754838 0.0644 0.147422
0 0.661305 0.479491 0.123961 0.154303
0 0.960324 0.454287 0.0750664 0.147765
0 0.625191 0.603399 0.107953 0.124548
0 0.488885 0.461213 0.126526 0.247977
0 0.603213 0.494847 0.104469 0.109431
0 0.432571 0.428058 0.0673119 0.146017
0 0.459572 0.832099 0.0808445 0.201846
0 0.166293 0.295509 0.191888 0.159269
0 0.628133 0.504001 0.160164 0.177614
0 0.640988 0.482758 0.148249 0.167169
0 0.288989 0.384085 0.0783311 0.13487
0 0.760082 0.792378 0.113997 0.20438
0 0.605434 0.874247 0.0983582 0.251505
0 0.884803 0.930403 0.138495 0.139194
0 0.371454 0.514908 0.0767024 0.14276
0 0.177167 0.527381 0.143817 0.129842
0 0.917763 0.726368 0.131803 0.128678
0 0.511586 0.498835 0.0950744 0.259956
0 0.733645 0.548561 0.0856683 0.137152
0 0.350577 0.919217 0.146062 0.119591
0 0.164993 0.278871 0.16265 0.127485
0 0.484127 0.467787 0.162878 0.280635
0 0.065529 0.453567 0.0997122 0.151626
0 0.350038 0.754838 0.0644 0.147422
0 0.661305 0.479491 0.123961 0.154303
0 0.960324 0.454287 0.0750664 0.147765
0 0.625191 0.603399 0.107953 0.124548
0 0.488885 0.461213 0.126526 0.247977
0 0.603213 0.494847 0.104469 0.109431
0 0.432571 0.428058 0.0673119 0.146017
0 0.459572 0.832099 0.0808445 0.201846
0 0.166293 0.295509 0.191888 0.159269
0 0.628133 0.504001 0.160164 0.177614
0 0.640988 0.482758 0.148249 0.167169
0 0.288989 0.384085 0.0783311 0.13487
0 0.760214 0.782364 0.111784 0.185964
0 0.629324 0.612965 0.109047 0.102365
0 0.164762 0.526931 0.114628 0.121704
0 0.169179 0.270916 0.120021 0.113938
0 0.352609 0.754183 0.0679276 0.115424
0 0.890008 0.939015 0.141431 0.121971
0 0.50358 0.487811 0.101837 0.210182
0 0.922707 0.735959 0.135187 0.114799
0 0.115982 0.354508 0.122257 0.0994429
0 0.632517 0.531308 0.168736 0.205605
0 0.378302 0.322088 0.0805279 0.266007
0 0.737488 0.550814 0.0821402 0.115332
0 0.36899 0.512967 0.0681116 0.12503
0 0.0627244 0.451619 0.0977638 0.172958
0 0.966077 0.456309 0.0678461 0.188948
0 0.339363 0.902729 0.116775 0.0865728
0 0.293483 0.405038 0.0653094 0.0709389
0 0.667146 0.469208 0.116742 0.118669
0 0.251189 0.453852 0.0604651 0.156835
0 0.623552 0.89894 0.0619083 0.184462
0 0.235704 0.438139 0.10427 0.210366
