0 0.664503 0.354161 0.190196 0.157461
0 0.731078 0.287705 0.128654 0.0999168
0 0.672706 0.877006 0.0902727 0.100254
0 0.430371 0.915547 0.0916709 0.168905
0 0.145624 0.496366 0.107036 0.113134
0 0.954611 0.517655 0.0907775 0.193466
0 0.838767 0.417342 0.0763603 0.0875294
0 0.314708 0.324157 0.108654 0.111861
0 0.0278347 0.719959 0.0507924 0.159498
0 0.568077 0.226479 0.0731519 0.0703495
0 0.920835 0.180321 0.103894 0.0774089
0 0.822838 0.603934 0.0492626 0.114815
0 0.664503 0.354161 0.190196 0.157461
0 0.731078 0.287705 0.128654 0.0999168
0 0.672706 0.877006 0.0902727 0.100254
0 0.430371 0.915547 0.0916709 0.168905
0 0.145624 0.496366 0.107036 0.113134
0 0.954611 0.517655 0.0907775 0.193466
0 0.838767 0.417342 0.0763603 0.0875294
0 0.314708 0.324157 0.108654 0.111861
0 0.0278347 0.719959 0.0507924 0.159498
0 0.568077 0.226479 0.0731519 0.0703495
0 0.920835 0.180321 0.103894 0.0774089
0 0.822838 0.603934 0.0492626 0.114815
0 0.66723 0.35598 0.174267 0.147512
0 0.730788 0.290345 0.125967 0.100104
0 0.928453 0.179075 0.0875618 0.0782235
0 0.570659 0.228885 0.0684921 0.0574494
0 0.276694 0.166665 0.0552308 0.087666
0 0.0284245 0.747432 0.0563904 0.10472
0 0.281288 0.319262 0.0868154 0.254648
0 0.839885 0.412066 0.0658201 0.080246
0 0.844525 0.195831 0.0796555 0.103801
