0 0.554014 0.845629 0.232167 0.308742
0 0.439882 0.339231 0.152178 0.206723
0 0.809395 0.609315 0.140955 0.193272
0 0.159913 0.167158 0.145535 0.123073
0 0.243407 0.796611 0.122495 0.329324
0 0.0567529 0.739363 0.103472 0.312089
0 0.0757213 0.297951 0.12041 0.127349
0 0.264998 0.0645537 0.119699 0.0887837
0 0.609257 0.179984 0.0696018 0.102734
0 0.0708166 0.722898 0.141633 0.289622
0 0.66539 0.106981 0.112752 0.0815384
0 0.554014 0.845629 0.232167 0.308742
0 0.439882 0.339231 0.152178 0.206723
0 0.809395 0.609315 0.140955 0.193272
0 0.159913 0.167158 0.145535 0.123073
0 0.243407 0.796611 0.122495 0.329324
0 0.0567529 0.739363 0.103472 0.312089
0 0.0757213 0.297951 0.12041 0.127349
0 0.264998 0.0645537 0.119699 0.0887837
0 0.609257 0.179984 0.0696018 0.102734
0 0.0708166 0.722898 0.141633 0.289622
0 0.66539 0.106981 0.112752 0.0815384
0 0.558116 0.850318 0.237589 0.299363
0 0.437166 0.337036 0.150667 0.182398
0 0.147257 0.163595 0.116876 0.116808
0 0.804816 0.608669 0.139334 0.192367
0 0.0681997 0.290345 0.136399 0.130947
0 0.24123 0.779279 0.13522 0.317787
0 0.783074 0.284252 0.0976107 0.0955264
0 0.0439931 0.773842 0.0686837 0.273979
0 0.668635 0.10318 0.107139 0.0673167
0 0.259043 0.0666235 0.112289 0.08615
0 0.0757005 0.108196 0.0839757 0.0931989
