0 0.431751 0.12247 0.174629 0.152412
0 0.39973 0.245326 0.108696 0.118284
0 0.790694 0.483558 0.10586 0.135614
0 0.411885 0.110612 0.168205 0.132833
0 0.893074 0.694679 0.20869 0.224355
0 0.431751 0.12247 0.174629 0.152412
0 0.39973 0.245326 0.108696 0.118284
0 0.790694 0.483558 0.10586 0.135614
0 0.411885 0.110612 0.168205 0.132833
0 0.893074 0.694679 0.20869 0.224355
0 0.42296 0.109581 0.1761 0.131518
0 0.912684 0.703822 0.134335 0.206688
0 0.406548 0.230184 0.0986334 0.0725323
0 0.32688 0.759477 0.057608 0.0722585
0 0.16297 0.0278245 0.14373 0.0556489
0 0.165083 0.028514 0.128193 0.0570281
