0 0.064037 0.462017 0.128074 0.222334
0 0.906376 0.21021 0.187248 0.256256
0 0.37593 0.664035 0.199536 0.158584
0 0.80599 0.507942 0.176972 0.176692
0 0.630256 0.64853 0.374698 0.352141
0 0.45026 0.419779 0.151636 0.134206
0 0.122317 0.660578 0.165237 0.151345
0 0.197119 0.330857 0.117046 0.244276
0 0.251862 0.109323 0.238379 0.154855
0 0.605241 0.636252 0.465442 0.438325
0 0.568969 0.609691 0.375059 0.377517
0 0.712368 0.248381 0.093796 0.0818492
0 0.759987 0.739706 0.15216 0.151726
0 0.064037 0.462017 0.128074 0.222334
0 0.906376 0.21021 0.187248 0.256256
0 0.37593 0.664035 0.199536 0.158584
0 0.80599 0.507942 0.176972 0.176692
0 0.630256 0.64853 0.374698 0.352141
0 0.45026 0.419779 0.151636 0.134206
0 0.122317 0.660578 0.165237 0.151345
0 0.197119 0.330857 0.117046 0.244276
0 0.251862 0.109323 0.238379 0.154855
0 0.605241 0.636252 0.465442 0.438325
0 0.568969 0.609691 0.375059 0.377517
0 0.712368 0.248381 0.093796 0.0818492
0 0.759987 0.739706 0.15216 0.151726
0 0.0643346 0.448608 0.128669 0.236982
0 0.89992 0.212558 0.20016 0.219909
0 0.123982 0.658699 0.15575 0.149744
0 0.80984 0.520584 0.201799 0.201539
0 0.384432 0.667801 0.215767 0.182134
0 0.237021 0.142547 0.20921 0.202063
0 0.744645 0.748244 0.152699 0.184915
0 0.195115 0.330821 0.136806 0.296973
0 0.638259 0.677065 0.442669 0.426992
0 0.238896 0.0882915 0.191713 0.102183
0 0.962652 0.764223 0.0746956 0.228162
0 0.456033 0.204457 0.119484 0.186965
0 0.450556 0.425358 0.151809 0.14313
