0 0.149328 0.263938 0.231182 0.261557
0 0.139933 0.438368 0.161639 0.14428
0 0.13878 0.865952 0.271039 0.228689
0 0.243255 0.758913 0.195024 0.190241
0 0.741523 0.364481 0.160924 0.165427
0 0.653934 0.309815 0.0728889 0.126825
0 0.625295 0.187924 0.084328 0.0723413
0 0.168827 0.239687 0.195677 0.187701
0 0.517925 0.557988 0.100369 0.303172
0 0.149328 0.263938 0.231182 0.261557
0 0.139933 0.438368 0.161639 0.14428
0 0.13878 0.865952 0.271039 0.228689
0 0.243255 0.758913 0.195024 0.190241
0 0.741523 0.364481 0.160924 0.165427
0 0.653934 0.309815 0.0728889 0.126825
0 0.625295 0.187924 0.084328 0.0723413
0 0.168827 0.239687 0.195677 0.187701
0 0.517925 0.557988 0.100369 0.303172
0 0.141636 0.861348 0.269766 0.214554
0 0.721273 0.369808 0.118913 0.151334
0 0.143298 0.433387 0.16066 0.128449
0 0.161536 0.283482 0.253783 0.228289
0 0.245647 0.769363 0.197997 0.19901
0 0.520889 0.526522 0.0996033 0.226738
0 0.586885 0.0389848 0.0942663 0.0635165
0 0.661294 0.311551 0.0702843 0.118658
