0 0.87114 0.646005 0.257721 0.238126
0 0.498421 0.264127 0.221364 0.18861
0 0.682932 0.564198 0.0724173 0.191429
0 0.908831 0.485379 0.148907 0.1468
0 0.819272 0.342657 0.108077 0.109502
0 0.204341 0.884691 0.099948 0.230617
0 0.657549 0.382626 0.0598765 0.141361
0 0.956192 0.261723 0.078639 0.15098
0 0.451057 0.405172 0.0872896 0.104609
0 0.894375 0.772102 0.0523827 0.11312
0 0.948719 0.842339 0.0869827 0.0820577
0 0.524924 0.379897 0.071872 0.130063
0 0.733683 0.395013 0.110777 0.139442
0 0.87114 0.646005 0.257721 0.238126
0 0.498421 0.264127 0.221364 0.18861
0 0.682932 0.564198 0.0724173 0.191429
0 0.908831 0.485379 0.148907 0.1468
0 0.819272 0.342657 0.108077 0.109502
0 0.204341 0.884691 0.099948 0.230617
0 0.657549 0.382626 0.0598765 0.141361
0 0.956192 0.261723 0.078639 0.15098
0 0.451057 0.405172 0.0872896 0.104609
0 0.894375 0.772102 0.0523827 0.11312
0 0.948719 0.842339 0.0869827 0.0820577
0 0.524924 0.379897 0.071872 0.130063
0 0.733683 0.395013 0.110777 0.139442
0 0.875094 0.643418 0.249811 0.233716
0 0.494936 0.248759 0.1974 0.19305
0 0.912276 0.489255 0.159798 0.158235
0 0.721714 0.380588 0.137347 0.178197
0 0.065964 0.177252 0.131928 0.12947
0 0.950676 0.246586 0.0963837 0.114006
0 0.132407 0.39159 0.142575 0.303065
0 0.684086 0.562963 0.070014 0.153522
0 0.175316 0.19299 0.109742 0.0729243
0 0.20461 0.86165 0.125408 0.2767
0 0.897858 0.78534 0.0624783 0.15737
0 0.0471456 0.32322 0.0924855 0.151628
0 0.952697 0.853162 0.0878053 0.0751197
