0 0.657122 0.353985 0.111321 0.130247
0 0.797811 0.426741 0.139196 0.151979
0 0.376852 0.277562 0.14034 0.111502
0 0.163283 0.0490268 0.164538 0.0980537
0 0.571113 0.200516 0.0830426 0.0770893
0 0.210239 0.263049 0.0888576 0.0647953
0 0.518775 0.0612873 0.108683 0.0821053
0 0.419176 0.116996 0.0839957 0.0649801
0 0.302599 0.161986 0.0796589 0.0943404
0 0.674735 0.787715 0.184759 0.42457
0 0.666943 0.797277 0.11483 0.337013
0 0.668534 0.209039 0.0832783 0.0700954
0 0.971408 0.344805 0.0445702 0.10821
0 0.657122 0.353985 0.111321 0.130247
0 0.797811 0.426741 0.139196 0.151979
0 0.376852 0.277562 0.14034 0.111502
0 0.163283 0.0490268 0.164538 0.0980537
0 0.571113 0.200516 0.0830426 0.0770893
0 0.210239 0.263049 0.0888576 0.0647953
0 0.518775 0.0612873 0.108683 0.0821053
0 0.419176 0.116996 0.0839957 0.0649801
0 0.302599 0.161986 0.0796589 0.0943404
0 0.674735 0.787715 0.184759 0.42457
0 0.666943 0.797277 0.11483 0.337013
0 0.668534 0.209039 0.0832783 0.0700954
0 0.971408 0.344805 0.0445702 0.10821
0 0.377409 0.277343 0.138986 0.125329
0 0.152158 0.0526719 0.18097 0.105344
0 0.797952 0.430484 0.125552 0.158664
0 0.654866 0.353015 0.102482 0.128919
0 0.30136 0.162004 0.0668121 0.0773337
0 0.2153 0.262641 0.107483 0.0649028
0 0.57133 0.203447 0.0806347 0.0576891
0 0.416942 0.114821 0.0722284 0.0612525
0 0.510518 0.0664068 0.0934231 0.0728189
0 0.669152 0.784908 0.148234 0.416887
0 0.668038 0.2099 0.0837889 0.0768286
0 0.128174 0.048623 0.186682 0.0867549
