0 0.779882 0.724891 0.25916 0.223018
0 0.755608 0.920108 0.122673 0.159784
0 0.44041 0.912577 0.082906 0.168579
0 0.409205 0.589426 0.273833 0.184016
0 0.0940545 0.571887 0.0737301 0.18393
0 0.959208 0.900961 0.0757336 0.161065
0 0.232249 0.641785 0.0668113 0.238519
0 0.240991 0.451475 0.0436174 0.124267
0 0.0310203 0.864197 0.0608681 0.217838
0 0.966502 0.734774 0.0619595 0.140544
0 0.0555911 0.302252 0.103491 0.129458
0 0.908812 0.636922 0.111588 0.125681
0 0.779882 0.724891 0.25916 0.223018
0 0.755608 0.920108 0.122673 0.159784
0 0.44041 0.912577 0.082906 0.168579
0 0.409205 0.589426 0.273833 0.184016
0 0.0940545 0.571887 0.0737301 0.18393
0 0.959208 0.900961 0.0757336 0.161065
0 0.232249 0.641785 0.0668113 0.238519
0 0.240991 0.451475 0.0436174 0.124267
0 0.0310203 0.864197 0.0608681 0.217838
0 0.966502 0.734774 0.0619595 0.140544
0 0.0555911 0.302252 0.103491 0.129458
0 0.908812 0.636922 0.111588 0.125681
0 0.773498 0.711668 0.268708 0.248536
0 0.96277 0.897866 0.0676865 0.14801
0 0.254122 0.323505 0.0775568 0.0690141
0 0.230891 0.633071 0.0549882 0.213327
0 0.0318743 0.54259 0.0637487 0.21477
0 0.0294468 0.858354 0.0584184 0.206312
0 0.372055 0.569989 0.209985 0.147137
0 0.0943674 0.575614 0.0807085 0.204008
0 0.915687 0.642719 0.0976709 0.0994037
0 0.443277 0.580146 0.194571 0.165525
0 0.563797 0.395361 0.0970559 0.0807069
0 0.151958 0.332703 0.0389996 0.0725474
0 0.0909005 0.437193 0.117159 0.204168
0 0.438162 0.910791 0.0809859 0.176575
0 0.741371 0.909225 0.119889 0.165324
