0 0.171782 0.847625 0.335385 0.304749
0 0.529324 0.87981 0.173414 0.240379
0 0.190889 0.45287 0.152992 0.105297
0 0.447319 0.744099 0.108816 0.18777
0 0.362806 0.761177 0.101525 0.199251
0 0.215954 0.232672 0.134777 0.103871
0 0.0838556 0.510502 0.0761628 0.0756687
0 0.0723664 0.425997 0.144733 0.110792
0 0.930947 0.559265 0.071788 0.147512
0 0.171782 0.847625 0.335385 0.304749
0 0.529324 0.87981 0.173414 0.240379
0 0.190889 0.45287 0.152992 0.105297
0 0.447319 0.744099 0.108816 0.18777
0 0.362806 0.761177 0.101525 0.199251
0 0.215954 0.232672 0.134777 0.103871
0 0.0838556 0.510502 0.0761628 0.0756687
0 0.0723664 0.425997 0.144733 0.110792
0 0.930947 0.559265 0.071788 0.147512
0 0.188468 0.449868 0.152769 0.10608
0 0.17571 0.842852 0.344882 0.314295
0 0.365379 0.767338 0.0992731 0.185968
0 0.549161 0.880296 0.186319 0.236719
0 0.446894 0.752365 0.0946827 0.165192
0 0.789028 0.436103 0.0770785 0.0766015
0 0.56414 0.486766 0.0871557 0.0956717
0 0.748554 0.541315 0.094017 0.073734
0 0.514039 0.541164 0.0803149 0.0645964
0 0.341754 0.409678 0.0790224 0.0762897
0 0.38767 0.596944 0.0581972 0.0649129
0 0.0422316 0.660396 0.0844632 0.129294
0 0.208573 0.229089 0.119427 0.0791669
0 0.243409 0.366203 0.0755966 0.0628414
