0 0.911403 0.514414 0.158757 0.199826
0 0.673384 0.816287 0.185777 0.14851
0 0.607203 0.493862 0.0936514 0.072807
0 0.277579 0.570197 0.109291 0.102674
0 0.509082 0.577271 0.0504854 0.204902
0 0.911403 0.514414 0.158757 0.199826
0 0.673384 0.816287 0.185777 0.14851
0 0.607203 0.493862 0.0936514 0.072807
0 0.277579 0.570197 0.109291 0.102674
0 0.509082 0.577271 0.0504854 0.204902
0 0.676497 0.811209 0.173621 0.155236
0 0.912496 0.507886 0.14681 0.193965
0 0.61039 0.49671 0.0906549 0.064888
0 0.282811 0.570854 0.0989581 0.120604
