0 0.696244 0.057614 0.143741 0.111119
0 0.756801 0.448864 0.107541 0.304656
0 0.512473 0.469245 0.365244 0.346516
0 0.134138 0.334324 0.268275 0.278738
0 0.882262 0.20153 0.137807 0.103446
0 0.92571 0.071412 0.148581 0.133312
0 0.182306 0.462646 0.141637 0.201539
0 0.126358 0.45349 0.252716 0.219573
0 0.131352 0.368477 0.262705 0.389762
0 0.693982 0.282736 0.108925 0.0928715
0 0.952861 0.919592 0.0932709 0.160815
0 0.519691 0.479208 0.324822 0.271194
0 0.696244 0.057614 0.143741 0.111119
0 0.756801 0.448864 0.107541 0.304656
0 0.512473 0.469245 0.365244 0.346516
0 0.134138 0.334324 0.268275 0.278738
0 0.882262 0.20153 0.137807 0.103446
0 0.92571 0.071412 0.148581 0.133312
0 0.182306 0.462646 0.141637 0.201539
0 0.126358 0.45349 0.252716 0.219573
0 0.131352 0.368477 0.262705 0.389762
0 0.693982 0.282736 0.108925 0.0928715
0 0.952861 0.919592 0.0932709 0.160815
0 0.519691 0.479208 0.324822 0.271194
0 0.701026 0.294175 0.129679 0.107528
0 0.131368 0.302889 0.245835 0.250631
0 0.955549 0.920264 0.085754 0.159473
0 0.51321 0.464602 0.344185 0.312211
0 0.921062 0.07013 0.157877 0.132701
0 0.755928 0.442465 0.100909 0.271017
0 0.908671 0.383413 0.182659 0.142342
0 0.759185 0.169299 0.101616 0.0604078
0 0.687472 0.0524552 0.146942 0.10491
0 0.875986 0.213629 0.156864 0.113277
0 0.146597 0.464923 0.223381 0.405635
0 0.434749 0.201262 0.110634 0.0564244
