0 0.512603 0.803967 0.136724 0.204393
0 0.379469 0.727865 0.146435 0.246448
0 0.443499 0.605444 0.111887 0.181259
0 0.281008 0.790823 0.104563 0.230413
0 0.0985601 0.629038 0.150665 0.283814
0 0.696114 0.460711 0.110476 0.121923
0 0.527678 0.592133 0.0584003 0.208448
0 0.596618 0.627679 0.0877573 0.184916
0 0.187153 0.186816 0.0919848 0.0937799
0 0.0850338 0.756993 0.154668 0.18008
0 0.0892103 0.736892 0.153881 0.325147
0 0.226075 0.501358 0.0833772 0.103741
0 0.188095 0.375093 0.146591 0.171246
0 0.0539397 0.315217 0.0961766 0.0958171
0 0.477512 0.483261 0.0641314 0.159563
0 0.944363 0.879446 0.109595 0.171726
0 0.342402 0.501297 0.0605629 0.135731
0 0.72471 0.327115 0.0699154 0.1061
0 0.609566 0.341576 0.0834766 0.0657902
0 0.0534606 0.43546 0.0730725 0.114418
0 0.678991 0.923426 0.109046 0.142838
0 0.353154 0.492598 0.0617067 0.142696
0 0.874943 0.933622 0.113662 0.132755
0 0.512603 0.803967 0.136724 0.204393
0 0.379469 0.727865 0.146435 0.246448
0 0.443499 0.605444 0.111887 0.181259
0 0.281008 0.790823 0.104563 0.230413
0 0.0985601 0.629038 0.150665 0.283814
0 0.696114 0.460711 0.110476 0.121923
0 0.527678 0.592133 0.0584003 0.208448
0 0.596618 0.627679 0.0877573 0.184916
0 0.187153 0.186816 0.0919848 0.0937799
0 0.0850338 0.756993 0.154668 0.18008
0 0.0892103 0.736892 0.153881 0.325147
0 0.226075 0.501358 0.0833772 0.103741
0 0.188095 0.375093 0.146591 0.171246
0 0.0539397 0.315217 0.0961766 0.0958171
0 0.477512 0.483261 0.0641314 0.159563
0 0.944363 0.879446 0.109595 0.171726
0 0.342402 0.501297 0.0605629 0.135731
0 0.72471 0.327115 0.0699154 0.1061
0 0.609566 0.341576 0.0834766 0.0657902
0 0.0534606 0.43546 0.0730725 0.114418
0 0.678991 0.923426 0.109046 0.142838
0 0.353154 0.492598 0.0617067 0.142696
0 0.874943 0.933622 0.113662 0.132755
0 0.689955 0.470151 0.1359 0.135876
0 0.386963 0.726503 0.137117 0.256229
0 0.0998098 0.623629 0.164869 0.256783
0 0.512314 0.789999 0.133627 0.201364
0 0.60814 0.671895 0.127025 0.236012
0 0.0896683 0.758051 0.179337 0.218283
0 0.4454 0.611656 0.123016 0.201469
0 0.0529179 0.318671 0.096858 0.0846691
0 0.279138 0.793575 0.100714 0.196144
0 0.225204 0.509276 0.101417 0.122679
0 0.182555 0.184618 0.0772089 0.0778451
0 0.1978 0.371663 0.165577 0.214748
0 0.474669 0.461629 0.0490291 0.108598
0 0.530503 0.58463 0.0481319 0.147781
0 0.343354 0.290558 0.0746894 0.109339
0 0.916199 0.660246 0.167602 0.163553
0 0.945756 0.17393 0.106149 0.102698
0 0.726458 0.335019 0.063747 0.0815319
0 0.0972124 0.323609 0.161134 0.101869
0 0.604939 0.341135 0.0826328 0.0684476
0 0.291318 0.467431 0.0376428 0.113862
0 0.203519 0.511202 0.146797 0.123208
