0 0.698235 0.779585 0.125342 0.209436
0 0.817489 0.694783 0.123371 0.159617
0 0.143341 0.496299 0.158948 0.119342
0 0.940185 0.694355 0.117145 0.122457
0 0.300091 0.639894 0.0628438 0.116594
0 0.458188 0.491439 0.0369041 0.0973803
0 0.378289 0.612732 0.071855 0.126136
0 0.517498 0.529163 0.0429305 0.0973207
0 0.379726 0.177716 0.116844 0.092215
0 0.358 0.447042 0.081684 0.0944531
0 0.0914424 0.395642 0.0932047 0.0718233
0 0.782481 0.46371 0.141655 0.139431
0 0.698235 0.779585 0.125342 0.209436
0 0.817489 0.694783 0.123371 0.159617
0 0.143341 0.496299 0.158948 0.119342
0 0.940185 0.694355 0.117145 0.122457
0 0.300091 0.639894 0.0628438 0.116594
0 0.458188 0.491439 0.0369041 0.0973803
0 0.378289 0.612732 0.071855 0.126136
0 0.517498 0.529163 0.0429305 0.0973207
0 0.379726 0.177716 0.116844 0.092215
0 0.358 0.447042 0.081684 0.0944531
0 0.0914424 0.395642 0.0932047 0.0718233
0 0.782481 0.46371 0.141655 0.139431
0 0.819872 0.694701 0.13029 0.158148
0 0.698496 0.773416 0.129792 0.202326
0 0.944892 0.692647 0.107845 0.110327
0 0.774491 0.465568 0.166201 0.153389
0 0.132475 0.501386 0.188598 0.133836
0 0.38294 0.180089 0.102562 0.0825659
0 0.763415 0.554845 0.116858 0.0770188
0 0.366252 0.451118 0.0746769 0.0711955
0 0.374111 0.607176 0.0640653 0.119627
0 0.517819 0.376334 0.0752414 0.0496131
0 0.689156 0.515832 0.106975 0.111489
0 0.955597 0.939 0.0871977 0.122001
0 0.317736 0.360744 0.115702 0.106179
0 0.0915839 0.399122 0.0841411 0.0644194
0 0.298636 0.644809 0.0556397 0.090418
0 0.952357 0.275516 0.0952862 0.0857042
0 0.871832 0.236067 0.105158 0.067752
