0 0.91545 0.797314 0.157254 0.296184
0 0.472342 0.496008 0.110262 0.229792
0 0.854917 0.910553 0.160103 0.178894
0 0.350157 0.789807 0.0678387 0.156167
0 0.755411 0.818406 0.129036 0.224366
0 0.655194 0.492736 0.134562 0.176526
0 0.204605 0.491127 0.0982107 0.268698
0 0.61744 0.89808 0.084039 0.20234
0 0.055559 0.505788 0.107607 0.183251
0 0.583305 0.629373 0.104333 0.118021
0 0.334121 0.492351 0.0743987 0.176398
0 0.183816 0.310146 0.143862 0.122413
0 0.581988 0.526479 0.106158 0.141059
0 0.729699 0.593413 0.0545282 0.12133
0 0.475178 0.831533 0.0536553 0.191331
0 0.565749 0.741202 0.0835833 0.107431
0 0.962501 0.473856 0.0720997 0.153368
0 0.91545 0.797314 0.157254 0.296184
0 0.472342 0.496008 0.110262 0.229792
0 0.854917 0.910553 0.160103 0.178894
0 0.350157 0.789807 0.0678387 0.156167
0 0.755411 0.818406 0.129036 0.224366
0 0.655194 0.492736 0.134562 0.176526
0 0.204605 0.491127 0.0982107 0.268698
0 0.61744 0.89808 0.084039 0.20234
0 0.055559 0.505788 0.107607 0.183251
0 0.583305 0.629373 0.104333 0.118021
0 0.334121 0.492351 0.0743987 0.176398
0 0.183816 0.310146 0.143862 0.122413
0 0.581988 0.526479 0.106158 0.141059
0 0.729699 0.593413 0.0545282 0.12133
0 0.475178 0.831533 0.0536553 0.191331
0 0.565749 0.741202 0.0835833 0.107431
0 0.962501 0.473856 0.0720997 0.153368
0 0.611483 0.559154 0.167153 0.210492
0 0.354772 0.787224 0.0635472 0.136427
0 0.20919 0.460036 0.0796711 0.247531
0 0.615828 0.89708 0.0754848 0.193066
0 0.655569 0.492638 0.14254 0.151579
0 0.491096 0.508486 0.091848 0.215965
0 0.565903 0.746013 0.0915615 0.10331
0 0.58795 0.633828 0.114258 0.10256
0 0.904617 0.786902 0.134317 0.251253
0 0.0968992 0.402036 0.129359 0.106738
0 0.858975 0.925591 0.145876 0.147382
0 0.960157 0.462348 0.0737559 0.151589
0 0.337746 0.498702 0.0590756 0.147095
0 0.180009 0.294855 0.121611 0.114914
0 0.417491 0.448172 0.0698956 0.175964
0 0.370155 0.309785 0.0514947 0.14523
0 0.0467029 0.504103 0.0890871 0.197942
0 0.81113 0.820974 0.255854 0.358051
