0 0.4923 0.801742 0.113553 0.315009
0 0.290869 0.798964 0.150212 0.352183
0 0.630374 0.669933 0.115803 0.210374
0 0.563995 0.740103 0.105676 0.281981
0 0.580863 0.456982 0.0926427 0.18668
0 0.0518271 0.374702 0.103654 0.129866
0 0.337417 0.537934 0.0723626 0.200404
0 0.816628 0.83603 0.175608 0.146449
0 0.299652 0.247531 0.100088 0.139341
0 0.15709 0.228211 0.206035 0.194073
0 0.200866 0.584834 0.132256 0.146693
0 0.919829 0.906265 0.117726 0.187471
0 0.399772 0.584799 0.0446108 0.150478
0 0.503005 0.443891 0.0733434 0.116616
0 0.809545 0.45938 0.0755329 0.0841753
0 0.622731 0.657933 0.10841 0.161095
0 0.135409 0.19538 0.156397 0.125645
0 0.482455 0.559976 0.10393 0.130019
0 0.679957 0.880898 0.112482 0.210684
0 0.0907915 0.0922552 0.137553 0.141396
0 0.861994 0.583194 0.122201 0.194107
0 0.427992 0.422375 0.0672097 0.158401
0 0.0656179 0.862303 0.127334 0.275393
0 0.165608 0.397361 0.0811592 0.152997
0 0.209462 0.58054 0.107896 0.116565
0 0.922723 0.645254 0.08122 0.105633
0 0.457805 0.310295 0.0866947 0.126305
0 0.49637 0.576677 0.11188 0.166886
0 0.4923 0.801742 0.113553 0.315009
0 0.290869 0.798964 0.150212 0.352183
0 0.630374 0.669933 0.115803 0.210374
0 0.563995 0.740103 0.105676 0.281981
0 0.580863 0.456982 0.0926427 0.18668
0 0.0518271 0.374702 0.103654 0.129866
0 0.337417 0.537934 0.0723626 0.200404
0 0.816628 0.83603 0.175608 0.146449
0 0.299652 0.247531 0.100088 0.139341
0 0.15709 0.228211 0.206035 0.194073
0 0.200866 0.584834 0.132256 0.146693
0 0.919829 0.906265 0.117726 0.187471
0 0.399772 0.584799 0.0446108 0.150478
0 0.503005 0.443891 0.0733434 0.116616
0 0.809545 0.45938 0.0755329 0.0841753
0 0.622731 0.657933 0.10841 0.161095
0 0.135409 0.19538 0.156397 0.125645
0 0.482455 0.559976 0.10393 0.130019
0 0.679957 0.880898 0.112482 0.210684
0 0.0907915 0.0922552 0.137553 0.141396
0 0.861994 0.583194 0.122201 0.194107
0 0.427992 0.422375 0.0672097 0.158401
0 0.0656179 0.862303 0.127334 0.275393
0 0.165608 0.397361 0.0811592 0.152997
0 0.209462 0.58054 0.107896 0.116565
0 0.922723 0.645254 0.08122 0.105633
0 0.457805 0.310295 0.0866947 0.126305
0 0.49637 0.576677 0.11188 0.166886
0 0.809188 0.833986 0.157631 0.144648
0 0.625883 0.665065 0.118317 0.178547
0 0.505632 0.443476 0.0773912 0.119484
0 0.29292 0.802522 0.154471 0.314016
0 0.303225 0.261302 0.0997854 0.137619
0 0.812017 0.465695 0.0806398 0.082027
0 0.141836 0.208736 0.155831 0.160044
0 0.20246 0.587702 0.114601 0.130954
0 0.3383 0.530611 0.0763059 0.156575
0 0.577456 0.448136 0.0850567 0.166451
0 0.402266 0.574298 0.0443522 0.117743
0 0.686567 0.883955 0.105096 0.181431
0 0.486306 0.796883 0.112005 0.300079
0 0.0523265 0.385502 0.101417 0.110112
0 0.0902487 0.105875 0.129531 0.0962128
0 0.559586 0.72916 0.10127 0.259368
0 0.917909 0.889133 0.135624 0.221734
0 0.857262 0.560274 0.105241 0.147133
0 0.0707775 0.866834 0.131461 0.266332
0 0.490599 0.581734 0.136322 0.171594
0 0.645258 0.769367 0.0698274 0.149722
0 0.18276 0.335517 0.0927876 0.142362
0 0.926942 0.646865 0.0779953 0.100035
0 0.447722 0.406907 0.0559156 0.0932843
0 0.436478 0.412281 0.0728895 0.124576
