0 0.120527 0.527769 0.192781 0.204515
0 0.879827 0.31824 0.128711 0.129768
0 0.140712 0.842521 0.259159 0.314959
0 0.729795 0.416724 0.189772 0.214383
0 0.867635 0.487162 0.140553 0.124489
0 0.395101 0.146876 0.16519 0.122262
0 0.191132 0.374286 0.197723 0.155176
0 0.400185 0.896699 0.112671 0.206602
0 0.610482 0.138076 0.135998 0.13475
0 0.272898 0.139902 0.193821 0.172142
0 0.668041 0.261452 0.159484 0.190526
0 0.951048 0.537556 0.0974267 0.244594
0 0.290829 0.647714 0.0485342 0.133591
0 0.326726 0.266677 0.158749 0.149306
0 0.120527 0.527769 0.192781 0.204515
0 0.879827 0.31824 0.128711 0.129768
0 0.140712 0.842521 0.259159 0.314959
0 0.729795 0.416724 0.189772 0.214383
0 0.867635 0.487162 0.140553 0.124489
0 0.395101 0.146876 0.16519 0.122262
0 0.191132 0.374286 0.197723 0.155176
0 0.400185 0.896699 0.112671 0.206602
0 0.610482 0.138076 0.135998 0.13475
0 0.272898 0.139902 0.193821 0.172142
0 0.668041 0.261452 0.159484 0.190526
0 0.951048 0.537556 0.0974267 0.244594
0 0.290829 0.647714 0.0485342 0.133591
0 0.326726 0.266677 0.158749 0.149306
0 0.139105 0.839093 0.265233 0.321813
0 0.731885 0.422052 0.202672 0.247445
0 0.391846 0.162046 0.167294 0.139782
0 0.126543 0.530116 0.175646 0.22088
0 0.672465 0.259954 0.151921 0.229658
0 0.630543 0.793927 0.100127 0.211133
0 0.745595 0.845578 0.0793197 0.188871
0 0.335859 0.279844 0.223724 0.173742
0 0.247282 0.135224 0.16215 0.145766
0 0.185165 0.373316 0.205222 0.161135
0 0.91539 0.823444 0.0785271 0.232738
0 0.606129 0.129625 0.149522 0.101718
0 0.0549856 0.15026 0.106946 0.144171
0 0.597547 0.377193 0.0744253 0.103621
0 0.882485 0.331221 0.150171 0.149611
