0 0.381914 0.625834 0.171167 0.164577
0 0.210592 0.406168 0.1636 0.164599
0 0.0576857 0.543931 0.112823 0.249155
0 0.558886 0.387804 0.0714054 0.136214
0 0.15339 0.884408 0.134533 0.231184
0 0.0481681 0.717373 0.0963362 0.157366
0 0.314263 0.0664819 0.092552 0.076764
0 0.945594 0.88724 0.0908592 0.22552
0 0.310421 0.0591322 0.0768358 0.0645951
0 0.669927 0.307673 0.0879063 0.114626
0 0.381914 0.625834 0.171167 0.164577
0 0.210592 0.406168 0.1636 0.164599
0 0.0576857 0.543931 0.112823 0.249155
0 0.558886 0.387804 0.0714054 0.136214
0 0.15339 0.884408 0.134533 0.231184
0 0.0481681 0.717373 0.0963362 0.157366
0 0.314263 0.0664819 0.092552 0.076764
0 0.945594 0.88724 0.0908592 0.22552
0 0.310421 0.0591322 0.0768358 0.0645951
0 0.669927 0.307673 0.0879063 0.114626
0 0.217186 0.409837 0.156258 0.154278
0 0.153202 0.883024 0.131463 0.229148
0 0.379546 0.625194 0.12517 0.164224
0 0.670412 0.304579 0.0790276 0.0891537
0 0.0423325 0.706299 0.0846649 0.149489
0 0.558257 0.388782 0.059048 0.119441
0 0.317127 0.0601045 0.0784808 0.0478305
