0 0.372862 0.164445 0.156654 0.106128
0 0.227382 0.341782 0.0908949 0.0738007
0 0.913452 0.537258 0.0589272 0.184384
0 0.0430249 0.350682 0.0803867 0.0779953
0 0.372862 0.164445 0.156654 0.106128
0 0.227382 0.341782 0.0908949 0.0738007
0 0.913452 0.537258 0.0589272 0.184384
0 0.0430249 0.350682 0.0803867 0.0779953
0 0.362458 0.164637 0.143052 0.0997824
0 0.915618 0.537969 0.0912938 0.173213
0 0.22966 0.342345 0.0975836 0.0718538
0 0.210994 0.940479 0.0750644 0.0950003
0 0.0289665 0.182806 0.057933 0.0751059
0 0.967538 0.183679 0.0649248 0.0796828
