0 0.794928 0.4933 0.217462 0.203063
0 0.683879 0.353666 0.141029 0.10692
0 0.385274 0.417433 0.358102 0.456223
0 0.551428 0.665095 0.180584 0.451033
0 0.413528 0.461248 0.49637 0.467163
0 0.368651 0.0443312 0.122603 0.0886623
0 0.637764 0.225558 0.116695 0.183602
0 0.360046 0.184491 0.10514 0.147862
0 0.549866 0.207771 0.0998695 0.0848115
0 0.520276 0.599494 0.229377 0.51291
0 0.794928 0.4933 0.217462 0.203063
0 0.683879 0.353666 0.141029 0.10692
0 0.385274 0.417433 0.358102 0.456223
0 0.551428 0.665095 0.180584 0.451033
0 0.413528 0.461248 0.49637 0.467163
0 0.368651 0.0443312 0.122603 0.0886623
0 0.637764 0.225558 0.116695 0.183602
0 0.360046 0.184491 0.10514 0.147862
0 0.549866 0.207771 0.0998695 0.0848115
0 0.520276 0.599494 0.229377 0.51291
0 0.802314 0.50361 0.196082 0.211904
0 0.67571 0.357426 0.138169 0.106409
0 0.546506 0.223857 0.110582 0.100785
0 0.764906 0.373974 0.0896198 0.0760112
0 0.415638 0.476858 0.424421 0.463251
0 0.351119 0.206528 0.122507 0.248828
0 0.634527 0.223233 0.108044 0.182324
0 0.610805 0.671657 0.33683 0.483389
