0 0.300455 0.397162 0.112952 0.124029
0 0.423615 0.273155 0.12042 0.192999
0 0.688093 0.763386 0.328764 0.428869
0 0.102021 0.106662 0.200658 0.213324
0 0.496343 0.432739 0.115946 0.107976
0 0.297718 0.278948 0.109087 0.226606
0 0.633161 0.680468 0.300978 0.396585
0 0.0620457 0.151518 0.113519 0.204777
0 0.146808 0.707511 0.10177 0.193542
0 0.33161 0.100017 0.107355 0.083181
0 0.662283 0.711596 0.363539 0.470469
0 0.300455 0.397162 0.112952 0.124029
0 0.423615 0.273155 0.12042 0.192999
0 0.688093 0.763386 0.328764 0.428869
0 0.102021 0.106662 0.200658 0.213324
0 0.496343 0.432739 0.115946 0.107976
0 0.297718 0.278948 0.109087 0.226606
0 0.633161 0.680468 0.300978 0.396585
0 0.0620457 0.151518 0.113519 0.204777
0 0.146808 0.707511 0.10177 0.193542
0 0.33161 0.100017 0.107355 0.083181
0 0.662283 0.711596 0.363539 0.470469
0 0.299394 0.404513 0.111906 0.128236
0 0.425854 0.27943 0.112324 0.216226
0 0.507074 0.439698 0.136666 0.121585
0 0.900651 0.429619 0.17319 0.174449
0 0.812645 0.637839 0.0700829 0.230285
0 0.742333 0.157127 0.147036 0.123044
0 0.913029 0.929278 0.173942 0.141444
0 0.952114 0.204577 0.0957722 0.102133
0 0.692085 0.779768 0.419416 0.440463
0 0.0573996 0.130014 0.113499 0.260028
0 0.558087 0.289803 0.072091 0.162521
0 0.150719 0.709579 0.104263 0.174861
