0 0.544648 0.360325 0.186216 0.277389
0 0.437523 0.553315 0.283452 0.22862
0 0.850871 0.439789 0.155019 0.13575
0 0.72025 0.330383 0.121446 0.104541
0 0.719513 0.0656916 0.134173 0.0903501
0 0.376208 0.316681 0.0927559 0.109377
0 0.463409 0.190671 0.100805 0.134847
0 0.109255 0.409624 0.21851 0.239147
0 0.146691 0.110653 0.0723219 0.0763421
0 0.404049 0.251563 0.0755921 0.0781014
0 0.918812 0.531512 0.12258 0.155626
0 0.544648 0.360325 0.186216 0.277389
0 0.437523 0.553315 0.283452 0.22862
0 0.850871 0.439789 0.155019 0.13575
0 0.72025 0.330383 0.121446 0.104541
0 0.719513 0.0656916 0.134173 0.0903501
0 0.376208 0.316681 0.0927559 0.109377
0 0.463409 0.190671 0.100805 0.134847
0 0.109255 0.409624 0.21851 0.239147
0 0.146691 0.110653 0.0723219 0.0763421
0 0.404049 0.251563 0.0755921 0.0781014
0 0.918812 0.531512 0.12258 0.155626
0 0.851159 0.432681 0.14946 0.108209
0 0.451834 0.559116 0.254046 0.240283
0 0.554539 0.374066 0.195535 0.2852
0 0.379739 0.320649 0.0973788 0.109976
0 0.109338 0.407784 0.218676 0.281394
0 0.714694 0.0678975 0.123111 0.0868988
0 0.715773 0.329169 0.125915 0.10899
0 0.467824 0.196999 0.140418 0.142904
0 0.408467 0.254765 0.0679926 0.073799
0 0.360878 0.0299617 0.0808738 0.05493
0 0.207365 0.79976 0.41473 0.400479
0 0.74473 0.162996 0.065085 0.0480685
