0 0.0908659 0.709807 0.181732 0.19289
0 0.400035 0.663847 0.116289 0.187945
0 0.215127 0.447936 0.169076 0.168611
0 0.177644 0.89942 0.133725 0.20116
0 0.570347 0.436196 0.0991062 0.164777
0 0.0459131 0.573537 0.0910356 0.179093
0 0.675368 0.336523 0.100552 0.116442
0 0.470006 0.628276 0.0900896 0.0786862
0 0.0908659 0.709807 0.181732 0.19289
0 0.400035 0.663847 0.116289 0.187945
0 0.215127 0.447936 0.169076 0.168611
0 0.177644 0.89942 0.133725 0.20116
0 0.570347 0.436196 0.0991062 0.164777
0 0.0459131 0.573537 0.0910356 0.179093
0 0.675368 0.336523 0.100552 0.116442
0 0.470006 0.628276 0.0900896 0.0786862
0 0.218383 0.454894 0.156115 0.159319
0 0.0925301 0.712232 0.18506 0.178168
0 0.391292 0.662893 0.0949496 0.175398
0 0.465402 0.631471 0.0891184 0.0685662
0 0.176715 0.891936 0.122297 0.216129
0 0.0523236 0.591735 0.0995273 0.190391
0 0.674499 0.329091 0.0963119 0.0878352
0 0.567017 0.430559 0.0735525 0.138779
0 0.306051 0.44337 0.0517556 0.0561688
