0 0.829741 0.780551 0.133165 0.149853
0 0.379281 0.471198 0.0957313 0.125523
0 0.519557 0.388396 0.124557 0.120324
0 0.445413 0.189923 0.0931019 0.0972905
0 0.0820267 0.251706 0.12555 0.114919
0 0.055555 0.0432158 0.108718 0.0864316
0 0.316261 0.338964 0.160677 0.129591
0 0.829741 0.780551 0.133165 0.149853
0 0.379281 0.471198 0.0957313 0.125523
0 0.519557 0.388396 0.124557 0.120324
0 0.445413 0.189923 0.0931019 0.0972905
0 0.0820267 0.251706 0.12555 0.114919
0 0.055555 0.0432158 0.108718 0.0864316
0 0.316261 0.338964 0.160677 0.129591
0 0.376733 0.482447 0.0931766 0.128016
0 0.337565 0.346153 0.199797 0.158136
0 0.17778 0.284693 0.0880829 0.188273
0 0.822979 0.793966 0.112996 0.137999
0 0.0674162 0.271723 0.134832 0.178793
0 0.974334 0.753875 0.0513325 0.156223
