0 0.461385 0.575641 0.209833 0.220486
0 0.619212 0.329607 0.162643 0.106416
0 0.84761 0.748849 0.139727 0.109546
0 0.780022 0.49053 0.158186 0.282396
0 0.296684 0.0766675 0.154703 0.118813
0 0.546416 0.190722 0.13262 0.130409
0 0.411491 0.929111 0.102216 0.127483
0 0.887098 0.393858 0.225803 0.272382
0 0.461385 0.575641 0.209833 0.220486
0 0.619212 0.329607 0.162643 0.106416
0 0.84761 0.748849 0.139727 0.109546
0 0.780022 0.49053 0.158186 0.282396
0 0.296684 0.0766675 0.154703 0.118813
0 0.546416 0.190722 0.13262 0.130409
0 0.411491 0.929111 0.102216 0.127483
0 0.887098 0.393858 0.225803 0.272382
0 0.615846 0.332049 0.162941 0.121097
0 0.304984 0.0814639 0.169261 0.134563
0 0.455162 0.582189 0.207598 0.220091
0 0.838782 0.759981 0.129902 0.131953
0 0.78367 0.490886 0.173306 0.300141
0 0.54075 0.19095 0.140798 0.124017
0 0.886523 0.392589 0.226953 0.276485
0 0.704615 0.146902 0.0885182 0.14551
