0 0.299823 0.476754 0.165868 0.203691
0 0.141703 0.442186 0.209947 0.226365
0 0.416972 0.608433 0.0756478 0.154876
0 0.509677 0.508482 0.124433 0.148412
0 0.727866 0.343245 0.10817 0.156114
0 0.484969 0.0635044 0.109796 0.0980952
0 0.676733 0.0922754 0.115798 0.0981501
0 0.430584 0.504946 0.0940224 0.107827
0 0.953134 0.908371 0.0822224 0.183258
0 0.299823 0.476754 0.165868 0.203691
0 0.141703 0.442186 0.209947 0.226365
0 0.416972 0.608433 0.0756478 0.154876
0 0.509677 0.508482 0.124433 0.148412
0 0.727866 0.343245 0.10817 0.156114
0 0.484969 0.0635044 0.109796 0.0980952
0 0.676733 0.0922754 0.115798 0.0981501
0 0.430584 0.504946 0.0940224 0.107827
0 0.953134 0.908371 0.0822224 0.183258
0 0.298342 0.478988 0.167345 0.194856
0 0.957684 0.913506 0.0793219 0.172989
0 0.148417 0.432007 0.192758 0.200187
0 0.731724 0.35181 0.103555 0.135002
0 0.421399 0.612383 0.0792644 0.145502
0 0.586149 0.248074 0.0888065 0.0888342
0 0.521207 0.504799 0.116463 0.123228
