0 0.446887 0.804028 0.178726 0.147049
0 0.0888038 0.839895 0.16403 0.224999
0 0.338984 0.458726 0.143381 0.127624
0 0.468748 0.631036 0.134863 0.120161
0 0.857221 0.730168 0.0857203 0.136511
0 0.550934 0.209042 0.0910509 0.0710925
0 0.962163 0.747652 0.0464199 0.147109
0 0.827181 0.613239 0.0765736 0.113796
0 0.670032 0.790112 0.104644 0.140231
0 0.732519 0.720274 0.0731607 0.12913
0 0.970428 0.538747 0.0517366 0.135751
0 0.446887 0.804028 0.178726 0.147049
0 0.0888038 0.839895 0.16403 0.224999
0 0.338984 0.458726 0.143381 0.127624
0 0.468748 0.631036 0.134863 0.120161
0 0.857221 0.730168 0.0857203 0.136511
0 0.550934 0.209042 0.0910509 0.0710925
0 0.962163 0.747652 0.0464199 0.147109
0 0.827181 0.613239 0.0765736 0.113796
0 0.670032 0.790112 0.104644 0.140231
0 0.732519 0.720274 0.0731607 0.12913
0 0.970428 0.538747 0.0517366 0.135751
0 0.341536 0.463251 0.146159 0.133752
0 0.450393 0.808222 0.193253 0.159476
0 0.0843067 0.843209 0.168613 0.21511
0 0.452829 0.623754 0.109586 0.0960659
0 0.859202 0.729914 0.0794682 0.130781
0 0.966114 0.743086 0.0677724 0.149356
0 0.349375 0.323653 0.102483 0.0789807
0 0.216169 0.133091 0.114238 0.0611158
0 0.239354 0.949683 0.11347 0.0877433
0 0.224785 0.264696 0.0940881 0.0938411
0 0.615927 0.44497 0.0802315 0.0788705
