0 0.477565 0.100856 0.144833 0.122526
0 0.322962 0.225608 0.143961 0.177135
0 0.708589 0.328756 0.140394 0.168563
0 0.755735 0.140504 0.112135 0.10718
0 0.416345 0.799123 0.129645 0.211824
0 0.454663 0.605762 0.221969 0.154929
0 0.248662 0.518984 0.122226 0.122578
0 0.340489 0.118841 0.106857 0.099505
0 0.939626 0.431477 0.111221 0.10682
0 0.0436774 0.351775 0.0828858 0.228632
0 0.477565 0.100856 0.144833 0.122526
0 0.322962 0.225608 0.143961 0.177135
0 0.708589 0.328756 0.140394 0.168563
0 0.755735 0.140504 0.112135 0.10718
0 0.416345 0.799123 0.129645 0.211824
0 0.454663 0.605762 0.221969 0.154929
0 0.248662 0.518984 0.122226 0.122578
0 0.340489 0.118841 0.106857 0.099505
0 0.939626 0.431477 0.111221 0.10682
0 0.0436774 0.351775 0.0828858 0.228632
0 0.31038 0.21978 0.143161 0.146032
0 0.708023 0.323475 0.144846 0.143632
0 0.481121 0.0979166 0.14597 0.12458
0 0.417237 0.792129 0.115213 0.244567
0 0.755863 0.143773 0.100479 0.107321
0 0.405706 0.646959 0.2579 0.214424
0 0.0264765 0.795301 0.0529529 0.074292
0 0.0478473 0.321856 0.0956946 0.294363
0 0.61433 0.915917 0.131853 0.141578
