0 0.314156 0.323264 0.137082 0.115897
0 0.376182 0.451475 0.0913828 0.109962
0 0.815485 0.758707 0.123629 0.141108
0 0.432664 0.182899 0.0916046 0.0948516
0 0.468883 0.790967 0.112363 0.227675
0 0.180856 0.255092 0.103831 0.166376
0 0.314156 0.323264 0.137082 0.115897
0 0.376182 0.451475 0.0913828 0.109962
0 0.815485 0.758707 0.123629 0.141108
0 0.432664 0.182899 0.0916046 0.0948516
0 0.468883 0.790967 0.112363 0.227675
0 0.180856 0.255092 0.103831 0.166376
0 0.332773 0.330172 0.190647 0.142748
0 0.0681291 0.243846 0.136258 0.163043
0 0.18476 0.265515 0.102152 0.164876
0 0.438 0.183525 0.0943829 0.0945993
0 0.971377 0.745452 0.0572453 0.167075
0 0.811535 0.769906 0.103558 0.145026
