0 0.341077 0.266882 0.173512 0.151496
0 0.730772 0.495545 0.129928 0.230548
0 0.64806 0.267287 0.15061 0.13167
0 0.34683 0.700619 0.282537 0.434735
0 0.694694 0.743967 0.193853 0.427185
0 0.909049 0.89158 0.169238 0.216841
0 0.615787 0.421277 0.0651894 0.14529
0 0.790652 0.418861 0.0627503 0.110609
0 0.530727 0.115741 0.122848 0.10023
0 0.581671 0.852386 0.126182 0.213389
0 0.511293 0.420583 0.0372219 0.120272
0 0.97735 0.70244 0.0389896 0.118065
0 0.341077 0.266882 0.173512 0.151496
0 0.730772 0.495545 0.129928 0.230548
0 0.64806 0.267287 0.15061 0.13167
0 0.34683 0.700619 0.282537 0.434735
0 0.694694 0.743967 0.193853 0.427185
0 0.909049 0.89158 0.169238 0.216841
0 0.615787 0.421277 0.0651894 0.14529
0 0.790652 0.418861 0.0627503 0.110609
0 0.530727 0.115741 0.122848 0.10023
0 0.581671 0.852386 0.126182 0.213389
0 0.511293 0.420583 0.0372219 0.120272
0 0.97735 0.70244 0.0389896 0.118065
0 0.343064 0.267802 0.172265 0.146982
0 0.910456 0.896789 0.176377 0.206422
0 0.64845 0.273014 0.146473 0.131347
0 0.733203 0.502537 0.132543 0.238152
0 0.334678 0.709248 0.255887 0.409854
0 0.677342 0.752055 0.250551 0.376413
0 0.79047 0.420991 0.0559523 0.114704
0 0.355253 0.676927 0.211857 0.346552
0 0.269898 0.471353 0.0634098 0.183692
0 0.543494 0.119706 0.167805 0.113371
0 0.0425878 0.267676 0.083075 0.138287
0 0.580748 0.819004 0.117439 0.361993
0 0.328973 0.520115 0.0743396 0.186143
0 0.513305 0.422613 0.0337638 0.11848
0 0.0978245 0.140843 0.0875141 0.0666639
0 0.0618609 0.264706 0.123722 0.148897
0 0.553974 0.671693 0.0826529 0.129122
