0 0.803851 0.189711 0.208038 0.169315
0 0.580587 0.354201 0.131128 0.103142
0 0.596577 0.193138 0.108603 0.1029
0 0.93755 0.331926 0.1249 0.196594
0 0.630991 0.291151 0.110588 0.0948121
0 0.450681 0.140785 0.0911753 0.0669971
0 0.697658 0.0905501 0.11082 0.0804872
0 0.803851 0.189711 0.208038 0.169315
0 0.580587 0.354201 0.131128 0.103142
0 0.596577 0.193138 0.108603 0.1029
0 0.93755 0.331926 0.1249 0.196594
0 0.630991 0.291151 0.110588 0.0948121
0 0.450681 0.140785 0.0911753 0.0669971
0 0.697658 0.0905501 0.11082 0.0804872
0 0.63294 0.300344 0.104564 0.0692378
0 0.577403 0.358429 0.135509 0.102515
0 0.810536 0.185936 0.225959 0.183673
0 0.451081 0.142932 0.0874304 0.0688859
0 0.93914 0.321752 0.120106 0.206608
0 0.603824 0.192655 0.108346 0.108092
