0 0.651747 0.570506 0.135761 0.10598
0 0.309721 0.284101 0.134687 0.0979461
0 0.854579 0.644735 0.135557 0.135969
0 0.945958 0.667349 0.100785 0.141264
0 0.688422 0.443446 0.0394314 0.0986169
0 0.651747 0.570506 0.135761 0.10598
0 0.309721 0.284101 0.134687 0.0979461
0 0.854579 0.644735 0.135557 0.135969
0 0.945958 0.667349 0.100785 0.141264
0 0.688422 0.443446 0.0394314 0.0986169
0 0.298394 0.284394 0.124876 0.0936743
0 0.653579 0.574635 0.120766 0.0990777
0 0.85953 0.64802 0.125466 0.118875
0 0.948589 0.669724 0.102821 0.131322
0 0.123138 0.208852 0.0927442 0.0609684
