0 0.240635 0.830003 0.251939 0.304418
0 0.784147 0.574413 0.127382 0.177207
0 0.249546 0.414701 0.122749 0.26978
0 0.864831 0.352073 0.127547 0.164703
0 0.675432 0.801049 0.0960514 0.232566
0 0.551058 0.388354 0.0994068 0.236493
0 0.68663 0.398838 0.126418 0.119371
0 0.441413 0.436894 0.0489222 0.115961
0 0.550599 0.726658 0.12469 0.177697
0 0.617541 0.134158 0.179869 0.153609
0 0.849754 0.700555 0.0970997 0.131741
0 0.951934 0.290766 0.0914013 0.128659
0 0.856434 0.52232 0.0617146 0.0792755
0 0.336163 0.580669 0.0890623 0.133037
0 0.959334 0.575175 0.0755282 0.154025
0 0.364172 0.732502 0.0732862 0.132392
0 0.68652 0.498254 0.0897312 0.111624
0 0.3449 0.278077 0.0586533 0.107569
0 0.141858 0.343798 0.110659 0.15831
0 0.772904 0.419279 0.0991468 0.139439
0 0.0663969 0.120635 0.131512 0.108438
0 0.161006 0.543953 0.058454 0.183425
0 0.240635 0.830003 0.251939 0.304418
0 0.784147 0.574413 0.127382 0.177207
0 0.249546 0.414701 0.122749 0.26978
0 0.864831 0.352073 0.127547 0.164703
0 0.675432 0.801049 0.0960514 0.232566
0 0.551058 0.388354 0.0994068 0.236493
0 0.68663 0.398838 0.126418 0.119371
0 0.441413 0.436894 0.0489222 0.115961
0 0.550599 0.726658 0.12469 0.177697
0 0.617541 0.134158 0.179869 0.153609
0 0.849754 0.700555 0.0970997 0.131741
0 0.951934 0.290766 0.0914013 0.128659
0 0.856434 0.52232 0.0617146 0.0792755
0 0.336163 0.580669 0.0890623 0.133037
0 0.959334 0.575175 0.0755282 0.154025
0 0.364172 0.732502 0.0732862 0.132392
0 0.68652 0.498254 0.0897312 0.111624
0 0.3449 0.278077 0.0586533 0.107569
0 0.141858 0.343798 0.110659 0.15831
0 0.772904 0.419279 0.0991468 0.139439
0 0.0663969 0.120635 0.131512 0.108438
0 0.161006 0.543953 0.058454 0.183425
0 0.611418 0.132979 0.197288 0.173724
0 0.23355 0.842125 0.251144 0.313882
0 0.679718 0.80063 0.0981268 0.22285
0 0.554407 0.728704 0.125668 0.162914
0 0.250389 0.404182 0.114521 0.274499
0 0.786707 0.58556 0.118478 0.155926
0 0.864558 0.347638 0.113657 0.142817
0 0.189186 0.143815 0.0867058 0.091815
0 0.152285 0.343916 0.121163 0.183864
0 0.704578 0.420673 0.155937 0.137373
0 0.849311 0.21423 0.111646 0.0975814
0 0.555848 0.381685 0.0854524 0.221774
0 0.850055 0.699904 0.102823 0.127847
0 0.336075 0.575819 0.0933193 0.130411
0 0.122655 0.192875 0.105575 0.0710855
0 0.101573 0.319235 0.0568899 0.137678
0 0.491212 0.332983 0.0409914 0.154536
0 0.944286 0.286163 0.100938 0.135104
0 0.0614077 0.127095 0.118509 0.0906267
0 0.859144 0.523882 0.0627621 0.0707968
0 0.808791 0.405562 0.152719 0.163139
