0 0.805812 0.284718 0.195378 0.223708
0 0.776231 0.504202 0.101085 0.116932
0 0.647997 0.184626 0.116445 0.169339
0 0.610549 0.419883 0.121792 0.186589
0 0.87576 0.164791 0.120045 0.161961
0 0.849569 0.141987 0.174029 0.212727
0 0.493279 0.0372106 0.119292 0.0744213
0 0.805812 0.284718 0.195378 0.223708
0 0.776231 0.504202 0.101085 0.116932
0 0.647997 0.184626 0.116445 0.169339
0 0.610549 0.419883 0.121792 0.186589
0 0.87576 0.164791 0.120045 0.161961
0 0.849569 0.141987 0.174029 0.212727
0 0.493279 0.0372106 0.119292 0.0744213
0 0.804257 0.292281 0.199708 0.243704
0 0.656471 0.19277 0.123651 0.165385
0 0.78116 0.507511 0.0987872 0.0943999
0 0.193897 0.92383 0.136285 0.152341
0 0.18218 0.605371 0.0573896 0.0985296
0 0.50054 0.0335883 0.0846204 0.0669263
0 0.852245 0.138134 0.17306 0.21967
0 0.626047 0.0830654 0.142657 0.0873299
0 0.0914134 0.262567 0.0636847 0.0585982
0 0.0359169 0.901114 0.0718339 0.16765
0 0.264305 0.875072 0.0982844 0.159898
