0 0.812158 0.481338 0.13672 0.170189
0 0.230369 0.613117 0.174421 0.270089
0 0.683576 0.653336 0.285159 0.27754
0 0.726042 0.0566973 0.157381 0.113395
0 0.231166 0.351415 0.179339 0.241992
0 0.91822 0.705983 0.13999 0.212461
0 0.607307 0.374706 0.121672 0.300581
0 0.111983 0.256601 0.147117 0.184635
0 0.944765 0.513478 0.103975 0.0780935
0 0.853406 0.391052 0.0952992 0.0786262
0 0.447082 0.232585 0.0567635 0.190692
0 0.0268888 0.0846464 0.0522176 0.169293
0 0.391428 0.318512 0.0975675 0.112464
0 0.890919 0.192144 0.151814 0.114273
0 0.511167 0.327229 0.0732229 0.188139
0 0.812158 0.481338 0.13672 0.170189
0 0.230369 0.613117 0.174421 0.270089
0 0.683576 0.653336 0.285159 0.27754
0 0.726042 0.0566973 0.157381 0.113395
0 0.231166 0.351415 0.179339 0.241992
0 0.91822 0.705983 0.13999 0.212461
0 0.607307 0.374706 0.121672 0.300581
0 0.111983 0.256601 0.147117 0.184635
0 0.944765 0.513478 0.103975 0.0780935
0 0.853406 0.391052 0.0952992 0.0786262
0 0.447082 0.232585 0.0567635 0.190692
0 0.0268888 0.0846464 0.0522176 0.169293
0 0.391428 0.318512 0.0975675 0.112464
0 0.890919 0.192144 0.151814 0.114273
0 0.511167 0.327229 0.0732229 0.188139
0 0.229493 0.354986 0.189057 0.23685
0 0.810242 0.49044 0.13008 0.151414
0 0.109192 0.262202 0.149613 0.212516
0 0.921144 0.69427 0.130753 0.209733
0 0.228896 0.612951 0.175634 0.272735
0 0.687452 0.653025 0.268856 0.250786
0 0.720331 0.0563653 0.163157 0.112731
0 0.853682 0.394557 0.0971024 0.0771811
0 0.395217 0.32131 0.0998646 0.105853
0 0.945947 0.518564 0.104988 0.0666334
0 0.443668 0.254826 0.0489849 0.199818
0 0.613718 0.367086 0.134612 0.358393
0 0.69337 0.751282 0.0662148 0.14669
0 0.978341 0.348307 0.0433189 0.148218
