0 0.485262 0.669283 0.12808 0.270989
0 0.78169 0.729461 0.10257 0.231423
0 0.596142 0.527066 0.117794 0.24884
0 0.367027 0.218207 0.1208 0.132628
0 0.283011 0.354076 0.0735802 0.116936
0 0.712244 0.369957 0.0772026 0.094515
0 0.376467 0.214912 0.11687 0.102734
0 0.485262 0.669283 0.12808 0.270989
0 0.78169 0.729461 0.10257 0.231423
0 0.596142 0.527066 0.117794 0.24884
0 0.367027 0.218207 0.1208 0.132628
0 0.283011 0.354076 0.0735802 0.116936
0 0.712244 0.369957 0.0772026 0.094515
0 0.376467 0.214912 0.11687 0.102734
0 0.588485 0.530402 0.135005 0.227747
0 0.486273 0.668282 0.144994 0.24563
0 0.782439 0.732962 0.0988144 0.23851
0 0.713108 0.369244 0.0716055 0.0939689
0 0.282136 0.356347 0.0729738 0.112438
0 0.469502 0.105369 0.0772875 0.0858494
0 0.381708 0.221853 0.0823031 0.0946786
0 0.814041 0.27842 0.0620131 0.0790146
