0 0.573468 0.585512 0.122693 0.117875
0 0.788189 0.632683 0.120439 0.142079
0 0.87752 0.642367 0.111062 0.159307
0 0.64443 0.452741 0.0384468 0.100996
0 0.963295 0.539579 0.070882 0.106085
0 0.732972 0.553841 0.0559674 0.143848
0 0.97432 0.856349 0.0513596 0.110958
0 0.26588 0.293045 0.112035 0.0958117
0 0.573468 0.585512 0.122693 0.117875
0 0.788189 0.632683 0.120439 0.142079
0 0.87752 0.642367 0.111062 0.159307
0 0.64443 0.452741 0.0384468 0.100996
0 0.963295 0.539579 0.070882 0.106085
0 0.732972 0.553841 0.0559674 0.143848
0 0.97432 0.856349 0.0513596 0.110958
0 0.26588 0.293045 0.112035 0.0958117
0 0.261243 0.29481 0.110977 0.0995713
0 0.577378 0.585051 0.111149 0.0994298
0 0.882881 0.647008 0.115097 0.137143
0 0.791334 0.641859 0.122728 0.115272
0 0.0513814 0.210261 0.0885609 0.062873
