0 0.0789046 0.446913 0.0956608 0.167776
0 0.523443 0.471443 0.0985579 0.228883
0 0.772449 0.772763 0.116092 0.204282
0 0.930486 0.706667 0.117811 0.144728
0 0.638776 0.592424 0.106829 0.130437
0 0.905669 0.935782 0.113634 0.128436
0 0.622743 0.491365 0.133484 0.141453
0 0.17036 0.507504 0.133631 0.15195
0 0.9664 0.434134 0.0621538 0.15749
0 0.394276 0.505628 0.0798134 0.128633
0 0.622719 0.860671 0.102034 0.278658
0 0.355992 0.72496 0.0638685 0.134244
0 0.269317 0.452697 0.077659 0.161574
0 0.171379 0.257514 0.130013 0.106844
0 0.482852 0.829222 0.0559296 0.193863
0 0.444909 0.409123 0.0599836 0.152589
0 0.34827 0.875969 0.113746 0.0862681
0 0.308595 0.385915 0.0655574 0.0771406
0 0.738994 0.522323 0.0885721 0.111447
0 0.411608 0.367254 0.112042 0.21732
0 0.890884 0.562125 0.0895931 0.0663928
0 0.0789046 0.446913 0.0956608 0.167776
0 0.523443 0.471443 0.0985579 0.228883
0 0.772449 0.772763 0.116092 0.204282
0 0.930486 0.706667 0.117811 0.144728
0 0.638776 0.592424 0.106829 0.130437
0 0.905669 0.935782 0.113634 0.128436
0 0.622743 0.491365 0.133484 0.141453
0 0.17036 0.507504 0.133631 0.15195
0 0.9664 0.434134 0.0621538 0.15749
0 0.394276 0.505628 0.0798134 0.128633
0 0.622719 0.860671 0.102034 0.278658
0 0.355992 0.72496 0.0638685 0.134244
0 0.269317 0.452697 0.077659 0.161574
0 0.171379 0.257514 0.130013 0.106844
0 0.482852 0.829222 0.0559296 0.193863
0 0.444909 0.409123 0.0599836 0.152589
0 0.34827 0.875969 0.113746 0.0862681
0 0.308595 0.385915 0.0655574 0.0771406
0 0.738994 0.522323 0.0885721 0.111447
0 0.411608 0.367254 0.112042 0.21732
0 0.890884 0.562125 0.0895931 0.0663928
0 0.775693 0.765956 0.116073 0.198666
0 0.641792 0.598814 0.0985612 0.114574
0 0.17011 0.507258 0.120215 0.142429
0 0.63582 0.514646 0.152852 0.196204
0 0.0794306 0.442757 0.0871986 0.17168
0 0.907416 0.939708 0.124612 0.120583
0 0.353495 0.732864 0.0681285 0.0967582
0 0.51696 0.472345 0.0964366 0.215085
0 0.337168 0.871877 0.0984457 0.0746056
0 0.743754 0.521611 0.0936988 0.118804
0 0.178705 0.25625 0.108419 0.107322
0 0.395825 0.336802 0.0704084 0.248004
0 0.314212 0.955468 0.145717 0.0890632
0 0.400638 0.520206 0.0811984 0.113791
0 0.487901 0.831893 0.050901 0.199068
0 0.633579 0.894825 0.0725363 0.191268
0 0.971208 0.443925 0.0575849 0.206274
0 0.1277 0.337156 0.113041 0.0935482
0 0.30969 0.389207 0.0635434 0.0666943
0 0.744309 0.4406 0.122388 0.136703
0 0.572889 0.657197 0.0682292 0.071764
0 0.932108 0.706743 0.117334 0.143158
0 0.258947 0.441209 0.104608 0.261065
0 0.235338 0.523118 0.0363756 0.111699
