0 0.303299 0.525183 0.135674 0.236118
0 0.542068 0.897487 0.147255 0.205026
0 0.298796 0.228784 0.196542 0.173686
0 0.0542968 0.541745 0.108272 0.203564
0 0.283935 0.316712 0.101052 0.0756817
0 0.303299 0.525183 0.135674 0.236118
0 0.542068 0.897487 0.147255 0.205026
0 0.298796 0.228784 0.196542 0.173686
0 0.0542968 0.541745 0.108272 0.203564
0 0.283935 0.316712 0.101052 0.0756817
0 0.30375 0.516446 0.141388 0.237636
0 0.0555062 0.524496 0.11065 0.151449
0 0.545057 0.893974 0.135717 0.212052
0 0.288803 0.319568 0.0973561 0.0708889
0 0.122031 0.657873 0.0520313 0.149065
