0 0.486173 0.104355 0.158727 0.124126
0 0.324773 0.225295 0.141354 0.153623
0 0.710893 0.327267 0.134004 0.152338
0 0.760925 0.140449 0.109161 0.106625
0 0.409048 0.806536 0.115986 0.190826
0 0.834984 0.125986 0.0842209 0.0742053
0 0.335764 0.11904 0.0951966 0.0893768
0 0.456053 0.59309 0.214305 0.147547
0 0.0223524 0.176795 0.0398017 0.105043
0 0.944664 0.425965 0.110673 0.125854
0 0.0247119 0.180838 0.048993 0.123726
0 0.860838 0.274991 0.0646168 0.0543416
0 0.486173 0.104355 0.158727 0.124126
0 0.324773 0.225295 0.141354 0.153623
0 0.710893 0.327267 0.134004 0.152338
0 0.760925 0.140449 0.109161 0.106625
0 0.409048 0.806536 0.115986 0.190826
0 0.834984 0.125986 0.0842209 0.0742053
0 0.335764 0.11904 0.0951966 0.0893768
0 0.456053 0.59309 0.214305 0.147547
0 0.0223524 0.176795 0.0398017 0.105043
0 0.944664 0.425965 0.110673 0.125854
0 0.0247119 0.180838 0.048993 0.123726
0 0.860838 0.274991 0.0646168 0.0543416
0 0.484603 0.104325 0.155396 0.128426
0 0.31932 0.226106 0.132286 0.153488
0 0.715285 0.322399 0.146955 0.148204
0 0.412002 0.790539 0.133787 0.257204
0 0.758309 0.14336 0.0993362 0.104908
0 0.0313203 0.797731 0.0623242 0.0825395
0 0.447745 0.633994 0.181753 0.210146
