0 0.125297 0.803357 0.250593 0.235452
0 0.652336 0.631518 0.234625 0.416301
0 0.682905 0.305557 0.165997 0.136449
0 0.463046 0.396476 0.139 0.138294
0 0.0932341 0.954927 0.145478 0.0901467
0 0.177466 0.119731 0.249196 0.179906
0 0.84118 0.134093 0.11484 0.0873304
0 0.516974 0.144942 0.14639 0.133183
0 0.257631 0.495295 0.158521 0.29523
0 0.478505 0.326331 0.0910205 0.141029
0 0.601778 0.44542 0.117422 0.12665
0 0.741526 0.49751 0.10738 0.110759
0 0.382552 0.691853 0.356219 0.316777
0 0.157525 0.469786 0.0861668 0.104653
0 0.922236 0.429411 0.155528 0.23314
0 0.469554 0.730653 0.0973593 0.126182
0 0.125297 0.803357 0.250593 0.235452
0 0.652336 0.631518 0.234625 0.416301
0 0.682905 0.305557 0.165997 0.136449
0 0.463046 0.396476 0.139 0.138294
0 0.0932341 0.954927 0.145478 0.0901467
0 0.177466 0.119731 0.249196 0.179906
0 0.84118 0.134093 0.11484 0.0873304
0 0.516974 0.144942 0.14639 0.133183
0 0.257631 0.495295 0.158521 0.29523
0 0.478505 0.326331 0.0910205 0.141029
0 0.601778 0.44542 0.117422 0.12665
0 0.741526 0.49751 0.10738 0.110759
0 0.382552 0.691853 0.356219 0.316777
0 0.157525 0.469786 0.0861668 0.104653
0 0.922236 0.429411 0.155528 0.23314
0 0.469554 0.730653 0.0973593 0.126182
0 0.132143 0.794829 0.255943 0.229021
0 0.678378 0.306325 0.16826 0.142948
0 0.65449 0.639851 0.24149 0.377735
0 0.83303 0.139445 0.120849 0.0767794
0 0.179266 0.104996 0.196178 0.144125
0 0.261431 0.507294 0.163299 0.307094
0 0.456683 0.418395 0.128134 0.175087
0 0.476035 0.322103 0.0927038 0.135029
0 0.0918851 0.944863 0.152062 0.110273
0 0.456848 0.756479 0.105959 0.318911
0 0.164968 0.121214 0.254004 0.190518
0 0.513689 0.156122 0.159078 0.123474
0 0.750594 0.509657 0.110395 0.0931899
0 0.206591 0.113397 0.186951 0.130489
0 0.740622 0.152162 0.119451 0.112688
0 0.595355 0.460943 0.125529 0.136196
