0 0.536138 0.427004 0.219066 0.166143
0 0.585535 0.845745 0.254585 0.30851
0 0.27279 0.641714 0.340627 0.260408
0 0.900475 0.644434 0.101352 0.157174
0 0.795865 0.69442 0.0765541 0.160323
0 0.388933 0.245957 0.178425 0.18208
0 0.242629 0.219407 0.106331 0.0860576
0 0.960239 0.860825 0.0676451 0.174554
0 0.833929 0.595497 0.0574455 0.103037
0 0.286905 0.337694 0.127006 0.0942433
0 0.879583 0.80246 0.112121 0.185754
0 0.506479 0.56536 0.0849818 0.109391
0 0.536138 0.427004 0.219066 0.166143
0 0.585535 0.845745 0.254585 0.30851
0 0.27279 0.641714 0.340627 0.260408
0 0.900475 0.644434 0.101352 0.157174
0 0.795865 0.69442 0.0765541 0.160323
0 0.388933 0.245957 0.178425 0.18208
0 0.242629 0.219407 0.106331 0.0860576
0 0.960239 0.860825 0.0676451 0.174554
0 0.833929 0.595497 0.0574455 0.103037
0 0.286905 0.337694 0.127006 0.0942433
0 0.879583 0.80246 0.112121 0.185754
0 0.506479 0.56536 0.0849818 0.109391
0 0.528134 0.423982 0.18822 0.16546
0 0.304493 0.338575 0.127982 0.103962
0 0.270387 0.658409 0.364249 0.274613
0 0.399397 0.253568 0.13114 0.185513
0 0.577661 0.850579 0.319111 0.298842
0 0.965129 0.854888 0.0602139 0.173905
0 0.778327 0.492842 0.164402 0.121371
0 0.797072 0.694433 0.0769955 0.174795
0 0.903253 0.641551 0.0906586 0.12901
0 0.755574 0.808038 0.123776 0.357774
0 0.0325902 0.334327 0.0649595 0.155841
0 0.345314 0.203725 0.0785465 0.0900993
0 0.698445 0.260884 0.0436872 0.10074
