0 0.440035 0.598106 0.233117 0.217165
0 0.750164 0.494896 0.137337 0.157806
0 0.415015 0.196738 0.142883 0.153182
0 0.187007 0.506647 0.353351 0.432594
0 0.44159 0.358634 0.131827 0.134929
0 0.461339 0.45783 0.124305 0.110526
0 0.775105 0.100534 0.125136 0.111638
0 0.0649477 0.0667926 0.12765 0.133585
0 0.91264 0.236517 0.17472 0.222121
0 0.241033 0.570017 0.400308 0.499466
0 0.538724 0.192884 0.126119 0.142134
0 0.226889 0.25502 0.105564 0.155161
0 0.0595659 0.637635 0.116964 0.179917
0 0.263263 0.628971 0.3415 0.436279
0 0.517291 0.285281 0.0924352 0.08613
0 0.748842 0.618262 0.180319 0.157935
0 0.608968 0.0394719 0.11153 0.073428
0 0.440035 0.598106 0.233117 0.217165
0 0.750164 0.494896 0.137337 0.157806
0 0.415015 0.196738 0.142883 0.153182
0 0.187007 0.506647 0.353351 0.432594
0 0.44159 0.358634 0.131827 0.134929
0 0.461339 0.45783 0.124305 0.110526
0 0.775105 0.100534 0.125136 0.111638
0 0.0649477 0.0667926 0.12765 0.133585
0 0.91264 0.236517 0.17472 0.222121
0 0.241033 0.570017 0.400308 0.499466
0 0.538724 0.192884 0.126119 0.142134
0 0.226889 0.25502 0.105564 0.155161
0 0.0595659 0.637635 0.116964 0.179917
0 0.263263 0.628971 0.3415 0.436279
0 0.517291 0.285281 0.0924352 0.08613
0 0.748842 0.618262 0.180319 0.157935
0 0.608968 0.0394719 0.11153 0.073428
0 0.416214 0.186607 0.140996 0.171209
0 0.437609 0.606413 0.221859 0.225838
0 0.736275 0.631147 0.19598 0.188656
0 0.914203 0.23159 0.171594 0.234423
0 0.748718 0.505874 0.196321 0.19494
0 0.0607794 0.0632356 0.121559 0.126471
0 0.0654269 0.643147 0.130355 0.202191
0 0.190186 0.487175 0.310353 0.396765
0 0.448572 0.359332 0.141586 0.178409
0 0.252947 0.62053 0.407201 0.490439
0 0.975091 0.551578 0.0498191 0.13855
