0 0.274841 0.561766 0.181818 0.237895
0 0.582674 0.880418 0.129598 0.239164
0 0.908475 0.832549 0.176354 0.313767
0 0.634963 0.618036 0.0963657 0.22012
0 0.465538 0.493099 0.100227 0.234708
0 0.313206 0.227894 0.149135 0.106722
0 0.198395 0.369179 0.0993261 0.103866
0 0.0459566 0.924932 0.0809597 0.135561
0 0.274841 0.561766 0.181818 0.237895
0 0.582674 0.880418 0.129598 0.239164
0 0.908475 0.832549 0.176354 0.313767
0 0.634963 0.618036 0.0963657 0.22012
0 0.465538 0.493099 0.100227 0.234708
0 0.313206 0.227894 0.149135 0.106722
0 0.198395 0.369179 0.0993261 0.103866
0 0.0459566 0.924932 0.0809597 0.135561
0 0.275005 0.568677 0.188947 0.251438
0 0.909516 0.831149 0.180969 0.267774
0 0.639371 0.622218 0.0896645 0.18824
0 0.468905 0.492391 0.0953045 0.247313
0 0.583057 0.868075 0.137963 0.263849
0 0.601765 0.335436 0.0607883 0.0934704
0 0.305073 0.224657 0.0988024 0.0935603
0 0.315526 0.225982 0.126174 0.106078
