0 0.216665 0.632606 0.108602 0.137071
0 0.393303 0.378334 0.149514 0.146728
0 0.301962 0.464329 0.150663 0.0885329
0 0.216665 0.632606 0.108602 0.137071
0 0.393303 0.378334 0.149514 0.146728
0 0.301962 0.464329 0.150663 0.0885329
0 0.302946 0.47265 0.119643 0.100469
0 0.396306 0.370742 0.109917 0.0938233
0 0.212966 0.628179 0.0946917 0.125416
0 0.102359 0.215748 0.0699726 0.0544466
0 0.0407567 0.145787 0.080028 0.0804237
0 0.502838 0.441503 0.0933182 0.0574044
0 0.0376527 0.835158 0.0751908 0.187181
