0 0.915544 0.824369 0.161535 0.310497
0 0.637531 0.476161 0.125882 0.0981084
0 0.457659 0.27517 0.124139 0.184817
0 0.641949 0.314958 0.138494 0.146313
0 0.910328 0.650373 0.179344 0.289514
0 0.361672 0.912586 0.152171 0.131171
0 0.49839 0.44146 0.103853 0.154288
0 0.402146 0.698425 0.0945316 0.164241
0 0.142367 0.740191 0.12363 0.194346
0 0.0474654 0.0440876 0.0949307 0.0881753
0 0.914775 0.77245 0.17045 0.410648
0 0.352983 0.531015 0.0908704 0.125937
0 0.884753 0.622358 0.127107 0.298907
0 0.281121 0.134629 0.104123 0.0945665
0 0.131471 0.744286 0.106943 0.245056
0 0.915544 0.824369 0.161535 0.310497
0 0.637531 0.476161 0.125882 0.0981084
0 0.457659 0.27517 0.124139 0.184817
0 0.641949 0.314958 0.138494 0.146313
0 0.910328 0.650373 0.179344 0.289514
0 0.361672 0.912586 0.152171 0.131171
0 0.49839 0.44146 0.103853 0.154288
0 0.402146 0.698425 0.0945316 0.164241
0 0.142367 0.740191 0.12363 0.194346
0 0.0474654 0.0440876 0.0949307 0.0881753
0 0.914775 0.77245 0.17045 0.410648
0 0.352983 0.531015 0.0908704 0.125937
0 0.884753 0.622358 0.127107 0.298907
0 0.281121 0.134629 0.104123 0.0945665
0 0.131471 0.744286 0.106943 0.245056
0 0.640723 0.475497 0.121373 0.0789703
0 0.457329 0.265203 0.11465 0.168693
0 0.858349 0.458024 0.0980255 0.0721276
0 0.64336 0.309507 0.121508 0.136218
0 0.914045 0.826858 0.161684 0.271199
0 0.787094 0.331708 0.107828 0.0848457
0 0.276574 0.13611 0.110177 0.0913974
0 0.0479455 0.0662511 0.0944986 0.0725185
0 0.911829 0.668679 0.176342 0.270232
0 0.0483185 0.0438409 0.096637 0.0876818
0 0.94439 0.676374 0.109025 0.203368
0 0.0466 0.0847351 0.0846089 0.0477765
0 0.0213669 0.733801 0.0389186 0.102421
