0 0.87614 0.505474 0.178535 0.170297
0 0.768268 0.0997468 0.108941 0.0968608
0 0.231924 0.356313 0.161456 0.332096
0 0.922309 0.616236 0.0972027 0.0804023
0 0.643032 0.386139 0.126366 0.203943
0 0.273903 0.108639 0.160841 0.168327
0 0.0510257 0.853478 0.0991333 0.293045
0 0.948192 0.804104 0.0989023 0.23876
0 0.442911 0.548395 0.134321 0.209138
0 0.956047 0.466576 0.0879059 0.0952003
0 0.405036 0.756158 0.109606 0.142189
0 0.403876 0.268514 0.143146 0.210774
0 0.946834 0.784599 0.0935881 0.172503
0 0.558788 0.482997 0.065206 0.0897278
0 0.347905 0.868033 0.124822 0.263935
0 0.42648 0.108588 0.200398 0.195085
0 0.792711 0.368829 0.127184 0.112855
0 0.320251 0.835141 0.214173 0.323962
0 0.87614 0.505474 0.178535 0.170297
0 0.768268 0.0997468 0.108941 0.0968608
0 0.231924 0.356313 0.161456 0.332096
0 0.922309 0.616236 0.0972027 0.0804023
0 0.643032 0.386139 0.126366 0.203943
0 0.273903 0.108639 0.160841 0.168327
0 0.0510257 0.853478 0.0991333 0.293045
0 0.948192 0.804104 0.0989023 0.23876
0 0.442911 0.548395 0.134321 0.209138
0 0.956047 0.466576 0.0879059 0.0952003
0 0.405036 0.756158 0.109606 0.142189
0 0.403876 0.268514 0.143146 0.210774
0 0.946834 0.784599 0.0935881 0.172503
0 0.558788 0.482997 0.065206 0.0897278
0 0.347905 0.868033 0.124822 0.263935
0 0.42648 0.108588 0.200398 0.195085
0 0.792711 0.368829 0.127184 0.112855
0 0.320251 0.835141 0.214173 0.323962
0 0.886581 0.527653 0.226837 0.218352
0 0.33521 0.858774 0.14656 0.263932
0 0.227008 0.360763 0.128618 0.304542
0 0.449875 0.590429 0.18356 0.324355
0 0.271941 0.109359 0.143536 0.133604
0 0.793092 0.386225 0.132648 0.128286
0 0.0625716 0.856802 0.12489 0.244913
0 0.765272 0.102074 0.100836 0.0757151
0 0.390325 0.250795 0.176079 0.303194
0 0.642951 0.393874 0.128543 0.189449
0 0.922675 0.618666 0.0843166 0.0617136
0 0.883049 0.501117 0.206491 0.152548
0 0.587048 0.28602 0.0914181 0.0622336
0 0.483261 0.815427 0.041338 0.0629649
