0 0.674459 0.273023 0.155332 0.124233
0 0.473196 0.131047 0.182445 0.166432
0 0.932531 0.831887 0.134764 0.216962
0 0.760445 0.531333 0.127195 0.101359
0 0.14887 0.0398831 0.0810168 0.0635796
0 0.32952 0.0629424 0.120015 0.103699
0 0.674459 0.273023 0.155332 0.124233
0 0.473196 0.131047 0.182445 0.166432
0 0.932531 0.831887 0.134764 0.216962
0 0.760445 0.531333 0.127195 0.101359
0 0.14887 0.0398831 0.0810168 0.0635796
0 0.32952 0.0629424 0.120015 0.103699
0 0.475264 0.135819 0.168236 0.178199
0 0.674313 0.278547 0.140405 0.116402
0 0.766874 0.533074 0.123451 0.0925973
0 0.932559 0.840077 0.134531 0.250159
0 0.792453 0.254536 0.0843536 0.0742918
0 0.921442 0.265607 0.130635 0.137126
0 0.0745088 0.830644 0.149018 0.302655
0 0.274214 0.812125 0.13202 0.198704
0 0.334976 0.0731024 0.1033 0.0983626
0 0.146772 0.0509411 0.0733878 0.0534114
