0 0.442891 0.337947 0.20031 0.233756
0 0.641477 0.347152 0.126303 0.117667
0 0.153002 0.611466 0.247123 0.221366
0 0.348746 0.581628 0.139925 0.121976
0 0.833524 0.472678 0.162352 0.138741
0 0.384603 0.180985 0.123521 0.135068
0 0.680516 0.0959503 0.0950913 0.0807644
0 0.323992 0.292441 0.056821 0.0848137
0 0.287808 0.095365 0.108358 0.0825098
0 0.281987 0.62574 0.185339 0.156156
0 0.548997 0.144063 0.0878578 0.0665871
0 0.437865 0.308798 0.228329 0.301677
0 0.0878029 0.237402 0.139891 0.111251
0 0.135428 0.0330946 0.0834558 0.0632604
0 0.442891 0.337947 0.20031 0.233756
0 0.641477 0.347152 0.126303 0.117667
0 0.153002 0.611466 0.247123 0.221366
0 0.348746 0.581628 0.139925 0.121976
0 0.833524 0.472678 0.162352 0.138741
0 0.384603 0.180985 0.123521 0.135068
0 0.680516 0.0959503 0.0950913 0.0807644
0 0.323992 0.292441 0.056821 0.0848137
0 0.287808 0.095365 0.108358 0.0825098
0 0.281987 0.62574 0.185339 0.156156
0 0.548997 0.144063 0.0878578 0.0665871
0 0.437865 0.308798 0.228329 0.301677
0 0.0878029 0.237402 0.139891 0.111251
0 0.135428 0.0330946 0.0834558 0.0632604
0 0.636822 0.352707 0.134227 0.126948
0 0.387891 0.193802 0.141778 0.157888
0 0.45317 0.343202 0.201899 0.240124
0 0.35171 0.579314 0.149302 0.128235
0 0.165499 0.616442 0.244785 0.216775
0 0.829193 0.470138 0.140244 0.122307
0 0.183089 0.202533 0.0786178 0.073101
0 0.679708 0.101152 0.0795024 0.064534
0 0.133061 0.241956 0.0649629 0.0740078
0 0.292913 0.0922763 0.100845 0.0561919
0 0.285904 0.631027 0.209399 0.170854
0 0.858401 0.307612 0.105266 0.102835
0 0.131924 0.0463291 0.0707722 0.0476243
