0 0.586603 0.111076 0.137812 0.102526
0 0.182542 0.139423 0.163053 0.139776
0 0.399147 0.603499 0.0888724 0.295449
0 0.723344 0.0561958 0.129461 0.0850269
0 0.549643 0.460949 0.0780545 0.167106
0 0.053134 0.478652 0.106268 0.191568
0 0.437921 0.327708 0.100576 0.140414
0 0.134617 0.408387 0.0868727 0.129854
0 0.411781 0.919846 0.152262 0.160308
0 0.961587 0.560208 0.0701967 0.146773
0 0.936848 0.915053 0.126305 0.161701
0 0.0634477 0.22896 0.0984784 0.137955
0 0.658971 0.226027 0.127635 0.119653
0 0.927042 0.903716 0.120377 0.130926
0 0.586603 0.111076 0.137812 0.102526
0 0.182542 0.139423 0.163053 0.139776
0 0.399147 0.603499 0.0888724 0.295449
0 0.723344 0.0561958 0.129461 0.0850269
0 0.549643 0.460949 0.0780545 0.167106
0 0.053134 0.478652 0.106268 0.191568
0 0.437921 0.327708 0.100576 0.140414
0 0.134617 0.408387 0.0868727 0.129854
0 0.411781 0.919846 0.152262 0.160308
0 0.961587 0.560208 0.0701967 0.146773
0 0.936848 0.915053 0.126305 0.161701
0 0.0634477 0.22896 0.0984784 0.137955
0 0.658971 0.226027 0.127635 0.119653
0 0.927042 0.903716 0.120377 0.130926
0 0.432417 0.317925 0.0924236 0.123126
0 0.581586 0.113735 0.132261 0.104846
0 0.180936 0.144995 0.147214 0.141371
0 0.412222 0.913611 0.18084 0.172779
0 0.40471 0.593405 0.0932798 0.267397
0 0.818385 0.250246 0.0738421 0.101041
0 0.546491 0.480155 0.087012 0.231621
0 0.883722 0.284679 0.0865013 0.0879557
0 0.932905 0.918409 0.13419 0.163183
0 0.0580103 0.483465 0.116021 0.197636
0 0.721698 0.0623782 0.116259 0.0829809
0 0.322219 0.217344 0.0906766 0.167119
0 0.054236 0.157525 0.101665 0.148695
0 0.935256 0.546721 0.123131 0.223759
