0 0.486543 0.467763 0.144457 0.163907
0 0.433921 0.294029 0.191601 0.19295
0 0.138308 0.501533 0.243962 0.379406
0 0.541805 0.804924 0.196086 0.316352
0 0.898736 0.919505 0.0625206 0.153228
0 0.825753 0.808222 0.0857759 0.108498
0 0.745187 0.750434 0.0746561 0.199539
0 0.509002 0.0477671 0.116946 0.0892323
0 0.275054 0.342538 0.113029 0.111928
0 0.793314 0.652972 0.0654612 0.0867387
0 0.685733 0.545557 0.0640747 0.167661
0 0.959707 0.584401 0.0674816 0.115686
0 0.0829303 0.562456 0.143398 0.166751
0 0.681046 0.339873 0.0561288 0.114914
0 0.27481 0.723449 0.123561 0.157093
0 0.869326 0.709231 0.0859753 0.121706
0 0.486543 0.467763 0.144457 0.163907
0 0.433921 0.294029 0.191601 0.19295
0 0.138308 0.501533 0.243962 0.379406
0 0.541805 0.804924 0.196086 0.316352
0 0.898736 0.919505 0.0625206 0.153228
0 0.825753 0.808222 0.0857759 0.108498
0 0.745187 0.750434 0.0746561 0.199539
0 0.509002 0.0477671 0.116946 0.0892323
0 0.275054 0.342538 0.113029 0.111928
0 0.793314 0.652972 0.0654612 0.0867387
0 0.685733 0.545557 0.0640747 0.167661
0 0.959707 0.584401 0.0674816 0.115686
0 0.0829303 0.562456 0.143398 0.166751
0 0.681046 0.339873 0.0561288 0.114914
0 0.27481 0.723449 0.123561 0.157093
0 0.869326 0.709231 0.0859753 0.121706
0 0.484342 0.464704 0.132225 0.168441
0 0.685308 0.871664 0.0956875 0.25466
0 0.436856 0.29126 0.165865 0.187507
0 0.868321 0.712515 0.0793623 0.0941289
0 0.941253 0.691209 0.117494 0.15188
0 0.536003 0.792716 0.210259 0.275072
0 0.753178 0.776993 0.0684853 0.163029
0 0.283929 0.104175 0.0724682 0.108623
0 0.900039 0.915683 0.0550789 0.146717
0 0.822195 0.823668 0.106767 0.125192
0 0.187465 0.5232 0.28011 0.417476
0 0.492782 0.920175 0.0847021 0.130413
0 0.106797 0.29309 0.16765 0.238778
0 0.708819 0.51782 0.126324 0.10937
0 0.499861 0.0476504 0.115977 0.092757
0 0.266195 0.75427 0.142101 0.212108
0 0.16508 0.503959 0.221587 0.358898
0 0.040606 0.496462 0.0801586 0.158857
0 0.678729 0.338705 0.0573935 0.102414
0 0.0435411 0.906997 0.0839353 0.186006
