0 0.732541 0.445648 0.115997 0.140844
0 0.903866 0.241175 0.153758 0.131514
0 0.603287 0.508893 0.0907162 0.177122
0 0.844824 0.493529 0.177281 0.184236
0 0.466311 0.237725 0.201937 0.231028
0 0.0956146 0.39799 0.180204 0.139584
0 0.513536 0.763525 0.245936 0.45406
0 0.889888 0.395886 0.122215 0.0905762
0 0.871745 0.770641 0.25651 0.42094
0 0.718199 0.274421 0.115789 0.129461
0 0.0582676 0.674927 0.108654 0.215628
0 0.932945 0.484895 0.0990746 0.0942203
0 0.0816663 0.69357 0.163333 0.306546
0 0.123919 0.759676 0.0885742 0.14421
0 0.16142 0.58679 0.108362 0.195712
0 0.794604 0.677996 0.0755573 0.180059
0 0.619089 0.38272 0.077467 0.111401
0 0.436602 0.331217 0.110514 0.0925534
0 0.732541 0.445648 0.115997 0.140844
0 0.903866 0.241175 0.153758 0.131514
0 0.603287 0.508893 0.0907162 0.177122
0 0.844824 0.493529 0.177281 0.184236
0 0.466311 0.237725 0.201937 0.231028
0 0.0956146 0.39799 0.180204 0.139584
0 0.513536 0.763525 0.245936 0.45406
0 0.889888 0.395886 0.122215 0.0905762
0 0.871745 0.770641 0.25651 0.42094
0 0.718199 0.274421 0.115789 0.129461
0 0.0582676 0.674927 0.108654 0.215628
0 0.932945 0.484895 0.0990746 0.0942203
0 0.0816663 0.69357 0.163333 0.306546
0 0.123919 0.759676 0.0885742 0.14421
0 0.16142 0.58679 0.108362 0.195712
0 0.794604 0.677996 0.0755573 0.180059
0 0.619089 0.38272 0.077467 0.111401
0 0.436602 0.331217 0.110514 0.0925534
0 0.73295 0.444409 0.10426 0.133413
0 0.109095 0.403689 0.20084 0.181269
0 0.841765 0.49105 0.171946 0.211671
0 0.723068 0.276449 0.12633 0.126112
0 0.888453 0.401347 0.105306 0.0800009
0 0.933322 0.488582 0.0996887 0.0887996
0 0.609026 0.509324 0.0899329 0.164283
0 0.913854 0.243205 0.172291 0.16439
0 0.0600971 0.175906 0.116793 0.10474
0 0.456348 0.248733 0.195089 0.246284
0 0.522695 0.777225 0.266966 0.445551
0 0.174684 0.580468 0.104166 0.246376
0 0.623825 0.383461 0.0841728 0.102895
0 0.885169 0.76924 0.229663 0.452232
0 0.514528 0.722519 0.229645 0.327253
0 0.65145 0.297828 0.0753259 0.124381
0 0.0847552 0.716844 0.16951 0.267276
0 0.799063 0.671997 0.0767645 0.189722
0 0.224424 0.165685 0.0728001 0.0932249
