0 0.88268 0.77231 0.150197 0.228468
0 0.942477 0.664919 0.109632 0.202465
0 0.6763 0.504568 0.0803752 0.118412
0 0.569062 0.526713 0.111493 0.172016
0 0.544331 0.080236 0.115599 0.0832131
0 0.179236 0.326116 0.151548 0.113866
0 0.403211 0.323492 0.0839159 0.0722507
0 0.876078 0.253312 0.106422 0.106705
0 0.88268 0.77231 0.150197 0.228468
0 0.942477 0.664919 0.109632 0.202465
0 0.6763 0.504568 0.0803752 0.118412
0 0.569062 0.526713 0.111493 0.172016
0 0.544331 0.080236 0.115599 0.0832131
0 0.179236 0.326116 0.151548 0.113866
0 0.403211 0.323492 0.0839159 0.0722507
0 0.876078 0.253312 0.106422 0.106705
0 0.884156 0.771122 0.154782 0.213815
0 0.167307 0.333796 0.168786 0.114221
0 0.942706 0.662421 0.112242 0.192477
0 0.68065 0.505068 0.0758272 0.103004
0 0.83163 0.452877 0.116412 0.124401
0 0.40821 0.328368 0.091045 0.0605537
0 0.569564 0.525909 0.10708 0.157421
0 0.712984 0.355465 0.0518267 0.057376
0 0.918336 0.385414 0.163327 0.171226
