0 0.542827 0.0862975 0.204623 0.172595
0 0.740299 0.513837 0.0971535 0.100048
0 0.575854 0.454401 0.184595 0.206698
0 0.814388 0.408669 0.0804371 0.144412
0 0.0507951 0.299399 0.0962013 0.0802372
0 0.542827 0.0862975 0.204623 0.172595
0 0.740299 0.513837 0.0971535 0.100048
0 0.575854 0.454401 0.184595 0.206698
0 0.814388 0.408669 0.0804371 0.144412
0 0.0507951 0.299399 0.0962013 0.0802372
0 0.548885 0.0912815 0.191287 0.182563
0 0.741349 0.520731 0.0966063 0.106062
0 0.912858 0.462468 0.0842629 0.147131
0 0.782041 0.331982 0.090596 0.0564758
0 0.741615 0.694163 0.054482 0.0440777
0 0.0293819 0.750527 0.0587638 0.081292
0 0.975936 0.89177 0.0481285 0.21646
