0 0.782997 0.574004 0.0926351 0.135605
0 0.222796 0.294207 0.128996 0.101265
0 0.59367 0.427014 0.0393837 0.0981895
0 0.485065 0.573998 0.103714 0.113032
0 0.633815 0.0963454 0.0919389 0.0762832
0 0.678812 0.548128 0.114066 0.199737
0 0.925691 0.502027 0.137603 0.124546
0 0.961288 0.818799 0.0774244 0.149171
0 0.659928 0.335361 0.0471004 0.0729333
0 0.0198556 0.777801 0.038067 0.0900435
0 0.782997 0.574004 0.0926351 0.135605
0 0.222796 0.294207 0.128996 0.101265
0 0.59367 0.427014 0.0393837 0.0981895
0 0.485065 0.573998 0.103714 0.113032
0 0.633815 0.0963454 0.0919389 0.0762832
0 0.678812 0.548128 0.114066 0.199737
0 0.925691 0.502027 0.137603 0.124546
0 0.961288 0.818799 0.0774244 0.149171
0 0.659928 0.335361 0.0471004 0.0729333
0 0.0198556 0.777801 0.038067 0.0900435
0 0.216501 0.301042 0.125563 0.109197
0 0.785269 0.573139 0.0899045 0.125295
0 0.493071 0.575011 0.0866444 0.0973453
0 0.957363 0.821927 0.0845783 0.169008
0 0.920918 0.503763 0.128922 0.125342
0 0.446017 0.286708 0.0815777 0.0498996
0 0.595759 0.424822 0.0420479 0.0978882
0 0.498867 0.360877 0.0556276 0.074968
0 0.659095 0.538038 0.0817207 0.147952
0 0.692743 0.59344 0.111934 0.0976023
