0 0.202165 0.220231 0.15176 0.138139
0 0.0713717 0.363869 0.142743 0.161562
0 0.10635 0.683439 0.108723 0.208838
0 0.707046 0.819486 0.366129 0.348977
0 0.0928634 0.164133 0.0600092 0.125549
0 0.325498 0.496261 0.15304 0.162629
0 0.301371 0.517564 0.210369 0.172899
0 0.330955 0.887463 0.108481 0.143987
0 0.930161 0.670905 0.117029 0.234568
0 0.975702 0.485864 0.0485959 0.184166
0 0.202165 0.220231 0.15176 0.138139
0 0.0713717 0.363869 0.142743 0.161562
0 0.10635 0.683439 0.108723 0.208838
0 0.707046 0.819486 0.366129 0.348977
0 0.0928634 0.164133 0.0600092 0.125549
0 0.325498 0.496261 0.15304 0.162629
0 0.301371 0.517564 0.210369 0.172899
0 0.330955 0.887463 0.108481 0.143987
0 0.930161 0.670905 0.117029 0.234568
0 0.975702 0.485864 0.0485959 0.184166
0 0.205757 0.222669 0.156836 0.138527
0 0.0767091 0.362948 0.153418 0.162982
0 0.105905 0.691265 0.0980705 0.210832
0 0.330687 0.488656 0.13995 0.148759
0 0.650754 0.188423 0.0699854 0.108562
0 0.978824 0.501114 0.0423523 0.200158
