0 0.448043 0.584356 0.0875687 0.28397
0 0.0856921 0.442204 0.101874 0.16028
0 0.172102 0.355734 0.0822563 0.119906
0 0.577105 0.490403 0.100808 0.265858
0 0.199721 0.588262 0.118444 0.308743
0 0.476397 0.892275 0.127125 0.21545
0 0.51459 0.139127 0.108128 0.127913
0 0.611331 0.0916021 0.115979 0.0967842
0 0.93388 0.324015 0.120634 0.170098
0 0.377441 0.295478 0.059742 0.122883
0 0.249254 0.0952169 0.0909211 0.128181
0 0.744554 0.0447227 0.112311 0.0811151
0 0.196104 0.568775 0.156059 0.311588
0 0.453459 0.314347 0.102542 0.142108
0 0.037203 0.180679 0.0744061 0.107968
0 0.596648 0.943056 0.133704 0.113888
0 0.690224 0.20465 0.204368 0.167858
0 0.445238 0.231505 0.128789 0.167598
0 0.664471 0.188987 0.136342 0.142963
0 0.10748 0.181407 0.098732 0.171111
0 0.923651 0.681849 0.114929 0.162401
0 0.448043 0.584356 0.0875687 0.28397
0 0.0856921 0.442204 0.101874 0.16028
0 0.172102 0.355734 0.0822563 0.119906
0 0.577105 0.490403 0.100808 0.265858
0 0.199721 0.588262 0.118444 0.308743
0 0.476397 0.892275 0.127125 0.21545
0 0.51459 0.139127 0.108128 0.127913
0 0.611331 0.0916021 0.115979 0.0967842
0 0.93388 0.324015 0.120634 0.170098
0 0.377441 0.295478 0.059742 0.122883
0 0.249254 0.0952169 0.0909211 0.128181
0 0.744554 0.0447227 0.112311 0.0811151
0 0.196104 0.568775 0.156059 0.311588
0 0.453459 0.314347 0.102542 0.142108
0 0.037203 0.180679 0.0744061 0.107968
0 0.596648 0.943056 0.133704 0.113888
0 0.690224 0.20465 0.204368 0.167858
0 0.445238 0.231505 0.128789 0.167598
0 0.664471 0.188987 0.136342 0.142963
0 0.10748 0.181407 0.098732 0.171111
0 0.923651 0.681849 0.114929 0.162401
0 0.517125 0.133648 0.0987659 0.125917
0 0.669489 0.186427 0.14854 0.129473
0 0.457391 0.314436 0.0978336 0.127833
0 0.248077 0.0978432 0.117302 0.123646
0 0.445902 0.224721 0.160675 0.160136
0 0.60077 0.928653 0.185513 0.142693
0 0.61318 0.0981114 0.113447 0.104238
0 0.0914104 0.442026 0.128161 0.187573
0 0.176027 0.578096 0.178043 0.308741
0 0.447581 0.576465 0.123366 0.280409
0 0.586459 0.494532 0.0848007 0.226454
0 0.927008 0.67164 0.129849 0.15199
0 0.74704 0.0507417 0.115543 0.0820405
0 0.924505 0.308611 0.133598 0.189351
0 0.0386721 0.189285 0.0767563 0.12263
0 0.176647 0.351704 0.0890935 0.11776
