0 0.616718 0.472995 0.20125 0.348606
0 0.874884 0.680835 0.231238 0.359506
0 0.409546 0.333614 0.122058 0.144351
0 0.49912 0.290001 0.111901 0.143314
0 0.70932 0.430903 0.0666008 0.144081
0 0.936816 0.348342 0.121997 0.126828
0 0.893608 0.456388 0.181585 0.151887
0 0.877835 0.142729 0.102106 0.147628
0 0.616718 0.472995 0.20125 0.348606
0 0.874884 0.680835 0.231238 0.359506
0 0.409546 0.333614 0.122058 0.144351
0 0.49912 0.290001 0.111901 0.143314
0 0.70932 0.430903 0.0666008 0.144081
0 0.936816 0.348342 0.121997 0.126828
0 0.893608 0.456388 0.181585 0.151887
0 0.877835 0.142729 0.102106 0.147628
0 0.897334 0.462856 0.205333 0.1643
0 0.885036 0.715475 0.229928 0.401864
0 0.624929 0.488842 0.200376 0.319871
0 0.407953 0.330158 0.123767 0.131275
0 0.715174 0.429323 0.0663994 0.147476
0 0.625174 0.289702 0.0831055 0.0770587
0 0.546633 0.0988969 0.0695698 0.0566372
