0 0.250288 0.0576356 0.101263 0.0796973
0 0.936917 0.537192 0.112643 0.155512
0 0.253997 0.162187 0.0895688 0.153908
0 0.852765 0.802489 0.101371 0.187151
0 0.277903 0.833633 0.0727593 0.298564
0 0.948649 0.381173 0.0763935 0.134293
0 0.634204 0.101292 0.123227 0.0853198
0 0.328488 0.27663 0.0930218 0.203277
0 0.250288 0.0576356 0.101263 0.0796973
0 0.936917 0.537192 0.112643 0.155512
0 0.253997 0.162187 0.0895688 0.153908
0 0.852765 0.802489 0.101371 0.187151
0 0.277903 0.833633 0.0727593 0.298564
0 0.948649 0.381173 0.0763935 0.134293
0 0.634204 0.101292 0.123227 0.0853198
0 0.328488 0.27663 0.0930218 0.203277
0 0.938584 0.530843 0.109134 0.142455
0 0.954536 0.38408 0.0791536 0.118807
0 0.248794 0.161308 0.0823403 0.152091
0 0.62628 0.101091 0.11942 0.0745756
0 0.26839 0.816878 0.0986853 0.31185
0 0.535611 0.137779 0.0570536 0.148852
0 0.0420356 0.176941 0.0839527 0.134443
