0 0.472524 0.838505 0.190274 0.287594
0 0.528976 0.612632 0.130429 0.257965
0 0.781777 0.901113 0.166509 0.197774
0 0.659964 0.646149 0.136256 0.204276
0 0.114002 0.419951 0.132081 0.167009
0 0.252577 0.257892 0.122713 0.157142
0 0.60415 0.792997 0.126432 0.161255
0 0.441398 0.45484 0.0961987 0.112954
0 0.183446 0.836524 0.185643 0.326952
0 0.205166 0.684657 0.103665 0.128065
0 0.441861 0.325988 0.125986 0.168865
0 0.778576 0.54959 0.058163 0.115158
0 0.83501 0.494768 0.117587 0.140038
0 0.946533 0.731384 0.0921085 0.230801
0 0.422084 0.560273 0.0799219 0.0936042
0 0.921569 0.581514 0.0829845 0.0826424
0 0.270419 0.532021 0.0892771 0.142446
0 0.544624 0.345418 0.0448358 0.103311
0 0.767881 0.888863 0.210043 0.221448
0 0.472524 0.838505 0.190274 0.287594
0 0.528976 0.612632 0.130429 0.257965
0 0.781777 0.901113 0.166509 0.197774
0 0.659964 0.646149 0.136256 0.204276
0 0.114002 0.419951 0.132081 0.167009
0 0.252577 0.257892 0.122713 0.157142
0 0.60415 0.792997 0.126432 0.161255
0 0.441398 0.45484 0.0961987 0.112954
0 0.183446 0.836524 0.185643 0.326952
0 0.205166 0.684657 0.103665 0.128065
0 0.441861 0.325988 0.125986 0.168865
0 0.778576 0.54959 0.058163 0.115158
0 0.83501 0.494768 0.117587 0.140038
0 0.946533 0.731384 0.0921085 0.230801
0 0.422084 0.560273 0.0799219 0.0936042
0 0.921569 0.581514 0.0829845 0.0826424
0 0.270419 0.532021 0.0892771 0.142446
0 0.544624 0.345418 0.0448358 0.103311
0 0.767881 0.888863 0.210043 0.221448
0 0.652645 0.641214 0.136877 0.220211
0 0.52515 0.612324 0.139842 0.243344
0 0.786096 0.902308 0.158076 0.195384
0 0.47503 0.840948 0.170421 0.299839
0 0.114532 0.428209 0.14644 0.18012
0 0.607203 0.788931 0.123871 0.147432
0 0.192655 0.846729 0.179459 0.306541
0 0.265717 0.540695 0.102045 0.129346
0 0.44036 0.325324 0.123781 0.163775
0 0.946976 0.721578 0.106049 0.217527
0 0.203409 0.69312 0.104463 0.121858
0 0.44238 0.459507 0.0832359 0.10448
0 0.250932 0.259301 0.131161 0.142244
0 0.419176 0.566198 0.0840624 0.0954288
0 0.779814 0.546878 0.0573144 0.113507
0 0.0384529 0.279588 0.0742607 0.160507
0 0.922899 0.582605 0.0841129 0.0692019
