0 0.219627 0.238998 0.131086 0.159503
0 0.760565 0.0571206 0.1694 0.114241
0 0.398668 0.193508 0.16347 0.103954
0 0.712215 0.691557 0.207248 0.184737
0 0.137829 0.0447192 0.113375 0.0829795
0 0.649173 0.259386 0.1368 0.112708
0 0.903401 0.546485 0.099474 0.144546
0 0.888087 0.317794 0.0858944 0.0602506
0 0.945536 0.428999 0.0769219 0.132913
0 0.12349 0.0509115 0.129502 0.095371
0 0.459422 0.908653 0.0867229 0.132989
0 0.219627 0.238998 0.131086 0.159503
0 0.760565 0.0571206 0.1694 0.114241
0 0.398668 0.193508 0.16347 0.103954
0 0.712215 0.691557 0.207248 0.184737
0 0.137829 0.0447192 0.113375 0.0829795
0 0.649173 0.259386 0.1368 0.112708
0 0.903401 0.546485 0.099474 0.144546
0 0.888087 0.317794 0.0858944 0.0602506
0 0.945536 0.428999 0.0769219 0.132913
0 0.12349 0.0509115 0.129502 0.095371
0 0.459422 0.908653 0.0867229 0.132989
0 0.211766 0.238667 0.144473 0.14527
0 0.408048 0.200132 0.159097 0.104088
0 0.716035 0.712338 0.215036 0.169257
0 0.759376 0.0550452 0.168683 0.11009
0 0.638655 0.261057 0.124449 0.105984
0 0.911441 0.547485 0.107959 0.152875
0 0.950432 0.422636 0.0776218 0.120656
0 0.135113 0.0397718 0.106651 0.0774511
0 0.885936 0.319809 0.0930462 0.052576
0 0.794477 0.27307 0.156975 0.140647
0 0.286898 0.0312719 0.100839 0.0599135
