0 0.23621 0.81064 0.234631 0.296432
0 0.558598 0.382017 0.0944599 0.221545
0 0.25449 0.401032 0.118999 0.260772
0 0.878653 0.348712 0.134654 0.163169
0 0.626983 0.109908 0.179821 0.142796
0 0.78889 0.566167 0.121913 0.164376
0 0.682134 0.790074 0.0921422 0.23628
0 0.558364 0.712759 0.137093 0.176938
0 0.135312 0.334296 0.127781 0.184453
0 0.951496 0.285814 0.0857836 0.138437
0 0.362374 0.709299 0.074817 0.130048
0 0.340081 0.570026 0.101095 0.128979
0 0.955031 0.551023 0.0816635 0.18386
0 0.443084 0.423183 0.0567907 0.121842
0 0.436768 0.296556 0.0867669 0.232181
0 0.853804 0.69333 0.101538 0.148641
0 0.0598005 0.105766 0.119601 0.0971135
0 0.179969 0.120186 0.110086 0.102515
0 0.694742 0.486652 0.0915213 0.111902
0 0.865452 0.51621 0.0578696 0.0811497
0 0.848012 0.200301 0.109329 0.109391
0 0.725241 0.420764 0.193273 0.163812
0 0.124053 0.178146 0.115209 0.0845103
0 0.0816172 0.943345 0.0871717 0.11331
0 0.0985012 0.47744 0.0850114 0.113311
0 0.698413 0.401601 0.139346 0.131917
0 0.348902 0.263088 0.0610205 0.133396
0 0.23621 0.81064 0.234631 0.296432
0 0.558598 0.382017 0.0944599 0.221545
0 0.25449 0.401032 0.118999 0.260772
0 0.878653 0.348712 0.134654 0.163169
0 0.626983 0.109908 0.179821 0.142796
0 0.78889 0.566167 0.121913 0.164376
0 0.682134 0.790074 0.0921422 0.23628
0 0.558364 0.712759 0.137093 0.176938
0 0.135312 0.334296 0.127781 0.184453
0 0.951496 0.285814 0.0857836 0.138437
0 0.362374 0.709299 0.074817 0.130048
0 0.340081 0.570026 0.101095 0.128979
0 0.955031 0.551023 0.0816635 0.18386
0 0.443084 0.423183 0.0567907 0.121842
0 0.436768 0.296556 0.0867669 0.232181
0 0.853804 0.69333 0.101538 0.148641
0 0.0598005 0.105766 0.119601 0.0971135
0 0.179969 0.120186 0.110086 0.102515
0 0.694742 0.486652 0.0915213 0.111902
0 0.865452 0.51621 0.0578696 0.0811497
0 0.848012 0.200301 0.109329 0.109391
0 0.725241 0.420764 0.193273 0.163812
0 0.124053 0.178146 0.115209 0.0845103
0 0.0816172 0.943345 0.0871717 0.11331
0 0.0985012 0.47744 0.0850114 0.113311
0 0.698413 0.401601 0.139346 0.131917
0 0.348902 0.263088 0.0610205 0.133396
0 0.236016 0.815862 0.24928 0.305352
0 0.625147 0.118557 0.187045 0.153697
0 0.680616 0.794052 0.0976721 0.220878
0 0.790313 0.571429 0.121918 0.160316
0 0.255134 0.394093 0.114048 0.261125
0 0.5623 0.714679 0.126414 0.152637
0 0.145312 0.337001 0.132956 0.18282
0 0.876407 0.339731 0.120896 0.142283
0 0.344451 0.566845 0.102146 0.136291
0 0.0602413 0.110325 0.114289 0.0801621
0 0.1896 0.130297 0.0860554 0.0917724
0 0.557981 0.369341 0.087406 0.22061
0 0.824659 0.400582 0.13349 0.147719
0 0.853523 0.20126 0.111477 0.100148
0 0.855243 0.685974 0.110106 0.151462
0 0.733565 0.41304 0.200601 0.155768
0 0.128159 0.181694 0.114255 0.0734239
0 0.865002 0.520855 0.0668106 0.0731995
0 0.428503 0.334513 0.122872 0.353607
0 0.024467 0.505461 0.048934 0.0818956
