0 0.692039 0.555759 0.306017 0.258674
0 0.202179 0.0663352 0.151567 0.132548
0 0.642253 0.344052 0.162502 0.213578
0 0.42289 0.433182 0.236555 0.2288
0 0.144844 0.409405 0.289688 0.312278
0 0.813646 0.43627 0.193357 0.144004
0 0.92836 0.293651 0.135473 0.129798
0 0.537477 0.498308 0.0919288 0.107562
0 0.932025 0.366877 0.117365 0.0996653
0 0.692039 0.555759 0.306017 0.258674
0 0.202179 0.0663352 0.151567 0.132548
0 0.642253 0.344052 0.162502 0.213578
0 0.42289 0.433182 0.236555 0.2288
0 0.144844 0.409405 0.289688 0.312278
0 0.813646 0.43627 0.193357 0.144004
0 0.92836 0.293651 0.135473 0.129798
0 0.537477 0.498308 0.0919288 0.107562
0 0.932025 0.366877 0.117365 0.0996653
0 0.451827 0.219091 0.166442 0.20784
0 0.41598 0.402302 0.1824 0.14797
0 0.70173 0.556575 0.234207 0.253159
0 0.640406 0.333104 0.171334 0.211267
0 0.820748 0.430082 0.180604 0.153028
0 0.161528 0.426483 0.323056 0.408742
0 0.92457 0.302451 0.139429 0.123106
0 0.711778 0.858681 0.287827 0.282639
0 0.327376 0.172208 0.134339 0.135571
0 0.204757 0.0751944 0.148926 0.150389
0 0.535243 0.510097 0.0765219 0.121149
0 0.121631 0.0924504 0.117939 0.126508
0 0.545859 0.159385 0.0982378 0.11247
0 0.0477802 0.026895 0.09035 0.05379
0 0.0842419 0.925339 0.0758531 0.109919
