0 0.0886257 0.814943 0.175913 0.234273
0 0.477046 0.610221 0.102334 0.11857
0 0.487424 0.796889 0.183792 0.163204
0 0.34142 0.465837 0.13678 0.193874
0 0.850308 0.716052 0.0857494 0.131368
0 0.82181 0.593131 0.0878006 0.108415
0 0.205947 0.115434 0.126855 0.0845525
0 0.677903 0.79175 0.102615 0.136615
0 0.523812 0.445374 0.107609 0.114324
0 0.974447 0.745902 0.0412111 0.144283
0 0.0886257 0.814943 0.175913 0.234273
0 0.477046 0.610221 0.102334 0.11857
0 0.487424 0.796889 0.183792 0.163204
0 0.34142 0.465837 0.13678 0.193874
0 0.850308 0.716052 0.0857494 0.131368
0 0.82181 0.593131 0.0878006 0.108415
0 0.205947 0.115434 0.126855 0.0845525
0 0.677903 0.79175 0.102615 0.136615
0 0.523812 0.445374 0.107609 0.114324
0 0.974447 0.745902 0.0412111 0.144283
0 0.343428 0.46464 0.133508 0.14411
0 0.478758 0.79247 0.165801 0.159956
0 0.852756 0.717434 0.0759988 0.120382
0 0.0870765 0.817347 0.174153 0.206969
0 0.468662 0.6079 0.0839346 0.116448
0 0.502497 0.314537 0.0682272 0.06883
0 0.96934 0.737057 0.0613206 0.149428
0 0.200419 0.116629 0.124558 0.0711764
0 0.820029 0.357166 0.0864107 0.0526114
0 0.572079 0.806147 0.0557982 0.0618425
0 0.819504 0.601329 0.0943012 0.0846425
