0 0.235891 0.760391 0.192497 0.298682
0 0.639179 0.637624 0.127873 0.205994
0 0.786196 0.812702 0.165857 0.158466
0 0.480576 0.741526 0.121491 0.272486
0 0.539252 0.621395 0.124556 0.247667
0 0.292642 0.478447 0.107512 0.119193
0 0.0794385 0.211942 0.140524 0.14208
0 0.146234 0.325057 0.144603 0.154099
0 0.530227 0.330544 0.0507951 0.137872
0 0.706567 0.891356 0.12348 0.193682
0 0.73876 0.517508 0.0559006 0.131037
0 0.277166 0.227524 0.101616 0.12691
0 0.463883 0.368124 0.0936586 0.125759
0 0.389899 0.523891 0.0647574 0.122696
0 0.841748 0.473053 0.137818 0.18004
0 0.195131 0.587003 0.0856595 0.095202
0 0.481422 0.743093 0.140312 0.361321
0 0.94459 0.760057 0.107893 0.244115
0 0.473449 0.366511 0.069142 0.114081
0 0.0190985 0.396706 0.0381969 0.131816
0 0.926298 0.571829 0.0694155 0.0952099
0 0.235891 0.760391 0.192497 0.298682
0 0.639179 0.637624 0.127873 0.205994
0 0.786196 0.812702 0.165857 0.158466
0 0.480576 0.741526 0.121491 0.272486
0 0.539252 0.621395 0.124556 0.247667
0 0.292642 0.478447 0.107512 0.119193
0 0.0794385 0.211942 0.140524 0.14208
0 0.146234 0.325057 0.144603 0.154099
0 0.530227 0.330544 0.0507951 0.137872
0 0.706567 0.891356 0.12348 0.193682
0 0.73876 0.517508 0.0559006 0.131037
0 0.277166 0.227524 0.101616 0.12691
0 0.463883 0.368124 0.0936586 0.125759
0 0.389899 0.523891 0.0647574 0.122696
0 0.841748 0.473053 0.137818 0.18004
0 0.195131 0.587003 0.0856595 0.095202
0 0.481422 0.743093 0.140312 0.361321
0 0.94459 0.760057 0.107893 0.244115
0 0.473449 0.366511 0.069142 0.114081
0 0.0190985 0.396706 0.0381969 0.131816
0 0.926298 0.571829 0.0694155 0.0952099
0 0.635951 0.63189 0.125739 0.190142
0 0.13616 0.328089 0.150951 0.150248
0 0.778123 0.805915 0.161367 0.152108
0 0.273534 0.236587 0.105267 0.140877
0 0.541586 0.620023 0.120275 0.246762
0 0.473428 0.75198 0.140641 0.320083
0 0.0772688 0.211111 0.139815 0.133034
0 0.295557 0.478779 0.0942931 0.119866
0 0.713525 0.886372 0.131158 0.19677
0 0.228613 0.764636 0.195614 0.304319
0 0.848273 0.475157 0.118884 0.128852
0 0.391489 0.525536 0.0610628 0.118994
0 0.929321 0.767581 0.141358 0.293062
0 0.474932 0.370699 0.0664074 0.0961622
0 0.73764 0.519445 0.0510109 0.129641
0 0.430379 0.265358 0.0745379 0.0965139
0 0.92635 0.575229 0.0760391 0.0773817
0 0.0393984 0.781392 0.0787968 0.332537
0 0.793413 0.40422 0.0674667 0.0571567
0 0.18634 0.60308 0.109944 0.132896
0 0.529567 0.331534 0.0446947 0.126036
