0 0.112671 0.573416 0.114148 0.207968
0 0.240219 0.26087 0.140599 0.104922
0 0.271574 0.580293 0.297539 0.215434
0 0.751607 0.495986 0.085235 0.091718
0 0.856082 0.530719 0.0994465 0.112301
0 0.795051 0.607184 0.0876424 0.1179
0 0.827956 0.313375 0.0951237 0.079867
0 0.66597 0.489031 0.0783143 0.0882726
0 0.717071 0.612272 0.0705245 0.103471
0 0.675904 0.753454 0.0800247 0.107608
0 0.112671 0.573416 0.114148 0.207968
0 0.240219 0.26087 0.140599 0.104922
0 0.271574 0.580293 0.297539 0.215434
0 0.751607 0.495986 0.085235 0.091718
0 0.856082 0.530719 0.0994465 0.112301
0 0.795051 0.607184 0.0876424 0.1179
0 0.827956 0.313375 0.0951237 0.079867
0 0.66597 0.489031 0.0783143 0.0882726
0 0.717071 0.612272 0.0705245 0.103471
0 0.675904 0.753454 0.0800247 0.107608
0 0.41583 0.219907 0.0933352 0.0563756
0 0.114822 0.5731 0.109841 0.196748
0 0.750678 0.501203 0.0894589 0.10304
0 0.857944 0.529136 0.101501 0.105404
0 0.226606 0.264472 0.144389 0.109245
0 0.664427 0.485844 0.0850346 0.096986
0 0.0752166 0.0316825 0.118804 0.0633651
0 0.77615 0.238018 0.11944 0.0948456
0 0.800152 0.59751 0.0843433 0.140797
0 0.297363 0.528625 0.376815 0.339918
0 0.966659 0.457317 0.0666819 0.0872366
0 0.0493722 0.298342 0.0966604 0.113865
