0 0.335126 0.610997 0.145398 0.14527
0 0.602381 0.324458 0.135448 0.128663
0 0.905922 0.651024 0.188156 0.198806
0 0.395729 0.328667 0.173164 0.208691
0 0.0767053 0.657556 0.153411 0.293658
0 0.253909 0.652385 0.206964 0.168269
0 0.806523 0.448683 0.117395 0.14139
0 0.270063 0.0859554 0.0905119 0.0714282
0 0.304614 0.283319 0.0427304 0.0810416
0 0.284337 0.398963 0.0395499 0.103071
0 0.338599 0.15841 0.1124 0.133095
0 0.566412 0.133096 0.0904862 0.0766555
0 0.335126 0.610997 0.145398 0.14527
0 0.602381 0.324458 0.135448 0.128663
0 0.905922 0.651024 0.188156 0.198806
0 0.395729 0.328667 0.173164 0.208691
0 0.0767053 0.657556 0.153411 0.293658
0 0.253909 0.652385 0.206964 0.168269
0 0.806523 0.448683 0.117395 0.14139
0 0.270063 0.0859554 0.0905119 0.0714282
0 0.304614 0.283319 0.0427304 0.0810416
0 0.284337 0.398963 0.0395499 0.103071
0 0.338599 0.15841 0.1124 0.133095
0 0.566412 0.133096 0.0904862 0.0766555
0 0.59824 0.329876 0.139839 0.135322
0 0.255339 0.666702 0.206357 0.164681
0 0.334332 0.60827 0.152832 0.134874
0 0.397876 0.332186 0.197581 0.223653
0 0.353326 0.176901 0.158328 0.179553
0 0.808272 0.454094 0.115498 0.142474
0 0.268924 0.0934726 0.093037 0.0580714
0 0.893402 0.67104 0.213196 0.236201
0 0.145436 0.205107 0.0714633 0.0835312
0 0.0791682 0.671876 0.158336 0.264766
0 0.179661 0.146382 0.0549622 0.0532138
0 0.106503 0.241253 0.0767679 0.0765576
0 0.876628 0.313428 0.127642 0.109171
