0 0.446992 0.306692 0.142074 0.147565
0 0.829818 0.846053 0.340364 0.307895
0 0.221711 0.475878 0.249158 0.185353
0 0.261043 0.670174 0.328512 0.258377
0 0.868218 0.453031 0.1325 0.131824
0 0.438166 0.851466 0.190904 0.297067
0 0.718101 0.336493 0.192477 0.203966
0 0.951684 0.55308 0.0821539 0.158364
0 0.218026 0.672961 0.272548 0.213737
0 0.842661 0.123297 0.314679 0.246594
0 0.436961 0.0863796 0.263863 0.172759
0 0.374245 0.214868 0.138075 0.10983
0 0.0853922 0.591158 0.124455 0.110593
0 0.446992 0.306692 0.142074 0.147565
0 0.829818 0.846053 0.340364 0.307895
0 0.221711 0.475878 0.249158 0.185353
0 0.261043 0.670174 0.328512 0.258377
0 0.868218 0.453031 0.1325 0.131824
0 0.438166 0.851466 0.190904 0.297067
0 0.718101 0.336493 0.192477 0.203966
0 0.951684 0.55308 0.0821539 0.158364
0 0.218026 0.672961 0.272548 0.213737
0 0.842661 0.123297 0.314679 0.246594
0 0.436961 0.0863796 0.263863 0.172759
0 0.374245 0.214868 0.138075 0.10983
0 0.0853922 0.591158 0.124455 0.110593
0 0.676738 0.536252 0.196255 0.160931
0 0.861483 0.453338 0.112932 0.126777
0 0.440897 0.31294 0.139753 0.178909
0 0.4375 0.842001 0.173697 0.315997
0 0.228947 0.472498 0.242467 0.18386
0 0.378341 0.219615 0.147611 0.126387
0 0.797568 0.844075 0.404865 0.31185
0 0.1269 0.153262 0.206114 0.206192
0 0.630819 0.136022 0.157372 0.129929
0 0.567093 0.337041 0.112327 0.0961339
0 0.243652 0.672993 0.356662 0.288759
0 0.250891 0.243698 0.0737623 0.141484
0 0.128442 0.0423496 0.0716939 0.0492143
0 0.717317 0.341062 0.306104 0.202415
0 0.741456 0.336774 0.22438 0.183004
0 0.819941 0.256901 0.147424 0.113556
0 0.951121 0.528663 0.0893963 0.203812
0 0.833301 0.0478616 0.207227 0.0957232
0 0.826505 0.102616 0.346991 0.205233
0 0.54586 0.0492628 0.0810547 0.079963
