0 0.841245 0.51029 0.157733 0.134929
0 0.95793 0.82715 0.084141 0.171746
0 0.278727 0.206336 0.211896 0.159679
0 0.881466 0.826735 0.128305 0.21644
0 0.650308 0.754351 0.167946 0.282052
0 0.730588 0.906964 0.107981 0.178497
0 0.211575 0.674958 0.238101 0.216349
0 0.298713 0.347655 0.158144 0.128755
0 0.545838 0.416058 0.211952 0.167191
0 0.311038 0.208645 0.163233 0.147652
0 0.888333 0.614151 0.0609113 0.153908
0 0.800674 0.654048 0.058201 0.138139
0 0.515905 0.0664309 0.104867 0.102882
0 0.244774 0.697378 0.320436 0.260751
0 0.641417 0.785236 0.21077 0.389165
0 0.848416 0.535083 0.172978 0.193135
0 0.961897 0.620244 0.0502369 0.12895
0 0.697529 0.464521 0.0873492 0.101931
0 0.833634 0.596825 0.039238 0.0872023
0 0.939759 0.520856 0.0680534 0.107848
0 0.654141 0.725588 0.152425 0.212284
0 0.752869 0.743137 0.0480215 0.204082
0 0.841245 0.51029 0.157733 0.134929
0 0.95793 0.82715 0.084141 0.171746
0 0.278727 0.206336 0.211896 0.159679
0 0.881466 0.826735 0.128305 0.21644
0 0.650308 0.754351 0.167946 0.282052
0 0.730588 0.906964 0.107981 0.178497
0 0.211575 0.674958 0.238101 0.216349
0 0.298713 0.347655 0.158144 0.128755
0 0.545838 0.416058 0.211952 0.167191
0 0.311038 0.208645 0.163233 0.147652
0 0.888333 0.614151 0.0609113 0.153908
0 0.800674 0.654048 0.058201 0.138139
0 0.515905 0.0664309 0.104867 0.102882
0 0.244774 0.697378 0.320436 0.260751
0 0.641417 0.785236 0.21077 0.389165
0 0.848416 0.535083 0.172978 0.193135
0 0.961897 0.620244 0.0502369 0.12895
0 0.697529 0.464521 0.0873492 0.101931
0 0.833634 0.596825 0.039238 0.0872023
0 0.939759 0.520856 0.0680534 0.107848
0 0.654141 0.725588 0.152425 0.212284
0 0.752869 0.743137 0.0480215 0.204082
0 0.306519 0.207398 0.158623 0.147303
0 0.9597 0.829568 0.0734139 0.17089
0 0.293329 0.348328 0.171782 0.131329
0 0.885732 0.831323 0.138628 0.200435
0 0.246057 0.697541 0.308595 0.295798
0 0.641875 0.755855 0.207409 0.252678
0 0.837389 0.505419 0.155364 0.110833
0 0.532107 0.419327 0.210591 0.181777
0 0.761543 0.77206 0.0981116 0.333231
0 0.236361 0.178804 0.0992671 0.0991432
0 0.887646 0.613036 0.0650642 0.126745
0 0.318728 0.705595 0.332866 0.232867
0 0.289591 0.700361 0.43248 0.318301
0 0.760684 0.778516 0.129837 0.368691
0 0.804477 0.663608 0.0529079 0.115014
