0 0.839497 0.342278 0.197129 0.237763
0 0.872937 0.173854 0.176526 0.200774
0 0.781879 0.50907 0.10065 0.110232
0 0.511188 0.0517926 0.133255 0.103585
0 0.94144 0.641906 0.110279 0.223042
0 0.66656 0.207532 0.109851 0.148625
0 0.0502382 0.868422 0.100476 0.263157
0 0.839497 0.342278 0.197129 0.237763
0 0.872937 0.173854 0.176526 0.200774
0 0.781879 0.50907 0.10065 0.110232
0 0.511188 0.0517926 0.133255 0.103585
0 0.94144 0.641906 0.110279 0.223042
0 0.66656 0.207532 0.109851 0.148625
0 0.0502382 0.868422 0.100476 0.263157
0 0.878855 0.173499 0.17786 0.203223
0 0.786132 0.514028 0.0978317 0.0893983
0 0.840768 0.339956 0.214783 0.260023
0 0.668762 0.210022 0.124775 0.166903
0 0.507725 0.0505351 0.123349 0.10107
0 0.210541 0.916825 0.138438 0.166349
0 0.277397 0.869141 0.0900034 0.144381
0 0.10285 0.266239 0.0668538 0.0576298
0 0.0480853 0.898164 0.0943544 0.194344
0 0.195372 0.602171 0.0567853 0.0849289
