0 0.783688 0.760241 0.118157 0.200435
0 0.177725 0.485104 0.116213 0.164523
0 0.0934493 0.4376 0.095453 0.165469
0 0.53685 0.474519 0.0837357 0.242065
0 0.260702 0.478825 0.0738554 0.224222
0 0.643108 0.878815 0.0941397 0.242371
0 0.500118 0.840086 0.0768354 0.224663
0 0.942366 0.702373 0.103329 0.160326
0 0.931892 0.938646 0.113768 0.122708
0 0.245864 0.49446 0.0441138 0.194745
0 0.464191 0.424346 0.0633328 0.122711
0 0.355362 0.726534 0.0749483 0.121795
0 0.652687 0.50185 0.167117 0.166481
0 0.790778 0.453177 0.0835342 0.112422
0 0.64648 0.580933 0.107811 0.130045
0 0.753633 0.512679 0.0964026 0.132192
0 0.0907264 0.685068 0.0911766 0.129474
0 0.322626 0.378038 0.070896 0.0786838
0 0.421543 0.500324 0.0882545 0.110816
0 0.0217451 0.771375 0.0434903 0.2016
0 0.305057 0.957246 0.166264 0.0855074
0 0.97265 0.41879 0.0547003 0.164709
0 0.342608 0.849415 0.103977 0.09304
0 0.184464 0.25145 0.139366 0.105178
0 0.0723049 0.273146 0.103648 0.107614
0 0.539397 0.560752 0.0570146 0.115116
0 0.538928 0.541874 0.0636268 0.162114
0 0.274506 0.464184 0.100361 0.17978
0 0.783688 0.760241 0.118157 0.200435
0 0.177725 0.485104 0.116213 0.164523
0 0.0934493 0.4376 0.095453 0.165469
0 0.53685 0.474519 0.0837357 0.242065
0 0.260702 0.478825 0.0738554 0.224222
0 0.643108 0.878815 0.0941397 0.242371
0 0.500118 0.840086 0.0768354 0.224663
0 0.942366 0.702373 0.103329 0.160326
0 0.931892 0.938646 0.113768 0.122708
0 0.245864 0.49446 0.0441138 0.194745
0 0.464191 0.424346 0.0633328 0.122711
0 0.355362 0.726534 0.0749483 0.121795
0 0.652687 0.50185 0.167117 0.166481
0 0.790778 0.453177 0.0835342 0.112422
0 0.64648 0.580933 0.107811 0.130045
0 0.753633 0.512679 0.0964026 0.132192
0 0.0907264 0.685068 0.0911766 0.129474
0 0.322626 0.378038 0.070896 0.0786838
0 0.421543 0.500324 0.0882545 0.110816
0 0.0217451 0.771375 0.0434903 0.2016
0 0.305057 0.957246 0.166264 0.0855074
0 0.97265 0.41879 0.0547003 0.164709
0 0.342608 0.849415 0.103977 0.09304
0 0.184464 0.25145 0.139366 0.105178
0 0.0723049 0.273146 0.103648 0.107614
0 0.539397 0.560752 0.0570146 0.115116
0 0.538928 0.541874 0.0636268 0.162114
0 0.274506 0.464184 0.100361 0.17978
0 0.791074 0.760014 0.12235 0.189572
0 0.652713 0.595056 0.109573 0.112407
0 0.177482 0.493857 0.125773 0.163204
0 0.423071 0.510245 0.0888058 0.0878462
0 0.655416 0.512735 0.162582 0.202292
0 0.0938192 0.434799 0.0810997 0.167076
0 0.308801 0.950272 0.153289 0.0994552
0 0.199994 0.245665 0.110828 0.0967638
0 0.143933 0.329228 0.119848 0.0820421
0 0.536072 0.475534 0.0827879 0.214905
0 0.794068 0.454644 0.0750267 0.097202
0 0.269543 0.45481 0.107593 0.328909
0 0.755543 0.515681 0.0902337 0.121603
0 0.360566 0.729025 0.0860023 0.111754
0 0.2623 0.456612 0.0761487 0.292234
0 0.929016 0.945041 0.117071 0.109918
0 0.974275 0.431521 0.0514492 0.18999
0 0.646433 0.894298 0.078458 0.197858
0 0.502846 0.824463 0.0625904 0.202601
0 0.400031 0.348663 0.0870655 0.246479
0 0.94649 0.69101 0.101343 0.17186
0 0.604966 0.289227 0.0489845 0.07825
0 0.072529 0.265433 0.0974463 0.082883
0 0.948061 0.718528 0.0967665 0.117998
