0 0.323136 0.511654 0.12828 0.103854
0 0.145589 0.719731 0.132877 0.152803
0 0.0540908 0.657797 0.108182 0.156191
0 0.588403 0.898284 0.105141 0.203432
0 0.234184 0.687525 0.0577305 0.194639
0 0.241973 0.901594 0.164624 0.196813
0 0.466293 0.917532 0.221312 0.164935
0 0.606769 0.812765 0.0934625 0.18726
0 0.585233 0.571744 0.075416 0.130099
0 0.435435 0.49366 0.137125 0.126569
0 0.917583 0.327046 0.140098 0.114442
0 0.161542 0.324927 0.0980088 0.0678248
0 0.871679 0.874336 0.256642 0.251328
0 0.207836 0.536833 0.0745854 0.0771272
0 0.323136 0.511654 0.12828 0.103854
0 0.145589 0.719731 0.132877 0.152803
0 0.0540908 0.657797 0.108182 0.156191
0 0.588403 0.898284 0.105141 0.203432
0 0.234184 0.687525 0.0577305 0.194639
0 0.241973 0.901594 0.164624 0.196813
0 0.466293 0.917532 0.221312 0.164935
0 0.606769 0.812765 0.0934625 0.18726
0 0.585233 0.571744 0.075416 0.130099
0 0.435435 0.49366 0.137125 0.126569
0 0.917583 0.327046 0.140098 0.114442
0 0.161542 0.324927 0.0980088 0.0678248
0 0.871679 0.874336 0.256642 0.251328
0 0.207836 0.536833 0.0745854 0.0771272
0 0.325014 0.505338 0.133366 0.0944339
0 0.0570435 0.667836 0.114087 0.186878
0 0.150357 0.720817 0.134812 0.159396
0 0.462342 0.921973 0.211941 0.156055
0 0.243818 0.898193 0.176477 0.203614
0 0.20961 0.542973 0.0878414 0.0691562
0 0.287307 0.364345 0.139184 0.10173
0 0.236368 0.685363 0.049877 0.189914
0 0.595253 0.84633 0.115308 0.30734
0 0.0388241 0.468355 0.0752031 0.0793451
0 0.605593 0.846744 0.103979 0.254334
0 0.952506 0.492952 0.0949884 0.100374
0 0.584372 0.565206 0.0720992 0.121296
0 0.149078 0.51234 0.0714169 0.0553649
