0 0.29888 0.5588 0.194239 0.20917
0 0.73388 0.416096 0.092788 0.158601
0 0.185666 0.511593 0.210594 0.208555
0 0.439974 0.679534 0.0930868 0.14916
0 0.55428 0.641925 0.107501 0.0805921
0 0.520528 0.565274 0.123617 0.176906
0 0.0576509 0.120739 0.112198 0.0836405
0 0.29888 0.5588 0.194239 0.20917
0 0.73388 0.416096 0.092788 0.158601
0 0.185666 0.511593 0.210594 0.208555
0 0.439974 0.679534 0.0930868 0.14916
0 0.55428 0.641925 0.107501 0.0805921
0 0.520528 0.565274 0.123617 0.176906
0 0.0576509 0.120739 0.112198 0.0836405
0 0.299191 0.575768 0.192613 0.193812
0 0.43869 0.685604 0.0827289 0.15097
0 0.190707 0.509676 0.18692 0.176082
0 0.55291 0.643475 0.0945816 0.0670537
0 0.956452 0.934159 0.0843356 0.131681
0 0.0612248 0.123886 0.119058 0.0771875
0 0.139159 0.470339 0.0630006 0.16908
0 0.735006 0.416224 0.0885118 0.150111
