0 0.904657 0.504193 0.190686 0.206584
0 0.807556 0.541042 0.203454 0.234873
0 0.215036 0.323195 0.218122 0.236731
0 0.142105 0.856995 0.28421 0.286011
0 0.640752 0.507112 0.11488 0.214562
0 0.468574 0.336016 0.0757423 0.125522
0 0.667965 0.720748 0.137084 0.191032
0 0.302572 0.233419 0.107453 0.105877
0 0.338225 0.287754 0.118495 0.162578
0 0.520013 0.264743 0.0512356 0.123246
0 0.30912 0.243433 0.127848 0.130552
0 0.497419 0.711539 0.09378 0.127602
0 0.941083 0.875578 0.112933 0.248844
0 0.73941 0.208285 0.0918749 0.107994
0 0.351133 0.573629 0.116006 0.20222
0 0.325543 0.268886 0.132859 0.167455
0 0.688245 0.717707 0.125541 0.168085
0 0.513991 0.255687 0.0636633 0.147286
0 0.554037 0.393126 0.071063 0.120107
0 0.0658044 0.677247 0.122962 0.222507
0 0.283779 0.06841 0.143548 0.13682
0 0.904657 0.504193 0.190686 0.206584
0 0.807556 0.541042 0.203454 0.234873
0 0.215036 0.323195 0.218122 0.236731
0 0.142105 0.856995 0.28421 0.286011
0 0.640752 0.507112 0.11488 0.214562
0 0.468574 0.336016 0.0757423 0.125522
0 0.667965 0.720748 0.137084 0.191032
0 0.302572 0.233419 0.107453 0.105877
0 0.338225 0.287754 0.118495 0.162578
0 0.520013 0.264743 0.0512356 0.123246
0 0.30912 0.243433 0.127848 0.130552
0 0.497419 0.711539 0.09378 0.127602
0 0.941083 0.875578 0.112933 0.248844
0 0.73941 0.208285 0.0918749 0.107994
0 0.351133 0.573629 0.116006 0.20222
0 0.325543 0.268886 0.132859 0.167455
0 0.688245 0.717707 0.125541 0.168085
0 0.513991 0.255687 0.0636633 0.147286
0 0.554037 0.393126 0.071063 0.120107
0 0.0658044 0.677247 0.122962 0.222507
0 0.283779 0.06841 0.143548 0.13682
0 0.904455 0.511397 0.19109 0.201479
0 0.361012 0.589527 0.174142 0.3202
0 0.281445 0.0849058 0.180948 0.167217
0 0.814336 0.546368 0.183013 0.240013
0 0.462892 0.332852 0.0787998 0.122748
0 0.65887 0.522409 0.136612 0.214514
0 0.332764 0.278868 0.127132 0.181804
0 0.55522 0.405077 0.0806923 0.15602
0 0.10445 0.884766 0.2089 0.180859
0 0.253055 0.309643 0.304768 0.264041
0 0.493685 0.708522 0.0860668 0.116724
0 0.225134 0.730242 0.0507216 0.0560576
