0 0.660178 0.55229 0.118694 0.236374
0 0.768661 0.858654 0.167279 0.282692
0 0.895226 0.81011 0.0813202 0.178094
0 0.137605 0.113154 0.182478 0.199556
0 0.762439 0.913397 0.16448 0.173206
0 0.799722 0.826271 0.106588 0.247459
0 0.632926 0.633413 0.0985519 0.209426
0 0.470761 0.565589 0.302989 0.277972
0 0.795085 0.572114 0.076395 0.132008
0 0.636535 0.6137 0.120297 0.24264
0 0.704759 0.685883 0.0388163 0.104636
0 0.6579 0.578497 0.157779 0.325349
0 0.595228 0.433579 0.0832096 0.0637851
0 0.969882 0.841269 0.0602365 0.223411
0 0.527249 0.305866 0.149674 0.177419
0 0.783943 0.564442 0.053606 0.117313
0 0.85482 0.293414 0.107235 0.116317
0 0.776748 0.481381 0.0671858 0.134559
0 0.815785 0.584209 0.0587429 0.127287
0 0.660178 0.55229 0.118694 0.236374
0 0.768661 0.858654 0.167279 0.282692
0 0.895226 0.81011 0.0813202 0.178094
0 0.137605 0.113154 0.182478 0.199556
0 0.762439 0.913397 0.16448 0.173206
0 0.799722 0.826271 0.106588 0.247459
0 0.632926 0.633413 0.0985519 0.209426
0 0.470761 0.565589 0.302989 0.277972
0 0.795085 0.572114 0.076395 0.132008
0 0.636535 0.6137 0.120297 0.24264
0 0.704759 0.685883 0.0388163 0.104636
0 0.6579 0.578497 0.157779 0.325349
0 0.595228 0.433579 0.0832096 0.0637851
0 0.969882 0.841269 0.0602365 0.223411
0 0.527249 0.305866 0.149674 0.177419
0 0.783943 0.564442 0.053606 0.117313
0 0.85482 0.293414 0.107235 0.116317
0 0.776748 0.481381 0.0671858 0.134559
0 0.815785 0.584209 0.0587429 0.127287
0 0.454955 0.563512 0.267216 0.267912
0 0.898857 0.798282 0.0633999 0.174867
0 0.64203 0.590937 0.129147 0.322206
0 0.135375 0.102331 0.155545 0.165201
0 0.512275 0.328861 0.155953 0.205489
0 0.238897 0.211176 0.134871 0.103826
0 0.23772 0.303061 0.0889978 0.15579
0 0.835572 0.286426 0.0845086 0.109298
0 0.939247 0.640147 0.0868591 0.0628281
0 0.975599 0.851918 0.0488018 0.208577
0 0.77779 0.569963 0.0515783 0.0835544
0 0.809878 0.838375 0.1094 0.235827
0 0.807594 0.678852 0.0474258 0.0503411
0 0.43923 0.0363936 0.0850086 0.0686635
