0 0.624551 0.37797 0.226994 0.160631
0 0.269277 0.311368 0.0941633 0.224935
0 0.962868 0.72514 0.0723721 0.217836
0 0.652872 0.919978 0.0659714 0.146387
0 0.486964 0.908214 0.0716574 0.0885668
0 0.969845 0.542804 0.0568541 0.197561
0 0.0187854 0.624883 0.034853 0.108287
0 0.0235223 0.45139 0.0444328 0.122195
0 0.624551 0.37797 0.226994 0.160631
0 0.269277 0.311368 0.0941633 0.224935
0 0.962868 0.72514 0.0723721 0.217836
0 0.652872 0.919978 0.0659714 0.146387
0 0.486964 0.908214 0.0716574 0.0885668
0 0.969845 0.542804 0.0568541 0.197561
0 0.0187854 0.624883 0.034853 0.108287
0 0.0235223 0.45139 0.0444328 0.122195
0 0.632381 0.387751 0.205462 0.178979
0 0.904668 0.18121 0.0913692 0.0750952
0 0.27321 0.270806 0.0857072 0.213631
0 0.965914 0.748985 0.0681725 0.266964
0 0.0523514 0.709628 0.0516152 0.0573998
0 0.0190931 0.624277 0.0380565 0.156837
