0 0.798038 0.594418 0.102248 0.144606
0 0.499675 0.586669 0.103365 0.118965
0 0.605059 0.436687 0.0441216 0.117161
0 0.933066 0.519268 0.120246 0.123357
0 0.228383 0.298865 0.115712 0.107931
0 0.698993 0.574166 0.116461 0.204291
0 0.940086 0.821562 0.110345 0.137568
0 0.798038 0.594418 0.102248 0.144606
0 0.499675 0.586669 0.103365 0.118965
0 0.605059 0.436687 0.0441216 0.117161
0 0.933066 0.519268 0.120246 0.123357
0 0.228383 0.298865 0.115712 0.107931
0 0.698993 0.574166 0.116461 0.204291
0 0.940086 0.821562 0.110345 0.137568
0 0.225125 0.308373 0.123265 0.0971459
0 0.804051 0.596632 0.0932101 0.128223
0 0.932934 0.519461 0.126628 0.128591
0 0.506443 0.585494 0.0986247 0.11018
0 0.706488 0.608472 0.121643 0.106226
0 0.603572 0.440425 0.0432934 0.095134
0 0.507381 0.367429 0.0526264 0.0697891
