0 0.740572 0.269888 0.139884 0.114801
0 0.900944 0.17323 0.159938 0.108538
0 0.559142 0.449361 0.346007 0.300463
0 0.129153 0.285346 0.258306 0.227965
0 0.774822 0.446255 0.115622 0.335146
0 0.139952 0.387805 0.279903 0.259581
0 0.730968 0.0520221 0.102776 0.104044
0 0.878157 0.605622 0.115247 0.15119
0 0.145396 0.343083 0.290793 0.348842
0 0.444546 0.113842 0.129645 0.0937056
0 0.537878 0.42907 0.336391 0.410587
0 0.649913 0.0634371 0.151179 0.126874
0 0.337253 0.128309 0.0833271 0.0582683
0 0.164584 0.134399 0.100318 0.0866539
0 0.740572 0.269888 0.139884 0.114801
0 0.900944 0.17323 0.159938 0.108538
0 0.559142 0.449361 0.346007 0.300463
0 0.129153 0.285346 0.258306 0.227965
0 0.774822 0.446255 0.115622 0.335146
0 0.139952 0.387805 0.279903 0.259581
0 0.730968 0.0520221 0.102776 0.104044
0 0.878157 0.605622 0.115247 0.15119
0 0.145396 0.343083 0.290793 0.348842
0 0.444546 0.113842 0.129645 0.0937056
0 0.537878 0.42907 0.336391 0.410587
0 0.649913 0.0634371 0.151179 0.126874
0 0.337253 0.128309 0.0833271 0.0582683
0 0.164584 0.134399 0.100318 0.0866539
0 0.132829 0.274793 0.255377 0.221483
0 0.560829 0.441055 0.324167 0.246952
0 0.338276 0.137437 0.0858149 0.0597191
0 0.185055 0.422039 0.193777 0.224317
0 0.772211 0.447464 0.115721 0.309678
0 0.961447 0.897675 0.0771061 0.20465
0 0.433794 0.121409 0.155124 0.0945104
0 0.892514 0.17299 0.177192 0.104262
0 0.738408 0.278166 0.123461 0.118478
0 0.0551739 0.149162 0.107831 0.171717
0 0.576131 0.399435 0.329521 0.374842
0 0.235663 0.311241 0.0757708 0.0616756
