0 0.403428 0.275049 0.200748 0.194998
0 0.56842 0.833095 0.222023 0.285224
0 0.513126 0.439087 0.194805 0.157867
0 0.249418 0.640003 0.333948 0.299089
0 0.770092 0.715487 0.0811226 0.175684
0 0.934872 0.875497 0.0721771 0.164091
0 0.0509995 0.422414 0.101999 0.310239
0 0.284987 0.338697 0.161867 0.105491
0 0.736391 0.487643 0.118419 0.102181
0 0.883025 0.664554 0.0929334 0.141832
0 0.857419 0.805238 0.0876905 0.115612
0 0.818184 0.616882 0.0673185 0.0952119
0 0.977473 0.561922 0.0450537 0.122028
0 0.403428 0.275049 0.200748 0.194998
0 0.56842 0.833095 0.222023 0.285224
0 0.513126 0.439087 0.194805 0.157867
0 0.249418 0.640003 0.333948 0.299089
0 0.770092 0.715487 0.0811226 0.175684
0 0.934872 0.875497 0.0721771 0.164091
0 0.0509995 0.422414 0.101999 0.310239
0 0.284987 0.338697 0.161867 0.105491
0 0.736391 0.487643 0.118419 0.102181
0 0.883025 0.664554 0.0929334 0.141832
0 0.857419 0.805238 0.0876905 0.115612
0 0.818184 0.616882 0.0673185 0.0952119
0 0.977473 0.561922 0.0450537 0.122028
0 0.507764 0.433301 0.164647 0.151212
0 0.304781 0.344956 0.0928846 0.0740331
0 0.230785 0.619037 0.337383 0.216959
0 0.411328 0.281194 0.146156 0.206961
0 0.559897 0.842014 0.269467 0.30768
0 0.940159 0.877418 0.0594959 0.160149
0 0.751354 0.492513 0.145008 0.0988646
0 0.775949 0.725858 0.0736829 0.170759
0 0.717196 0.824294 0.123347 0.351412
0 0.242984 0.667259 0.326066 0.309778
0 0.888184 0.665563 0.0806206 0.10595
0 0.0446651 0.414072 0.0893302 0.332916
0 0.852262 0.81321 0.0842268 0.119294
0 0.281794 0.0745731 0.0694655 0.103394
0 0.171871 0.596634 0.217418 0.173836
