0 0.736732 0.883986 0.216789 0.232029
0 0.793011 0.64604 0.154 0.156321
0 0.316456 0.158997 0.257786 0.23319
0 0.054256 0.0505703 0.108512 0.101141
0 0.835925 0.881652 0.109488 0.168197
0 0.911027 0.53596 0.132808 0.132782
0 0.283665 0.432647 0.268238 0.236743
0 0.736732 0.883986 0.216789 0.232029
0 0.793011 0.64604 0.154 0.156321
0 0.316456 0.158997 0.257786 0.23319
0 0.054256 0.0505703 0.108512 0.101141
0 0.835925 0.881652 0.109488 0.168197
0 0.911027 0.53596 0.132808 0.132782
0 0.283665 0.432647 0.268238 0.236743
0 0.797526 0.649885 0.130216 0.156508
0 0.128731 0.134367 0.17322 0.168771
0 0.0542834 0.0555213 0.108567 0.0797313
0 0.0977199 0.374514 0.19544 0.230826
0 0.337449 0.16265 0.208481 0.21985
0 0.730656 0.892041 0.200751 0.215917
