0 0.759672 0.582941 0.126055 0.189343
0 0.470482 0.831969 0.246581 0.317977
0 0.383734 0.318537 0.158912 0.200162
0 0.190598 0.800358 0.12123 0.329645
0 0.0721778 0.15577 0.115634 0.11486
0 0.763225 0.266795 0.129139 0.093056
0 0.636421 0.0924819 0.10854 0.0773353
0 0.489798 0.317933 0.102288 0.165506
0 0.759672 0.582941 0.126055 0.189343
0 0.470482 0.831969 0.246581 0.317977
0 0.383734 0.318537 0.158912 0.200162
0 0.190598 0.800358 0.12123 0.329645
0 0.0721778 0.15577 0.115634 0.11486
0 0.763225 0.266795 0.129139 0.093056
0 0.636421 0.0924819 0.10854 0.0773353
0 0.489798 0.317933 0.102288 0.165506
0 0.0698772 0.158199 0.118104 0.100728
0 0.756454 0.575144 0.122884 0.182006
0 0.467905 0.824526 0.242186 0.305249
0 0.379465 0.317611 0.158441 0.190304
0 0.755659 0.274518 0.127258 0.0991837
0 0.179719 0.757082 0.125321 0.325971
0 0.635743 0.0874689 0.102366 0.0724811
0 0.19465 0.213308 0.168581 0.166629
0 0.9626 0.361379 0.0718264 0.102908
0 0.193466 0.0584046 0.151469 0.0979814
0 0.0338146 0.274983 0.0664448 0.181149
