0 0.930266 0.791812 0.139467 0.216876
0 0.69265 0.492475 0.129132 0.0980298
0 0.47359 0.224264 0.136833 0.173522
0 0.0855531 0.0635788 0.132023 0.108838
0 0.664516 0.298286 0.140075 0.113666
0 0.0644869 0.265774 0.111817 0.138875
0 0.323538 0.138979 0.112669 0.103102
0 0.946343 0.605571 0.100504 0.26863
0 0.547468 0.464652 0.108031 0.163241
0 0.230623 0.899066 0.165778 0.154497
0 0.930266 0.791812 0.139467 0.216876
0 0.69265 0.492475 0.129132 0.0980298
0 0.47359 0.224264 0.136833 0.173522
0 0.0855531 0.0635788 0.132023 0.108838
0 0.664516 0.298286 0.140075 0.113666
0 0.0644869 0.265774 0.111817 0.138875
0 0.323538 0.138979 0.112669 0.103102
0 0.946343 0.605571 0.100504 0.26863
0 0.547468 0.464652 0.108031 0.163241
0 0.230623 0.899066 0.165778 0.154497
0 0.659861 0.291888 0.129871 0.10169
0 0.471789 0.222064 0.128335 0.168843
0 0.697679 0.494786 0.126262 0.0932049
0 0.929666 0.802191 0.134736 0.219287
0 0.949179 0.613085 0.093074 0.239632
0 0.318234 0.140733 0.0984951 0.0893543
0 0.0801701 0.0659367 0.133878 0.0969936
