0 0.257737 0.48745 0.164453 0.144656
0 0.387181 0.696878 0.168246 0.129312
0 0.903271 0.745783 0.193458 0.214782
0 0.606043 0.447475 0.145488 0.20359
0 0.375246 0.180386 0.205984 0.169694
0 0.759388 0.718603 0.0628021 0.153778
0 0.0697701 0.308847 0.13954 0.176508
0 0.359353 0.156738 0.192289 0.130171
0 0.0772769 0.0488492 0.154554 0.0976984
0 0.935775 0.391885 0.12845 0.135283
0 0.604021 0.652291 0.0623168 0.150779
0 0.742712 0.526456 0.107747 0.13476
0 0.0927377 0.164141 0.110404 0.0846775
0 0.607987 0.414845 0.177691 0.307541
0 0.432833 0.560516 0.0805943 0.127412
0 0.257737 0.48745 0.164453 0.144656
0 0.387181 0.696878 0.168246 0.129312
0 0.903271 0.745783 0.193458 0.214782
0 0.606043 0.447475 0.145488 0.20359
0 0.375246 0.180386 0.205984 0.169694
0 0.759388 0.718603 0.0628021 0.153778
0 0.0697701 0.308847 0.13954 0.176508
0 0.359353 0.156738 0.192289 0.130171
0 0.0772769 0.0488492 0.154554 0.0976984
0 0.935775 0.391885 0.12845 0.135283
0 0.604021 0.652291 0.0623168 0.150779
0 0.742712 0.526456 0.107747 0.13476
0 0.0927377 0.164141 0.110404 0.0846775
0 0.607987 0.414845 0.177691 0.307541
0 0.432833 0.560516 0.0805943 0.127412
0 0.255166 0.487639 0.163962 0.149779
0 0.0707538 0.310496 0.141508 0.204173
0 0.766893 0.717125 0.0735324 0.137437
0 0.60663 0.453685 0.148283 0.211529
0 0.605644 0.663464 0.0762663 0.163123
0 0.092536 0.165893 0.10187 0.0677145
0 0.382952 0.185668 0.220224 0.192892
0 0.390822 0.693246 0.17093 0.181161
0 0.707412 0.290814 0.0844781 0.107615
0 0.897255 0.767044 0.205489 0.249439
0 0.73123 0.524568 0.0894919 0.133493
0 0.074254 0.0449715 0.148508 0.089943
0 0.842954 0.319253 0.0717835 0.0774448
0 0.925731 0.398458 0.146248 0.15025
