0 0.929751 0.0627591 0.140499 0.104323
0 0.774268 0.408122 0.300154 0.315727
0 0.548922 0.0688116 0.212966 0.137623
0 0.10494 0.317365 0.136182 0.171102
0 0.275802 0.297803 0.132359 0.215654
0 0.508318 0.226434 0.282914 0.240431
0 0.924017 0.443716 0.132432 0.121176
0 0.808311 0.191397 0.111683 0.0878388
0 0.25029 0.153057 0.129172 0.101796
0 0.799809 0.507222 0.097485 0.163455
0 0.123452 0.662179 0.0969297 0.262912
0 0.929751 0.0627591 0.140499 0.104323
0 0.774268 0.408122 0.300154 0.315727
0 0.548922 0.0688116 0.212966 0.137623
0 0.10494 0.317365 0.136182 0.171102
0 0.275802 0.297803 0.132359 0.215654
0 0.508318 0.226434 0.282914 0.240431
0 0.924017 0.443716 0.132432 0.121176
0 0.808311 0.191397 0.111683 0.0878388
0 0.25029 0.153057 0.129172 0.101796
0 0.799809 0.507222 0.097485 0.163455
0 0.123452 0.662179 0.0969297 0.262912
0 0.781061 0.411324 0.355075 0.327187
0 0.253578 0.148633 0.0985921 0.10085
0 0.573591 0.0494355 0.176904 0.098871
0 0.801843 0.197525 0.129963 0.089661
0 0.168526 0.236877 0.113841 0.105915
0 0.0488588 0.0295837 0.0946179 0.0591674
0 0.0499956 0.040447 0.0999911 0.0808941
0 0.919045 0.0634535 0.152416 0.0930439
0 0.297176 0.206862 0.0841614 0.0777653
