0 0.403851 0.347671 0.238438 0.186789
0 0.6059 0.397464 0.291647 0.362681
0 0.432556 0.913782 0.245425 0.172436
0 0.259485 0.445781 0.219734 0.15688
0 0.635963 0.105852 0.141316 0.109944
0 0.77965 0.154151 0.166763 0.164501
0 0.0979028 0.18274 0.157773 0.122806
0 0.403851 0.347671 0.238438 0.186789
0 0.6059 0.397464 0.291647 0.362681
0 0.432556 0.913782 0.245425 0.172436
0 0.259485 0.445781 0.219734 0.15688
0 0.635963 0.105852 0.141316 0.109944
0 0.77965 0.154151 0.166763 0.164501
0 0.0979028 0.18274 0.157773 0.122806
0 0.621104 0.406513 0.290719 0.372421
0 0.257205 0.448951 0.202688 0.149549
0 0.779423 0.149469 0.154765 0.140959
0 0.630171 0.107019 0.141113 0.108771
0 0.436303 0.911861 0.237781 0.176278
0 0.406076 0.348284 0.236792 0.189801
0 0.95241 0.445996 0.0951805 0.0893112
