0 0.707078 0.449341 0.210402 0.278997
0 0.352114 0.374057 0.331695 0.442014
0 0.367989 0.368111 0.475257 0.461569
0 0.608952 0.376373 0.0995015 0.126431
0 0.932225 0.369574 0.106445 0.107675
0 0.473746 0.327802 0.103575 0.127305
0 0.649127 0.203927 0.118859 0.171742
0 0.707078 0.449341 0.210402 0.278997
0 0.352114 0.374057 0.331695 0.442014
0 0.367989 0.368111 0.475257 0.461569
0 0.608952 0.376373 0.0995015 0.126431
0 0.932225 0.369574 0.106445 0.107675
0 0.473746 0.327802 0.103575 0.127305
0 0.649127 0.203927 0.118859 0.171742
0 0.724019 0.467299 0.167111 0.297039
0 0.499586 0.190104 0.139066 0.180098
0 0.632255 0.187441 0.143311 0.190555
0 0.354615 0.401166 0.357655 0.483283
0 0.472263 0.331516 0.11239 0.152794
0 0.929529 0.366289 0.0861195 0.101862
0 0.606389 0.375136 0.102506 0.128086
