0 0.757318 0.443325 0.111956 0.300514
0 0.690017 0.281511 0.109481 0.103702
0 0.925061 0.408161 0.149878 0.180128
0 0.685254 0.0551989 0.137858 0.110398
0 0.498165 0.458197 0.336232 0.375846
0 0.920863 0.0678803 0.158274 0.135761
0 0.873237 0.203388 0.12435 0.106401
0 0.950017 0.91981 0.0999664 0.160381
0 0.123316 0.404425 0.243161 0.339095
0 0.139253 0.331654 0.254165 0.294946
0 0.497212 0.851607 0.0881569 0.169951
0 0.757318 0.443325 0.111956 0.300514
0 0.690017 0.281511 0.109481 0.103702
0 0.925061 0.408161 0.149878 0.180128
0 0.685254 0.0551989 0.137858 0.110398
0 0.498165 0.458197 0.336232 0.375846
0 0.920863 0.0678803 0.158274 0.135761
0 0.873237 0.203388 0.12435 0.106401
0 0.950017 0.91981 0.0999664 0.160381
0 0.123316 0.404425 0.243161 0.339095
0 0.139253 0.331654 0.254165 0.294946
0 0.497212 0.851607 0.0881569 0.169951
0 0.137186 0.319153 0.243052 0.258361
0 0.687811 0.286879 0.141958 0.106155
0 0.952458 0.919275 0.0917896 0.16145
0 0.753421 0.449096 0.104926 0.301516
0 0.915634 0.0728259 0.168733 0.145652
0 0.519336 0.432295 0.331402 0.410316
0 0.814432 0.245446 0.149694 0.13356
0 0.869794 0.211214 0.153075 0.0978876
0 0.908308 0.393274 0.183385 0.157937
0 0.684616 0.0491886 0.12408 0.0983771
