0 0.621262 0.833697 0.231092 0.332605
0 0.402484 0.23608 0.203009 0.178995
0 0.386934 0.434497 0.101062 0.16077
0 0.242834 0.274352 0.133121 0.120615
0 0.519226 0.390579 0.230806 0.206273
0 0.0970523 0.259809 0.175916 0.127884
0 0.668464 0.201509 0.117989 0.0937462
0 0.439052 0.682822 0.0880941 0.199283
0 0.951433 0.2471 0.0971349 0.116781
0 0.621262 0.833697 0.231092 0.332605
0 0.402484 0.23608 0.203009 0.178995
0 0.386934 0.434497 0.101062 0.16077
0 0.242834 0.274352 0.133121 0.120615
0 0.519226 0.390579 0.230806 0.206273
0 0.0970523 0.259809 0.175916 0.127884
0 0.668464 0.201509 0.117989 0.0937462
0 0.439052 0.682822 0.0880941 0.199283
0 0.951433 0.2471 0.0971349 0.116781
0 0.614204 0.83195 0.250731 0.3361
0 0.664162 0.203449 0.135223 0.10675
0 0.38116 0.435299 0.102122 0.150791
0 0.396169 0.234354 0.199475 0.190351
0 0.239124 0.270846 0.137016 0.149485
0 0.458078 0.687274 0.0768433 0.213163
0 0.520381 0.394466 0.219387 0.223232
0 0.0880669 0.26192 0.154183 0.118084
0 0.951127 0.242829 0.0977467 0.131398
0 0.905816 0.32864 0.109325 0.123699
0 0.800249 0.628013 0.0744995 0.0715549
0 0.244338 0.0581702 0.154274 0.11634
