0 0.586722 0.314811 0.257228 0.29591
0 0.46601 0.16841 0.152777 0.13338
0 0.420823 0.274251 0.127006 0.170885
0 0.850179 0.532896 0.299641 0.346753
0 0.821526 0.55632 0.356948 0.465856
0 0.553279 0.160316 0.0972564 0.0749884
0 0.644153 0.212389 0.0702467 0.0691383
0 0.586722 0.314811 0.257228 0.29591
0 0.46601 0.16841 0.152777 0.13338
0 0.420823 0.274251 0.127006 0.170885
0 0.850179 0.532896 0.299641 0.346753
0 0.821526 0.55632 0.356948 0.465856
0 0.553279 0.160316 0.0972564 0.0749884
0 0.644153 0.212389 0.0702467 0.0691383
0 0.851522 0.546802 0.296956 0.378798
0 0.418887 0.269098 0.134509 0.163032
0 0.919313 0.371567 0.159734 0.142971
0 0.592179 0.316231 0.238426 0.29383
0 0.465251 0.166612 0.133034 0.134207
