0 0.680065 0.648569 0.236326 0.349471
0 0.130029 0.736299 0.242727 0.201958
0 0.659281 0.252726 0.172654 0.11562
0 0.470908 0.361326 0.179712 0.149083
0 0.840144 0.131034 0.115121 0.0859473
0 0.447401 0.729588 0.156144 0.232014
0 0.515442 0.486909 0.117598 0.128585
0 0.0724657 0.0636853 0.104996 0.0859445
0 0.601741 0.392157 0.0990331 0.133597
0 0.668252 0.112798 0.186045 0.185231
0 0.439511 0.712255 0.182029 0.291506
0 0.733886 0.457947 0.0929577 0.102349
0 0.256799 0.499294 0.0937677 0.223371
0 0.523735 0.121568 0.140266 0.117768
0 0.23739 0.101994 0.16061 0.113703
0 0.215506 0.95079 0.15463 0.0984202
0 0.922727 0.404331 0.154546 0.226745
0 0.931613 0.188261 0.110239 0.100502
0 0.680065 0.648569 0.236326 0.349471
0 0.130029 0.736299 0.242727 0.201958
0 0.659281 0.252726 0.172654 0.11562
0 0.470908 0.361326 0.179712 0.149083
0 0.840144 0.131034 0.115121 0.0859473
0 0.447401 0.729588 0.156144 0.232014
0 0.515442 0.486909 0.117598 0.128585
0 0.0724657 0.0636853 0.104996 0.0859445
0 0.601741 0.392157 0.0990331 0.133597
0 0.668252 0.112798 0.186045 0.185231
0 0.439511 0.712255 0.182029 0.291506
0 0.733886 0.457947 0.0929577 0.102349
0 0.256799 0.499294 0.0937677 0.223371
0 0.523735 0.121568 0.140266 0.117768
0 0.23739 0.101994 0.16061 0.113703
0 0.215506 0.95079 0.15463 0.0984202
0 0.922727 0.404331 0.154546 0.226745
0 0.931613 0.188261 0.110239 0.100502
0 0.667442 0.256837 0.151475 0.11681
0 0.685099 0.656691 0.243851 0.341414
0 0.140522 0.73517 0.25746 0.182525
0 0.832431 0.132843 0.129078 0.0804986
0 0.646881 0.0835813 0.152725 0.11841
0 0.472996 0.376021 0.188501 0.177468
0 0.246532 0.11167 0.189901 0.141141
0 0.432356 0.748555 0.149888 0.23687
0 0.528312 0.136936 0.143641 0.133337
0 0.921819 0.399451 0.156362 0.181357
0 0.258961 0.530918 0.114531 0.363368
0 0.50558 0.495436 0.13238 0.176997
0 0.507373 0.47457 0.123837 0.129214
