0 0.223293 0.167779 0.228296 0.263683
0 0.724628 0.592361 0.14426 0.212685
0 0.708059 0.799529 0.154457 0.323628
0 0.950569 0.862152 0.0964174 0.26328
0 0.383639 0.439335 0.0435874 0.145984
0 0.841895 0.411067 0.0886012 0.0911307
0 0.61268 0.352276 0.123454 0.101552
0 0.223293 0.167779 0.228296 0.263683
0 0.724628 0.592361 0.14426 0.212685
0 0.708059 0.799529 0.154457 0.323628
0 0.950569 0.862152 0.0964174 0.26328
0 0.383639 0.439335 0.0435874 0.145984
0 0.841895 0.411067 0.0886012 0.0911307
0 0.61268 0.352276 0.123454 0.101552
0 0.7287 0.593478 0.14802 0.194488
0 0.217725 0.166299 0.231962 0.254977
0 0.710954 0.802666 0.151647 0.308824
0 0.841652 0.414631 0.093531 0.089962
0 0.949178 0.308574 0.0961784 0.106436
0 0.952623 0.859344 0.0862862 0.246091
0 0.38404 0.422 0.051858 0.158985
0 0.393759 0.184894 0.0861363 0.0977897
