0 0.821239 0.29376 0.130178 0.112448
0 0.93473 0.501497 0.130539 0.170628
0 0.734332 0.480908 0.0828349 0.239913
0 0.132801 0.415726 0.234273 0.309549
0 0.819147 0.542395 0.0974068 0.152416
0 0.922487 0.946807 0.155027 0.106385
0 0.865418 0.0992285 0.15059 0.155531
0 0.63709 0.32619 0.121725 0.130599
0 0.0780616 0.149061 0.156123 0.205087
0 0.319706 0.050082 0.0856295 0.0710549
0 0.186442 0.840741 0.0818944 0.178985
0 0.816661 0.404574 0.0984807 0.113417
0 0.821239 0.29376 0.130178 0.112448
0 0.93473 0.501497 0.130539 0.170628
0 0.734332 0.480908 0.0828349 0.239913
0 0.132801 0.415726 0.234273 0.309549
0 0.819147 0.542395 0.0974068 0.152416
0 0.922487 0.946807 0.155027 0.106385
0 0.865418 0.0992285 0.15059 0.155531
0 0.63709 0.32619 0.121725 0.130599
0 0.0780616 0.149061 0.156123 0.205087
0 0.319706 0.050082 0.0856295 0.0710549
0 0.186442 0.840741 0.0818944 0.178985
0 0.816661 0.404574 0.0984807 0.113417
0 0.816467 0.292229 0.121658 0.115151
0 0.137582 0.41338 0.246908 0.321155
0 0.920127 0.947287 0.151794 0.105427
0 0.630249 0.326112 0.11968 0.121345
0 0.863637 0.100306 0.16208 0.154667
0 0.321038 0.0516302 0.0879287 0.0615878
0 0.727163 0.473153 0.0818968 0.248322
0 0.945705 0.609615 0.105259 0.112954
0 0.0800501 0.160981 0.1601 0.206942
0 0.93683 0.485944 0.12634 0.171196
0 0.813854 0.538088 0.0960791 0.141747
0 0.369342 0.281814 0.164948 0.161998
0 0.893218 0.231544 0.085416 0.0572757
0 0.821443 0.399706 0.0926453 0.10869
