0 0.831827 0.269731 0.135289 0.106555
0 0.881113 0.0860336 0.157498 0.150302
0 0.74095 0.473887 0.0952211 0.257974
0 0.83084 0.549197 0.0968751 0.167781
0 0.936056 0.481601 0.127889 0.187929
0 0.658231 0.318125 0.12614 0.128084
0 0.943707 0.577949 0.112237 0.203123
0 0.629853 0.0486165 0.132249 0.097233
0 0.0559361 0.118888 0.107533 0.180814
0 0.136065 0.398448 0.210156 0.28716
0 0.934632 0.940973 0.130735 0.118055
0 0.496374 0.0502004 0.0718939 0.087391
0 0.94645 0.52817 0.104319 0.268686
0 0.405736 0.519037 0.267658 0.265876
0 0.831827 0.269731 0.135289 0.106555
0 0.881113 0.0860336 0.157498 0.150302
0 0.74095 0.473887 0.0952211 0.257974
0 0.83084 0.549197 0.0968751 0.167781
0 0.936056 0.481601 0.127889 0.187929
0 0.658231 0.318125 0.12614 0.128084
0 0.943707 0.577949 0.112237 0.203123
0 0.629853 0.0486165 0.132249 0.097233
0 0.0559361 0.118888 0.107533 0.180814
0 0.136065 0.398448 0.210156 0.28716
0 0.934632 0.940973 0.130735 0.118055
0 0.496374 0.0502004 0.0718939 0.087391
0 0.94645 0.52817 0.104319 0.268686
0 0.405736 0.519037 0.267658 0.265876
0 0.830837 0.274953 0.130995 0.107128
0 0.1401 0.426795 0.225851 0.348848
0 0.932425 0.948411 0.128381 0.103177
0 0.882751 0.0875283 0.174546 0.156119
0 0.932808 0.472676 0.134384 0.16857
0 0.736078 0.459303 0.09632 0.250602
0 0.397881 0.523366 0.239596 0.300744
0 0.653985 0.319964 0.120278 0.118853
0 0.947511 0.583241 0.0993251 0.113102
0 0.834037 0.556268 0.0865891 0.123149
0 0.0498987 0.336813 0.0983664 0.108536
0 0.627 0.0519792 0.12336 0.103958
0 0.315107 0.0376993 0.0935358 0.0617442
0 0.0263382 0.907674 0.0496287 0.117759
0 0.0718229 0.133853 0.143646 0.180835
0 0.614386 0.132223 0.103399 0.166275
0 0.385891 0.267882 0.132169 0.109369
