0 0.675626 0.783908 0.122782 0.202843
0 0.930994 0.700538 0.122742 0.117891
0 0.807257 0.705697 0.122461 0.148143
0 0.743138 0.460229 0.16439 0.133692
0 0.295693 0.65082 0.0556608 0.112627
0 0.447178 0.51795 0.037991 0.1244
0 0.356323 0.621956 0.0584547 0.116673
0 0.126939 0.518336 0.17474 0.122046
0 0.355222 0.196099 0.11775 0.0906665
0 0.904641 0.544902 0.0747799 0.118491
0 0.50039 0.534435 0.037726 0.0821708
0 0.374282 0.627901 0.0796763 0.110657
0 0.938028 0.284935 0.113799 0.0893683
0 0.850919 0.242243 0.127369 0.0908141
0 0.943926 0.936309 0.110146 0.127382
0 0.675626 0.783908 0.122782 0.202843
0 0.930994 0.700538 0.122742 0.117891
0 0.807257 0.705697 0.122461 0.148143
0 0.743138 0.460229 0.16439 0.133692
0 0.295693 0.65082 0.0556608 0.112627
0 0.447178 0.51795 0.037991 0.1244
0 0.356323 0.621956 0.0584547 0.116673
0 0.126939 0.518336 0.17474 0.122046
0 0.355222 0.196099 0.11775 0.0906665
0 0.904641 0.544902 0.0747799 0.118491
0 0.50039 0.534435 0.037726 0.0821708
0 0.374282 0.627901 0.0796763 0.110657
0 0.938028 0.284935 0.113799 0.0893683
0 0.850919 0.242243 0.127369 0.0908141
0 0.943926 0.936309 0.110146 0.127382
0 0.67552 0.77717 0.120337 0.187545
0 0.807526 0.705676 0.141315 0.157313
0 0.745327 0.47301 0.188264 0.152136
0 0.934613 0.699723 0.112592 0.112683
0 0.129647 0.527476 0.176627 0.12489
0 0.358384 0.46415 0.071373 0.0723092
0 0.362847 0.195775 0.0920547 0.0738847
0 0.0814649 0.42327 0.0815052 0.0514481
0 0.903331 0.551995 0.0823231 0.0941779
0 0.944911 0.939341 0.100493 0.121319
0 0.738961 0.567369 0.171536 0.0936732
0 0.111536 0.320902 0.0917379 0.108424
0 0.511199 0.397954 0.0791758 0.0511998
0 0.36061 0.628334 0.0501074 0.105716
