0 0.618523 0.398782 0.226989 0.162221
0 0.277307 0.269239 0.0736752 0.190801
0 0.515134 0.0860393 0.109461 0.115916
0 0.0205345 0.284758 0.0381506 0.093801
0 0.618523 0.398782 0.226989 0.162221
0 0.277307 0.269239 0.0736752 0.190801
0 0.515134 0.0860393 0.109461 0.115916
0 0.0205345 0.284758 0.0381506 0.093801
0 0.628665 0.41144 0.227002 0.173107
0 0.617121 0.313183 0.156787 0.130424
0 0.902895 0.190244 0.0900524 0.0653244
0 0.803577 0.606297 0.118161 0.124253
0 0.276277 0.272818 0.0668694 0.21056
0 0.838159 0.223704 0.0832354 0.0949052
0 0.902226 0.74006 0.194872 0.392988
