0 0.903728 0.501864 0.186465 0.254234
0 0.510994 0.787251 0.128976 0.174623
0 0.811914 0.600145 0.159416 0.301759
0 0.323083 0.470057 0.200817 0.212267
0 0.201109 0.305575 0.284106 0.257202
0 0.458149 0.330979 0.0672737 0.120991
0 0.846522 0.567465 0.242348 0.393989
0 0.625037 0.48323 0.0984955 0.21966
0 0.318624 0.632437 0.0979352 0.222978
0 0.224421 0.712738 0.127744 0.112234
0 0.692138 0.783735 0.166821 0.201903
0 0.201065 0.332727 0.339048 0.327601
0 0.903728 0.501864 0.186465 0.254234
0 0.510994 0.787251 0.128976 0.174623
0 0.811914 0.600145 0.159416 0.301759
0 0.323083 0.470057 0.200817 0.212267
0 0.201109 0.305575 0.284106 0.257202
0 0.458149 0.330979 0.0672737 0.120991
0 0.846522 0.567465 0.242348 0.393989
0 0.625037 0.48323 0.0984955 0.21966
0 0.318624 0.632437 0.0979352 0.222978
0 0.224421 0.712738 0.127744 0.112234
0 0.692138 0.783735 0.166821 0.201903
0 0.201065 0.332727 0.339048 0.327601
0 0.90636 0.510769 0.18728 0.239499
0 0.330858 0.476326 0.222995 0.203144
0 0.509134 0.791109 0.137225 0.210178
0 0.169898 0.340896 0.339796 0.32426
0 0.611037 0.49008 0.127675 0.303632
0 0.24062 0.146289 0.138912 0.123861
0 0.712007 0.799628 0.162092 0.190121
0 0.455686 0.329336 0.061821 0.110755
0 0.688661 0.274909 0.096574 0.108041
0 0.76046 0.438426 0.123855 0.174118
0 0.811255 0.603201 0.178007 0.318983
0 0.315273 0.645091 0.145556 0.264844
0 0.0546799 0.609875 0.10936 0.29252
0 0.207408 0.801144 0.0620092 0.0659814
0 0.551556 0.164897 0.159353 0.149507
0 0.149891 0.150432 0.0685663 0.0483258
