0 0.367537 0.854007 0.111131 0.291985
0 0.937946 0.626673 0.11836 0.279688
0 0.724666 0.777441 0.149504 0.22361
0 0.0543721 0.524262 0.108744 0.180411
0 0.479773 0.604104 0.0770679 0.182807
0 0.208032 0.256981 0.10169 0.0887875
0 0.090617 0.394965 0.120941 0.105222
0 0.117403 0.0531572 0.0993149 0.072451
0 0.371119 0.438172 0.13807 0.167703
0 0.367537 0.854007 0.111131 0.291985
0 0.937946 0.626673 0.11836 0.279688
0 0.724666 0.777441 0.149504 0.22361
0 0.0543721 0.524262 0.108744 0.180411
0 0.479773 0.604104 0.0770679 0.182807
0 0.208032 0.256981 0.10169 0.0887875
0 0.090617 0.394965 0.120941 0.105222
0 0.117403 0.0531572 0.0993149 0.072451
0 0.371119 0.438172 0.13807 0.167703
0 0.727001 0.770393 0.16335 0.248405
0 0.929089 0.616341 0.141823 0.256344
0 0.0876392 0.38992 0.115909 0.117748
0 0.21446 0.254368 0.101587 0.103294
0 0.365646 0.847003 0.116596 0.305995
0 0.117694 0.0532814 0.103359 0.0749238
0 0.0541521 0.506313 0.108304 0.217101
0 0.476594 0.597491 0.0722231 0.185049
0 0.333057 0.474786 0.0539537 0.206207
0 0.210164 0.162051 0.0993234 0.065814
0 0.245129 0.487854 0.0491058 0.0457879
0 0.612269 0.964319 0.12437 0.0713614
