0 0.952916 0.84053 0.0913679 0.215086
0 0.282191 0.333389 0.159936 0.12719
0 0.649486 0.736701 0.170937 0.300126
0 0.508029 0.0575354 0.116267 0.0859593
0 0.840127 0.524511 0.166733 0.128115
0 0.280243 0.196656 0.171802 0.164206
0 0.34018 0.727181 0.333755 0.278684
0 0.873507 0.844146 0.117249 0.213255
0 0.546735 0.412138 0.239881 0.176904
0 0.881125 0.622837 0.053933 0.13904
0 0.743359 0.912769 0.118773 0.174462
0 0.958901 0.628228 0.0593411 0.110506
0 0.798651 0.676837 0.0660913 0.131957
0 0.84162 0.544779 0.184276 0.161276
0 0.232283 0.973606 0.181043 0.0527874
0 0.944887 0.540112 0.077647 0.112861
0 0.654403 0.709175 0.159633 0.223423
0 0.952916 0.84053 0.0913679 0.215086
0 0.282191 0.333389 0.159936 0.12719
0 0.649486 0.736701 0.170937 0.300126
0 0.508029 0.0575354 0.116267 0.0859593
0 0.840127 0.524511 0.166733 0.128115
0 0.280243 0.196656 0.171802 0.164206
0 0.34018 0.727181 0.333755 0.278684
0 0.873507 0.844146 0.117249 0.213255
0 0.546735 0.412138 0.239881 0.176904
0 0.881125 0.622837 0.053933 0.13904
0 0.743359 0.912769 0.118773 0.174462
0 0.958901 0.628228 0.0593411 0.110506
0 0.798651 0.676837 0.0660913 0.131957
0 0.84162 0.544779 0.184276 0.161276
0 0.232283 0.973606 0.181043 0.0527874
0 0.944887 0.540112 0.077647 0.112861
0 0.654403 0.709175 0.159633 0.223423
0 0.955275 0.836611 0.0781956 0.172785
0 0.635077 0.745637 0.195545 0.248256
0 0.287478 0.192132 0.14653 0.155343
0 0.281818 0.34397 0.178626 0.149434
0 0.876204 0.841213 0.126662 0.199382
0 0.759361 0.763853 0.142385 0.353009
0 0.839774 0.526495 0.15682 0.133728
0 0.34813 0.68444 0.388458 0.372035
0 0.184157 0.0539357 0.121986 0.103766
0 0.537706 0.401684 0.176157 0.169109
0 0.222449 0.123309 0.113916 0.057211
