0 0.183631 0.308399 0.126514 0.130463
0 0.4328 0.089478 0.142252 0.113906
0 0.105558 0.0727115 0.17808 0.124484
0 0.455511 0.60003 0.250719 0.296866
0 0.532847 0.491072 0.118761 0.239919
0 0.239961 0.107323 0.120388 0.0800704
0 0.954033 0.511211 0.0919344 0.110575
0 0.309329 0.273024 0.0390884 0.106853
0 0.183631 0.308399 0.126514 0.130463
0 0.4328 0.089478 0.142252 0.113906
0 0.105558 0.0727115 0.17808 0.124484
0 0.455511 0.60003 0.250719 0.296866
0 0.532847 0.491072 0.118761 0.239919
0 0.239961 0.107323 0.120388 0.0800704
0 0.954033 0.511211 0.0919344 0.110575
0 0.309329 0.273024 0.0390884 0.106853
0 0.186768 0.302801 0.131648 0.141008
0 0.434418 0.0870416 0.145261 0.112381
0 0.106812 0.0725182 0.176996 0.11803
0 0.626549 0.582496 0.101407 0.254966
0 0.278796 0.131124 0.227383 0.155196
0 0.205596 0.199741 0.0744101 0.0865014
0 0.427195 0.609611 0.339581 0.299825
