0 0.713879 0.573095 0.205675 0.274305
0 0.558086 0.429893 0.180917 0.233371
0 0.912362 0.483822 0.175275 0.218709
0 0.20497 0.410459 0.190652 0.229077
0 0.0644574 0.353692 0.128915 0.17826
0 0.145068 0.356352 0.0907275 0.181875
0 0.225021 0.709575 0.272011 0.37123
0 0.945368 0.763793 0.108272 0.163181
0 0.673214 0.76534 0.0879134 0.187677
0 0.818706 0.540983 0.114213 0.141358
0 0.889496 0.39448 0.113479 0.081436
0 0.051824 0.668356 0.103648 0.216929
0 0.213482 0.394936 0.154205 0.178891
0 0.713879 0.573095 0.205675 0.274305
0 0.558086 0.429893 0.180917 0.233371
0 0.912362 0.483822 0.175275 0.218709
0 0.20497 0.410459 0.190652 0.229077
0 0.0644574 0.353692 0.128915 0.17826
0 0.145068 0.356352 0.0907275 0.181875
0 0.225021 0.709575 0.272011 0.37123
0 0.945368 0.763793 0.108272 0.163181
0 0.673214 0.76534 0.0879134 0.187677
0 0.818706 0.540983 0.114213 0.141358
0 0.889496 0.39448 0.113479 0.081436
0 0.051824 0.668356 0.103648 0.216929
0 0.213482 0.394936 0.154205 0.178891
0 0.200668 0.413325 0.20384 0.228439
0 0.717125 0.579233 0.221072 0.281457
0 0.141924 0.359905 0.0940004 0.177437
0 0.676953 0.75836 0.0855912 0.178801
0 0.946639 0.76032 0.102814 0.153703
0 0.0648462 0.356518 0.129692 0.178204
0 0.532629 0.440601 0.186806 0.25964
0 0.249052 0.739933 0.336512 0.437784
0 0.885518 0.395623 0.10467 0.0749208
0 0.271285 0.78304 0.410424 0.425489
0 0.177529 0.150192 0.0731367 0.0537082
0 0.77569 0.382369 0.102401 0.0709754
