0 0.624438 0.677907 0.25228 0.226844
0 0.480129 0.375637 0.143236 0.127826
0 0.818226 0.603377 0.106042 0.138109
0 0.301089 0.585094 0.277133 0.199553
0 0.365476 0.844406 0.127153 0.234384
0 0.869946 0.843998 0.0725529 0.137781
0 0.812676 0.719255 0.0527687 0.116563
0 0.640674 0.913881 0.0840085 0.172238
0 0.892801 0.706209 0.0637936 0.0889703
0 0.60363 0.352566 0.122304 0.123805
0 0.0561808 0.323961 0.104882 0.144721
0 0.150822 0.297148 0.0944773 0.0740434
0 0.948207 0.383114 0.097271 0.104969
0 0.967715 0.657464 0.0511951 0.180281
0 0.171572 0.883377 0.0980393 0.0910373
0 0.624438 0.677907 0.25228 0.226844
0 0.480129 0.375637 0.143236 0.127826
0 0.818226 0.603377 0.106042 0.138109
0 0.301089 0.585094 0.277133 0.199553
0 0.365476 0.844406 0.127153 0.234384
0 0.869946 0.843998 0.0725529 0.137781
0 0.812676 0.719255 0.0527687 0.116563
0 0.640674 0.913881 0.0840085 0.172238
0 0.892801 0.706209 0.0637936 0.0889703
0 0.60363 0.352566 0.122304 0.123805
0 0.0561808 0.323961 0.104882 0.144721
0 0.150822 0.297148 0.0944773 0.0740434
0 0.948207 0.383114 0.097271 0.104969
0 0.967715 0.657464 0.0511951 0.180281
0 0.171572 0.883377 0.0980393 0.0910373
0 0.621687 0.671356 0.262824 0.326716
0 0.871845 0.843334 0.0678921 0.145792
0 0.895114 0.707573 0.0639067 0.0740876
0 0.484463 0.389572 0.156177 0.15239
0 0.616858 0.371779 0.11544 0.151107
0 0.170999 0.129132 0.0748374 0.0977864
0 0.815371 0.602387 0.111041 0.120421
0 0.6403 0.911427 0.0752037 0.174212
0 0.312787 0.57685 0.261681 0.202322
0 0.149554 0.294149 0.0916589 0.0725702
0 0.81502 0.718175 0.0496349 0.112208
0 0.974159 0.715612 0.0516813 0.269596
