0 0.210636 0.252371 0.253341 0.206955
0 0.54207 0.443374 0.211561 0.312783
0 0.286974 0.800831 0.194196 0.208646
0 0.194469 0.898681 0.311216 0.202638
0 0.182694 0.422918 0.1767 0.132733
0 0.761535 0.0995017 0.125197 0.127568
0 0.196088 0.430548 0.20738 0.167093
0 0.210636 0.252371 0.253341 0.206955
0 0.54207 0.443374 0.211561 0.312783
0 0.286974 0.800831 0.194196 0.208646
0 0.194469 0.898681 0.311216 0.202638
0 0.182694 0.422918 0.1767 0.132733
0 0.761535 0.0995017 0.125197 0.127568
0 0.196088 0.430548 0.20738 0.167093
0 0.186884 0.41976 0.186756 0.133042
0 0.286704 0.810251 0.174392 0.200628
0 0.216267 0.257896 0.249925 0.213504
0 0.190343 0.897106 0.306321 0.205789
0 0.552977 0.456325 0.218194 0.345389
0 0.94919 0.44481 0.101061 0.0843294
0 0.0371073 0.896461 0.071712 0.172563
