0 0.595603 0.577422 0.130709 0.109834
0 0.80658 0.63684 0.127546 0.134524
0 0.899616 0.64644 0.127265 0.158341
0 0.743617 0.540371 0.0532056 0.151589
0 0.656724 0.445739 0.0387947 0.096244
0 0.975667 0.543442 0.048667 0.111233
0 0.979213 0.851176 0.0410605 0.115309
0 0.595603 0.577422 0.130709 0.109834
0 0.80658 0.63684 0.127546 0.134524
0 0.899616 0.64644 0.127265 0.158341
0 0.743617 0.540371 0.0532056 0.151589
0 0.656724 0.445739 0.0387947 0.096244
0 0.975667 0.543442 0.048667 0.111233
0 0.979213 0.851176 0.0410605 0.115309
0 0.59474 0.577409 0.120385 0.0975032
0 0.270959 0.289003 0.113248 0.0946855
0 0.904675 0.648972 0.117175 0.132288
0 0.807405 0.638704 0.128852 0.124326
0 0.0712177 0.206569 0.0855872 0.0603994
