0 0.839761 0.905298 0.203325 0.189404
0 0.926083 0.65111 0.147834 0.15008
0 0.140186 0.442723 0.257931 0.280611
0 0.498543 0.159781 0.202778 0.226272
0 0.0606471 0.105911 0.119626 0.202243
0 0.943403 0.899069 0.108273 0.201862
0 0.868538 0.462148 0.127049 0.176587
0 0.449163 0.0502329 0.13263 0.0964695
0 0.652134 0.44384 0.0622526 0.189516
0 0.364808 0.251354 0.0798497 0.0668732
0 0.134568 0.421108 0.269136 0.39672
0 0.961228 0.921096 0.077544 0.157807
0 0.717019 0.407989 0.0787081 0.112944
0 0.839761 0.905298 0.203325 0.189404
0 0.926083 0.65111 0.147834 0.15008
0 0.140186 0.442723 0.257931 0.280611
0 0.498543 0.159781 0.202778 0.226272
0 0.0606471 0.105911 0.119626 0.202243
0 0.943403 0.899069 0.108273 0.201862
0 0.868538 0.462148 0.127049 0.176587
0 0.449163 0.0502329 0.13263 0.0964695
0 0.652134 0.44384 0.0622526 0.189516
0 0.364808 0.251354 0.0798497 0.0668732
0 0.134568 0.421108 0.269136 0.39672
0 0.961228 0.921096 0.077544 0.157807
0 0.717019 0.407989 0.0787081 0.112944
0 0.844546 0.904974 0.198187 0.190053
0 0.265288 0.259851 0.143189 0.144689
0 0.31053 0.155801 0.155121 0.165683
0 0.153687 0.483416 0.233751 0.375904
0 0.92087 0.658879 0.153546 0.142072
0 0.0586323 0.116715 0.11642 0.174763
0 0.717157 0.405624 0.0787978 0.108401
0 0.647997 0.429016 0.0679491 0.185693
0 0.94378 0.897643 0.109297 0.204714
0 0.0915426 0.351588 0.183085 0.21589
0 0.36549 0.253819 0.0915587 0.0620681
0 0.274205 0.050805 0.0887213 0.055732
0 0.376689 0.822882 0.0598659 0.0877645
0 0.493859 0.166275 0.172129 0.204455
0 0.52445 0.293732 0.0887861 0.0964912
0 0.0508311 0.852178 0.0987826 0.281548
