0 0.900589 0.507848 0.198823 0.225674
0 0.309371 0.463547 0.11374 0.145724
0 0.671301 0.756395 0.138967 0.198198
0 0.802764 0.551585 0.179557 0.265391
0 0.628822 0.503877 0.158512 0.27719
0 0.564979 0.411127 0.0839226 0.154482
0 0.208013 0.336938 0.288806 0.282826
0 0.349814 0.619259 0.124214 0.275873
0 0.649215 0.7659 0.0953022 0.176411
0 0.495345 0.735622 0.111842 0.174711
0 0.943085 0.90085 0.108633 0.1983
0 0.307374 0.943152 0.132082 0.10432
0 0.228169 0.686083 0.115134 0.113798
0 0.235579 0.0611914 0.131269 0.114279
0 0.272855 0.22665 0.105324 0.0814032
0 0.69285 0.739931 0.124661 0.166647
0 0.46027 0.334172 0.0731974 0.130014
0 0.325471 0.322289 0.0904348 0.109928
0 0.234196 0.0852514 0.17465 0.170503
0 0.637483 0.530033 0.123679 0.276677
0 0.900589 0.507848 0.198823 0.225674
0 0.309371 0.463547 0.11374 0.145724
0 0.671301 0.756395 0.138967 0.198198
0 0.802764 0.551585 0.179557 0.265391
0 0.628822 0.503877 0.158512 0.27719
0 0.564979 0.411127 0.0839226 0.154482
0 0.208013 0.336938 0.288806 0.282826
0 0.349814 0.619259 0.124214 0.275873
0 0.649215 0.7659 0.0953022 0.176411
0 0.495345 0.735622 0.111842 0.174711
0 0.943085 0.90085 0.108633 0.1983
0 0.307374 0.943152 0.132082 0.10432
0 0.228169 0.686083 0.115134 0.113798
0 0.235579 0.0611914 0.131269 0.114279
0 0.272855 0.22665 0.105324 0.0814032
0 0.69285 0.739931 0.124661 0.166647
0 0.46027 0.334172 0.0731974 0.130014
0 0.325471 0.322289 0.0904348 0.109928
0 0.234196 0.0852514 0.17465 0.170503
0 0.637483 0.530033 0.123679 0.276677
0 0.89895 0.516483 0.202101 0.223991
0 0.209997 0.320413 0.244328 0.278638
0 0.502878 0.736111 0.0940464 0.153722
0 0.460715 0.337064 0.0793629 0.129221
0 0.636171 0.51479 0.147605 0.255044
0 0.901226 0.614381 0.050662 0.124777
0 0.228269 0.0870582 0.200799 0.174116
0 0.562451 0.414934 0.0778728 0.145467
0 0.311653 0.485626 0.132567 0.201947
0 0.814873 0.563861 0.166505 0.232081
0 0.353572 0.631456 0.12512 0.257509
0 0.220063 0.755095 0.0546378 0.0586626
0 0.404579 0.213103 0.0941458 0.06479
