0 0.829873 0.847388 0.20222 0.305224
0 0.292888 0.157663 0.226905 0.25109
0 0.788455 0.601817 0.138301 0.206925
0 0.492871 0.259184 0.0965422 0.0937122
0 0.427399 0.419912 0.0499409 0.115327
0 0.829873 0.847388 0.20222 0.305224
0 0.292888 0.157663 0.226905 0.25109
0 0.788455 0.601817 0.138301 0.206925
0 0.492871 0.259184 0.0965422 0.0937122
0 0.427399 0.419912 0.0499409 0.115327
0 0.792547 0.603842 0.13995 0.183615
0 0.891226 0.396869 0.0935196 0.0852517
0 0.828236 0.850771 0.190999 0.282432
0 0.292525 0.169635 0.220338 0.238272
0 0.0351106 0.595562 0.0702212 0.251115
0 0.428209 0.425285 0.0444057 0.144964
0 0.164965 0.355064 0.0537188 0.0463398
0 0.647323 0.355243 0.134711 0.114838
0 0.305226 0.913022 0.0372876 0.0549801
