0 0.498994 0.570804 0.241122 0.206787
0 0.116168 0.553582 0.099654 0.186792
0 0.320428 0.65931 0.0958589 0.222128
0 0.903064 0.734979 0.172564 0.175237
0 0.167124 0.387056 0.0649995 0.141084
0 0.302317 0.492475 0.0584645 0.157846
0 0.0314868 0.679675 0.0595105 0.207598
0 0.1034 0.859103 0.100526 0.281794
0 0.117559 0.878026 0.0817228 0.243949
0 0.294348 0.503223 0.0770998 0.133112
0 0.320776 0.315202 0.0818858 0.0928226
0 0.101631 0.303932 0.0903451 0.127807
0 0.18662 0.469855 0.0739991 0.105288
0 0.0988045 0.322139 0.0763258 0.145313
0 0.251948 0.222287 0.0619561 0.147028
0 0.0184171 0.801893 0.0356644 0.0809774
0 0.0217976 0.48817 0.0411245 0.101566
0 0.0877802 0.324293 0.0488224 0.13455
0 0.0923153 0.84398 0.0940206 0.239987
0 0.312749 0.256133 0.0757772 0.0704189
0 0.498994 0.570804 0.241122 0.206787
0 0.116168 0.553582 0.099654 0.186792
0 0.320428 0.65931 0.0958589 0.222128
0 0.903064 0.734979 0.172564 0.175237
0 0.167124 0.387056 0.0649995 0.141084
0 0.302317 0.492475 0.0584645 0.157846
0 0.0314868 0.679675 0.0595105 0.207598
0 0.1034 0.859103 0.100526 0.281794
0 0.117559 0.878026 0.0817228 0.243949
0 0.294348 0.503223 0.0770998 0.133112
0 0.320776 0.315202 0.0818858 0.0928226
0 0.101631 0.303932 0.0903451 0.127807
0 0.18662 0.469855 0.0739991 0.105288
0 0.0988045 0.322139 0.0763258 0.145313
0 0.251948 0.222287 0.0619561 0.147028
0 0.0184171 0.801893 0.0356644 0.0809774
0 0.0217976 0.48817 0.0411245 0.101566
0 0.0877802 0.324293 0.0488224 0.13455
0 0.0923153 0.84398 0.0940206 0.239987
0 0.312749 0.256133 0.0757772 0.0704189
0 0.90194 0.741158 0.196121 0.194941
0 0.118814 0.54834 0.0906903 0.203394
0 0.320681 0.649129 0.0950205 0.234779
0 0.0860061 0.85365 0.135407 0.251153
0 0.121266 0.294644 0.0949862 0.121457
0 0.468563 0.54969 0.196743 0.144917
0 0.0308724 0.680484 0.0617448 0.274337
0 0.485949 0.624749 0.260826 0.312354
0 0.965763 0.654332 0.0682638 0.111393
0 0.167279 0.392051 0.0756626 0.111492
0 0.729957 0.527339 0.0421654 0.232767
