0 0.228355 0.526321 0.206307 0.166127
0 0.36065 0.249558 0.151709 0.14059
0 0.61859 0.771614 0.107487 0.167036
0 0.434107 0.165971 0.13113 0.147304
0 0.633223 0.210619 0.134777 0.112948
0 0.78314 0.898182 0.0777357 0.203636
0 0.300545 0.166678 0.102682 0.110421
0 0.933624 0.642644 0.12939 0.131051
0 0.232997 0.918062 0.105722 0.163876
0 0.861926 0.337215 0.15873 0.155078
0 0.845004 0.334857 0.207696 0.170462
0 0.69666 0.397211 0.11269 0.224417
0 0.164986 0.0431996 0.143817 0.0863991
0 0.0440382 0.17163 0.0863243 0.154648
0 0.738315 0.281827 0.0979446 0.154236
0 0.839044 0.459295 0.119252 0.10039
0 0.425366 0.156466 0.117186 0.117287
0 0.594073 0.131542 0.110342 0.0911207
0 0.949087 0.512535 0.0872007 0.202287
0 0.228355 0.526321 0.206307 0.166127
0 0.36065 0.249558 0.151709 0.14059
0 0.61859 0.771614 0.107487 0.167036
0 0.434107 0.165971 0.13113 0.147304
0 0.633223 0.210619 0.134777 0.112948
0 0.78314 0.898182 0.0777357 0.203636
0 0.300545 0.166678 0.102682 0.110421
0 0.933624 0.642644 0.12939 0.131051
0 0.232997 0.918062 0.105722 0.163876
0 0.861926 0.337215 0.15873 0.155078
0 0.845004 0.334857 0.207696 0.170462
0 0.69666 0.397211 0.11269 0.224417
0 0.164986 0.0431996 0.143817 0.0863991
0 0.0440382 0.17163 0.0863243 0.154648
0 0.738315 0.281827 0.0979446 0.154236
0 0.839044 0.459295 0.119252 0.10039
0 0.425366 0.156466 0.117186 0.117287
0 0.594073 0.131542 0.110342 0.0911207
0 0.949087 0.512535 0.0872007 0.202287
0 0.228388 0.520075 0.188017 0.163814
0 0.350898 0.262128 0.173399 0.151348
0 0.936235 0.650939 0.123764 0.136935
0 0.236964 0.927697 0.127393 0.144606
0 0.855367 0.340647 0.136853 0.157451
0 0.591854 0.128646 0.106004 0.0860918
0 0.052763 0.166921 0.105526 0.163944
0 0.43431 0.170352 0.126985 0.157186
0 0.309925 0.0302784 0.0968507 0.0605567
0 0.689634 0.405128 0.105862 0.194814
0 0.779661 0.890458 0.0782713 0.219084
0 0.154421 0.0456483 0.177901 0.0912965
0 0.302825 0.173991 0.138567 0.132184
0 0.618133 0.779423 0.105183 0.177119
