0 0.883325 0.697792 0.23335 0.194651
0 0.340052 0.823225 0.189165 0.353549
0 0.305106 0.160626 0.143885 0.117711
0 0.920762 0.255301 0.154057 0.11246
0 0.567177 0.232284 0.219575 0.187912
0 0.243545 0.381211 0.182737 0.29644
0 0.813462 0.280236 0.146825 0.140704
0 0.883325 0.697792 0.23335 0.194651
0 0.340052 0.823225 0.189165 0.353549
0 0.305106 0.160626 0.143885 0.117711
0 0.920762 0.255301 0.154057 0.11246
0 0.567177 0.232284 0.219575 0.187912
0 0.243545 0.381211 0.182737 0.29644
0 0.813462 0.280236 0.146825 0.140704
0 0.883572 0.718529 0.232857 0.230808
0 0.807607 0.283523 0.131996 0.146435
0 0.303242 0.158761 0.139555 0.105509
0 0.419599 0.697716 0.13392 0.145284
0 0.338543 0.833009 0.185756 0.332039
0 0.304255 0.458694 0.0881061 0.237533
0 0.507857 0.0830744 0.117644 0.0765521
0 0.709974 0.495053 0.0627525 0.117613
0 0.357797 0.213231 0.0985476 0.074838
0 0.662653 0.311012 0.0761151 0.0703858
0 0.0857448 0.312086 0.17149 0.101379
0 0.564916 0.18455 0.139101 0.120252
0 0.265634 0.330967 0.125555 0.175422
