0 0.149082 0.691527 0.245171 0.172191
0 0.183223 0.915537 0.117146 0.168925
0 0.212191 0.516365 0.184545 0.207171
0 0.945778 0.915352 0.108445 0.120862
0 0.0525455 0.174555 0.105091 0.10158
0 0.39358 0.724889 0.0759335 0.148643
0 0.359055 0.509704 0.101049 0.156536
0 0.563061 0.526156 0.0860663 0.158391
0 0.672858 0.409894 0.0859819 0.12458
0 0.128941 0.686177 0.200193 0.145599
0 0.670372 0.252779 0.103108 0.106115
0 0.489338 0.685761 0.110429 0.0835896
0 0.0590904 0.475815 0.0889536 0.158993
0 0.149082 0.691527 0.245171 0.172191
0 0.183223 0.915537 0.117146 0.168925
0 0.212191 0.516365 0.184545 0.207171
0 0.945778 0.915352 0.108445 0.120862
0 0.0525455 0.174555 0.105091 0.10158
0 0.39358 0.724889 0.0759335 0.148643
0 0.359055 0.509704 0.101049 0.156536
0 0.563061 0.526156 0.0860663 0.158391
0 0.672858 0.409894 0.0859819 0.12458
0 0.128941 0.686177 0.200193 0.145599
0 0.670372 0.252779 0.103108 0.106115
0 0.489338 0.685761 0.110429 0.0835896
0 0.0590904 0.475815 0.0889536 0.158993
0 0.20817 0.525406 0.158579 0.149437
0 0.9439 0.910806 0.1122 0.125098
0 0.365057 0.504604 0.0902709 0.130236
0 0.39156 0.725739 0.0876848 0.168742
0 0.145301 0.704483 0.24132 0.196023
0 0.672488 0.393283 0.0888058 0.107757
0 0.489631 0.684141 0.0986687 0.0670139
0 0.826417 0.218081 0.0779004 0.0829643
0 0.562387 0.532336 0.0783405 0.116717
0 0.0483897 0.492442 0.080315 0.209527
