0 0.821996 0.290041 0.126026 0.113433
0 0.642029 0.328176 0.122622 0.130166
0 0.922689 0.947078 0.154623 0.105845
0 0.819268 0.543079 0.0941795 0.150011
0 0.935779 0.501677 0.128443 0.179588
0 0.13268 0.434749 0.236079 0.345638
0 0.874323 0.0988983 0.155063 0.158382
0 0.734542 0.480811 0.0869663 0.26609
0 0.496885 0.0597011 0.0856983 0.0924367
0 0.320861 0.0484094 0.0945135 0.0664203
0 0.0743882 0.149839 0.148776 0.19346
0 0.816288 0.404754 0.104808 0.12016
0 0.608769 0.0512819 0.125418 0.102564
0 0.596165 0.131769 0.105407 0.153811
0 0.405593 0.641261 0.0982978 0.078175
0 0.383602 0.287006 0.13974 0.133097
0 0.821996 0.290041 0.126026 0.113433
0 0.642029 0.328176 0.122622 0.130166
0 0.922689 0.947078 0.154623 0.105845
0 0.819268 0.543079 0.0941795 0.150011
0 0.935779 0.501677 0.128443 0.179588
0 0.13268 0.434749 0.236079 0.345638
0 0.874323 0.0988983 0.155063 0.158382
0 0.734542 0.480811 0.0869663 0.26609
0 0.496885 0.0597011 0.0856983 0.0924367
0 0.320861 0.0484094 0.0945135 0.0664203
0 0.0743882 0.149839 0.148776 0.19346
0 0.816288 0.404754 0.104808 0.12016
0 0.608769 0.0512819 0.125418 0.102564
0 0.596165 0.131769 0.105407 0.153811
0 0.405593 0.641261 0.0982978 0.078175
0 0.383602 0.287006 0.13974 0.133097
0 0.82147 0.291968 0.118198 0.115656
0 0.140448 0.417727 0.235896 0.318248
0 0.633054 0.32568 0.122735 0.12064
0 0.729237 0.475908 0.0897458 0.250306
0 0.923717 0.950616 0.145958 0.0987689
0 0.867507 0.0995166 0.167508 0.157645
0 0.936055 0.485291 0.12789 0.162284
0 0.0727187 0.157244 0.145437 0.195195
0 0.947932 0.604558 0.104135 0.102947
0 0.321246 0.0494562 0.0944361 0.0592137
0 0.601794 0.0476545 0.123221 0.095309
0 0.894363 0.232315 0.0849234 0.0578195
0 0.817761 0.546325 0.0991131 0.150553
0 0.406427 0.636338 0.0744596 0.0425008
