0 0.238996 0.766297 0.193812 0.30488
0 0.784901 0.810346 0.165574 0.1663
0 0.15085 0.328891 0.147644 0.162055
0 0.638776 0.642681 0.131043 0.188574
0 0.541698 0.638972 0.129029 0.243625
0 0.482109 0.73897 0.126348 0.271975
0 0.703294 0.892022 0.121312 0.196814
0 0.0850044 0.211986 0.139402 0.148979
0 0.530844 0.343738 0.0524693 0.141768
0 0.302106 0.483 0.101408 0.130791
0 0.389099 0.531474 0.0625541 0.13367
0 0.845033 0.484652 0.134384 0.172196
0 0.736337 0.528068 0.0533995 0.132288
0 0.27504 0.234118 0.104475 0.132269
0 0.485782 0.755687 0.145376 0.365342
0 0.471018 0.382121 0.0802576 0.110938
0 0.9404 0.782215 0.110219 0.262326
0 0.655587 0.45607 0.0452361 0.120689
0 0.187294 0.599898 0.120569 0.120563
0 0.927702 0.582072 0.0698582 0.0999587
0 0.49935 0.821276 0.106532 0.290016
0 0.238996 0.766297 0.193812 0.30488
0 0.784901 0.810346 0.165574 0.1663
0 0.15085 0.328891 0.147644 0.162055
0 0.638776 0.642681 0.131043 0.188574
0 0.541698 0.638972 0.129029 0.243625
0 0.482109 0.73897 0.126348 0.271975
0 0.703294 0.892022 0.121312 0.196814
0 0.0850044 0.211986 0.139402 0.148979
0 0.530844 0.343738 0.0524693 0.141768
0 0.302106 0.483 0.101408 0.130791
0 0.389099 0.531474 0.0625541 0.13367
0 0.845033 0.484652 0.134384 0.172196
0 0.736337 0.528068 0.0533995 0.132288
0 0.27504 0.234118 0.104475 0.132269
0 0.485782 0.755687 0.145376 0.365342
0 0.471018 0.382121 0.0802576 0.110938
0 0.9404 0.782215 0.110219 0.262326
0 0.655587 0.45607 0.0452361 0.120689
0 0.187294 0.599898 0.120569 0.120563
0 0.927702 0.582072 0.0698582 0.0999587
0 0.49935 0.821276 0.106532 0.290016
0 0.141265 0.331282 0.149079 0.144222
0 0.634768 0.63799 0.128388 0.181959
0 0.783576 0.809813 0.157536 0.155982
0 0.275779 0.243145 0.0959652 0.127353
0 0.301226 0.484532 0.0945675 0.115205
0 0.543385 0.636419 0.129256 0.257569
0 0.478386 0.764259 0.142302 0.303382
0 0.849092 0.484244 0.12152 0.136213
0 0.0881219 0.212953 0.138888 0.127948
0 0.713304 0.887842 0.124478 0.201264
0 0.391059 0.527367 0.0574187 0.12212
0 0.479011 0.379321 0.0726987 0.0952903
0 0.931243 0.789404 0.137513 0.282363
0 0.237458 0.766175 0.185305 0.302026
0 0.431871 0.272871 0.0692192 0.0956783
0 0.736365 0.524758 0.0507036 0.132809
0 0.53286 0.347049 0.0521129 0.1247
0 0.79649 0.41129 0.0693428 0.0671736
0 0.927116 0.583069 0.0761532 0.0851654
0 0.183047 0.611265 0.114745 0.13685
0 0.0477795 0.808722 0.095559 0.34917
