0 0.560554 0.521699 0.130657 0.245211
0 0.423267 0.625284 0.134848 0.255277
0 0.744521 0.683165 0.102276 0.232679
0 0.725595 0.911954 0.133588 0.176092
0 0.973416 0.78862 0.0531675 0.197409
0 0.838278 0.354633 0.0535938 0.11351
0 0.684187 0.349656 0.0693265 0.0956311
0 0.560554 0.521699 0.130657 0.245211
0 0.423267 0.625284 0.134848 0.255277
0 0.744521 0.683165 0.102276 0.232679
0 0.725595 0.911954 0.133588 0.176092
0 0.973416 0.78862 0.0531675 0.197409
0 0.838278 0.354633 0.0535938 0.11351
0 0.684187 0.349656 0.0693265 0.0956311
0 0.41778 0.626356 0.1394 0.249865
0 0.563178 0.517401 0.1412 0.240755
0 0.74391 0.685033 0.102696 0.237312
0 0.360554 0.219935 0.0923682 0.0937184
0 0.729424 0.90495 0.144868 0.1901
0 0.685718 0.351523 0.0689178 0.0981766
0 0.560393 0.371293 0.13818 0.129832
0 0.975259 0.800116 0.0494823 0.185642
0 0.261092 0.357679 0.0751568 0.0895731
0 0.140752 0.223444 0.0673583 0.101492
