0 0.317709 0.0979616 0.190067 0.176458
0 0.666138 0.128638 0.106298 0.0974839
0 0.259599 0.431292 0.120992 0.16978
0 0.42878 0.160107 0.10633 0.103384
0 0.676666 0.58456 0.129297 0.149823
0 0.93731 0.942254 0.112105 0.105422
0 0.394452 0.339556 0.0362907 0.106086
0 0.144203 0.335429 0.288407 0.320337
0 0.317709 0.0979616 0.190067 0.176458
0 0.666138 0.128638 0.106298 0.0974839
0 0.259599 0.431292 0.120992 0.16978
0 0.42878 0.160107 0.10633 0.103384
0 0.676666 0.58456 0.129297 0.149823
0 0.93731 0.942254 0.112105 0.105422
0 0.394452 0.339556 0.0362907 0.106086
0 0.144203 0.335429 0.288407 0.320337
0 0.317625 0.103289 0.185177 0.183672
0 0.865816 0.288659 0.102848 0.0719802
0 0.148773 0.359971 0.297545 0.331635
0 0.673409 0.579338 0.126671 0.15314
0 0.396482 0.325901 0.0453208 0.162548
0 0.659851 0.130469 0.10852 0.0831533
