0 0.44135 0.142575 0.14118 0.134978
0 0.593345 0.686949 0.167117 0.202418
0 0.787347 0.833854 0.157636 0.332292
0 0.828974 0.189836 0.106047 0.10755
0 0.531715 0.405442 0.0439117 0.142259
0 0.340101 0.154334 0.141033 0.157881
0 0.373452 0.341057 0.120917 0.118445
0 0.250194 0.355987 0.0818666 0.10575
0 0.0596944 0.197659 0.11694 0.163315
0 0.416206 0.49981 0.0788687 0.177131
0 0.5406 0.113678 0.0900063 0.0880221
0 0.0853962 0.449831 0.0960918 0.118391
0 0.912223 0.599763 0.113938 0.177641
0 0.875871 0.0904405 0.0924381 0.0966989
0 0.4241 0.49868 0.0568911 0.168408
0 0.305437 0.0455061 0.100779 0.0868049
0 0.44135 0.142575 0.14118 0.134978
0 0.593345 0.686949 0.167117 0.202418
0 0.787347 0.833854 0.157636 0.332292
0 0.828974 0.189836 0.106047 0.10755
0 0.531715 0.405442 0.0439117 0.142259
0 0.340101 0.154334 0.141033 0.157881
0 0.373452 0.341057 0.120917 0.118445
0 0.250194 0.355987 0.0818666 0.10575
0 0.0596944 0.197659 0.11694 0.163315
0 0.416206 0.49981 0.0788687 0.177131
0 0.5406 0.113678 0.0900063 0.0880221
0 0.0853962 0.449831 0.0960918 0.118391
0 0.912223 0.599763 0.113938 0.177641
0 0.875871 0.0904405 0.0924381 0.0966989
0 0.4241 0.49868 0.0568911 0.168408
0 0.305437 0.0455061 0.100779 0.0868049
0 0.589006 0.682779 0.156372 0.221075
0 0.789224 0.848008 0.160842 0.293846
0 0.0556534 0.202479 0.110234 0.177152
0 0.252287 0.358198 0.0806507 0.10354
0 0.345758 0.170067 0.160567 0.216036
0 0.456002 0.137951 0.184145 0.159525
0 0.19028 0.167805 0.0862088 0.14921
0 0.0818054 0.447928 0.0692818 0.0777588
0 0.824156 0.189277 0.10576 0.102122
0 0.0838681 0.0721629 0.108861 0.0506556
