0 0.343982 0.121496 0.197354 0.189013
0 0.771466 0.596851 0.0965282 0.204139
0 0.436782 0.367923 0.0579014 0.120636
0 0.946276 0.896057 0.103886 0.203126
0 0.0981698 0.42986 0.180889 0.26429
0 0.704425 0.168243 0.107147 0.101288
0 0.166778 0.168439 0.0636293 0.11629
0 0.343982 0.121496 0.197354 0.189013
0 0.771466 0.596851 0.0965282 0.204139
0 0.436782 0.367923 0.0579014 0.120636
0 0.946276 0.896057 0.103886 0.203126
0 0.0981698 0.42986 0.180889 0.26429
0 0.704425 0.168243 0.107147 0.101288
0 0.166778 0.168439 0.0636293 0.11629
0 0.352515 0.129032 0.192024 0.205535
0 0.906311 0.326864 0.107946 0.071375
0 0.948245 0.901397 0.0969316 0.181252
0 0.437025 0.364945 0.0453547 0.124322
0 0.870004 0.0369083 0.0773201 0.056609
0 0.169961 0.299043 0.0838571 0.0519122
0 0.463455 0.20152 0.132689 0.105166
