0 0.434076 0.729688 0.0915958 0.15525
0 0.253892 0.584183 0.258617 0.266855
0 0.0647461 0.167554 0.112152 0.0916095
0 0.54409 0.688199 0.116043 0.0862868
0 0.715903 0.449012 0.0566428 0.139776
0 0.470793 0.553856 0.102048 0.117777
0 0.131876 0.501984 0.114622 0.177078
0 0.22921 0.532494 0.1884 0.126942
0 0.434076 0.729688 0.0915958 0.15525
0 0.253892 0.584183 0.258617 0.266855
0 0.0647461 0.167554 0.112152 0.0916095
0 0.54409 0.688199 0.116043 0.0862868
0 0.715903 0.449012 0.0566428 0.139776
0 0.470793 0.553856 0.102048 0.117777
0 0.131876 0.501984 0.114622 0.177078
0 0.22921 0.532494 0.1884 0.126942
0 0.226031 0.538484 0.179689 0.143574
0 0.547616 0.689953 0.101227 0.0657186
0 0.0663519 0.161716 0.126021 0.0896064
0 0.435777 0.731683 0.0832297 0.162562
0 0.470585 0.556383 0.0955015 0.0919231
0 0.131692 0.514242 0.0771236 0.202219
0 0.265285 0.639985 0.200461 0.172268
0 0.132564 0.357833 0.264979 0.350067
0 0.266199 0.902404 0.0785685 0.0858168
0 0.588673 0.574274 0.0833183 0.107842
