0 0.12603 0.818416 0.252059 0.240882
0 0.637827 0.600383 0.21352 0.421541
0 0.454894 0.408482 0.121182 0.145855
0 0.172435 0.114603 0.236115 0.175618
0 0.69051 0.301854 0.180004 0.13145
0 0.262814 0.479547 0.166078 0.287245
0 0.514286 0.15013 0.134889 0.131826
0 0.479476 0.318654 0.0898815 0.146418
0 0.095639 0.955885 0.155871 0.088229
0 0.766916 0.167522 0.123337 0.131078
0 0.465587 0.736595 0.0918346 0.130818
0 0.747413 0.507159 0.118751 0.11033
0 0.841991 0.126019 0.100614 0.08438
0 0.943252 0.708494 0.0657195 0.109346
0 0.517966 0.513902 0.0961269 0.130824
0 0.12603 0.818416 0.252059 0.240882
0 0.637827 0.600383 0.21352 0.421541
0 0.454894 0.408482 0.121182 0.145855
0 0.172435 0.114603 0.236115 0.175618
0 0.69051 0.301854 0.180004 0.13145
0 0.262814 0.479547 0.166078 0.287245
0 0.514286 0.15013 0.134889 0.131826
0 0.479476 0.318654 0.0898815 0.146418
0 0.095639 0.955885 0.155871 0.088229
0 0.766916 0.167522 0.123337 0.131078
0 0.465587 0.736595 0.0918346 0.130818
0 0.747413 0.507159 0.118751 0.11033
0 0.841991 0.126019 0.100614 0.08438
0 0.943252 0.708494 0.0657195 0.109346
0 0.517966 0.513902 0.0961269 0.130824
0 0.128902 0.825103 0.25561 0.263106
0 0.686332 0.31351 0.171138 0.141487
0 0.449426 0.412403 0.121347 0.156381
0 0.839387 0.130231 0.11583 0.0826131
0 0.262566 0.490525 0.168624 0.311469
0 0.63646 0.60739 0.238657 0.413252
0 0.166709 0.105308 0.205985 0.140599
0 0.516564 0.153958 0.162999 0.138088
0 0.753813 0.512113 0.114809 0.102479
0 0.194506 0.104277 0.210418 0.123393
0 0.910793 0.435606 0.178415 0.220246
0 0.0964045 0.929875 0.175597 0.14025
0 0.462262 0.755854 0.109532 0.374521
0 0.515153 0.800801 0.0679607 0.0488566
0 0.482376 0.318776 0.093735 0.139906
