0 0.927755 0.532931 0.142365 0.165143
0 0.926051 0.818962 0.147898 0.362076
0 0.60535 0.397795 0.141166 0.179344
0 0.776101 0.560442 0.0945081 0.214741
0 0.554996 0.145444 0.0889976 0.0675842
0 0.745982 0.792449 0.092105 0.290684
0 0.438449 0.128615 0.131453 0.194046
0 0.661724 0.632292 0.0607819 0.140147
0 0.683408 0.363248 0.0898287 0.104063
0 0.702107 0.187021 0.106082 0.131776
0 0.0618137 0.0994785 0.123627 0.171362
0 0.552145 0.608492 0.0989356 0.103368
0 0.927755 0.532931 0.142365 0.165143
0 0.926051 0.818962 0.147898 0.362076
0 0.60535 0.397795 0.141166 0.179344
0 0.776101 0.560442 0.0945081 0.214741
0 0.554996 0.145444 0.0889976 0.0675842
0 0.745982 0.792449 0.092105 0.290684
0 0.438449 0.128615 0.131453 0.194046
0 0.661724 0.632292 0.0607819 0.140147
0 0.683408 0.363248 0.0898287 0.104063
0 0.702107 0.187021 0.106082 0.131776
0 0.0618137 0.0994785 0.123627 0.171362
0 0.552145 0.608492 0.0989356 0.103368
0 0.92021 0.540829 0.153689 0.167183
0 0.0663118 0.0973143 0.129811 0.187131
0 0.443249 0.131715 0.138633 0.171432
0 0.604959 0.39579 0.156901 0.176122
0 0.925379 0.837998 0.149241 0.324005
0 0.747717 0.831639 0.083444 0.336723
0 0.666773 0.370927 0.0622168 0.0730828
0 0.782742 0.558599 0.0984788 0.174525
0 0.0372468 0.603879 0.0703598 0.217647
