0 0.801786 0.769194 0.146754 0.216139
0 0.892008 0.682124 0.12334 0.194765
0 0.900579 0.435067 0.193513 0.160199
0 0.4864 0.127694 0.117509 0.0932231
0 0.34709 0.593515 0.0533737 0.136383
0 0.612869 0.525277 0.0764122 0.117492
0 0.939355 0.205338 0.12129 0.0852083
0 0.154782 0.398283 0.182567 0.102439
0 0.509947 0.458166 0.0387162 0.095148
0 0.979634 0.632504 0.0407323 0.157011
0 0.801786 0.769194 0.146754 0.216139
0 0.892008 0.682124 0.12334 0.194765
0 0.900579 0.435067 0.193513 0.160199
0 0.4864 0.127694 0.117509 0.0932231
0 0.34709 0.593515 0.0533737 0.136383
0 0.612869 0.525277 0.0764122 0.117492
0 0.939355 0.205338 0.12129 0.0852083
0 0.154782 0.398283 0.182567 0.102439
0 0.509947 0.458166 0.0387162 0.095148
0 0.979634 0.632504 0.0407323 0.157011
0 0.154541 0.40001 0.176815 0.125785
0 0.79766 0.772499 0.136577 0.206171
0 0.901169 0.438975 0.197661 0.165857
0 0.939817 0.210674 0.114573 0.069847
0 0.894774 0.682324 0.128291 0.192795
0 0.773803 0.486086 0.116583 0.12879
0 0.483429 0.126235 0.10806 0.0747652
0 0.898749 0.547978 0.070491 0.0536418
0 0.395883 0.386206 0.0872258 0.0723577
0 0.346735 0.597423 0.0467141 0.110252
0 0.619181 0.525294 0.0718598 0.103256
