0 0.138335 0.225726 0.199598 0.195095
0 0.15152 0.781959 0.285279 0.262579
0 0.244839 0.0705297 0.100252 0.0755502
0 0.894605 0.328682 0.150639 0.140165
0 0.439213 0.107887 0.101166 0.0941566
0 0.576682 0.456455 0.10176 0.203621
0 0.657864 0.254766 0.124572 0.0963929
0 0.336286 0.594141 0.0617887 0.104965
0 0.0487442 0.0986806 0.0962989 0.0788519
0 0.138335 0.225726 0.199598 0.195095
0 0.15152 0.781959 0.285279 0.262579
0 0.244839 0.0705297 0.100252 0.0755502
0 0.894605 0.328682 0.150639 0.140165
0 0.439213 0.107887 0.101166 0.0941566
0 0.576682 0.456455 0.10176 0.203621
0 0.657864 0.254766 0.124572 0.0963929
0 0.336286 0.594141 0.0617887 0.104965
0 0.0487442 0.0986806 0.0962989 0.0788519
0 0.141485 0.784718 0.26791 0.267893
0 0.134726 0.225227 0.182087 0.189237
0 0.570556 0.44647 0.0760372 0.188004
0 0.658798 0.260137 0.142777 0.100703
0 0.891601 0.325019 0.147465 0.130919
0 0.523282 0.0405806 0.112518 0.0732535
0 0.952409 0.095657 0.095182 0.116717
0 0.0306079 0.309738 0.0612158 0.0610202
0 0.435197 0.109302 0.105065 0.100607
