0 0.311134 0.24715 0.138823 0.154147
0 0.135337 0.816909 0.24352 0.180457
0 0.694731 0.334991 0.132174 0.14023
0 0.580899 0.754281 0.146041 0.367471
0 0.174272 0.421068 0.112467 0.117257
0 0.231613 0.720245 0.18149 0.179157
0 0.184884 0.282922 0.123014 0.186216
0 0.735659 0.0921892 0.106609 0.0966925
0 0.311134 0.24715 0.138823 0.154147
0 0.135337 0.816909 0.24352 0.180457
0 0.694731 0.334991 0.132174 0.14023
0 0.580899 0.754281 0.146041 0.367471
0 0.174272 0.421068 0.112467 0.117257
0 0.231613 0.720245 0.18149 0.179157
0 0.184884 0.282922 0.123014 0.186216
0 0.735659 0.0921892 0.106609 0.0966925
0 0.176344 0.416828 0.135235 0.121772
0 0.137992 0.816648 0.249204 0.174794
0 0.308119 0.250405 0.14889 0.151575
0 0.192206 0.288919 0.131662 0.177553
0 0.240407 0.730703 0.182454 0.185127
0 0.688936 0.339193 0.110778 0.125255
0 0.0575178 0.0713305 0.115036 0.11693
0 0.586861 0.752352 0.142777 0.347268
0 0.856055 0.409731 0.0989166 0.0923165
