0 0.568695 0.7974 0.198882 0.33221
0 0.305155 0.35397 0.203764 0.147579
0 0.199223 0.639816 0.235714 0.170566
0 0.707696 0.633151 0.0899351 0.202541
0 0.14824 0.197997 0.128598 0.0873123
0 0.270846 0.540722 0.125061 0.154407
0 0.63052 0.628751 0.120244 0.196019
0 0.596715 0.695962 0.165525 0.233092
0 0.957964 0.401307 0.0661045 0.180923
0 0.956994 0.899769 0.0839436 0.19356
0 0.671273 0.312182 0.0653912 0.171651
0 0.870988 0.326152 0.0878613 0.105953
0 0.748941 0.342263 0.07988 0.0686573
0 0.798464 0.40425 0.079855 0.141967
0 0.759201 0.891927 0.126157 0.178657
0 0.568695 0.7974 0.198882 0.33221
0 0.305155 0.35397 0.203764 0.147579
0 0.199223 0.639816 0.235714 0.170566
0 0.707696 0.633151 0.0899351 0.202541
0 0.14824 0.197997 0.128598 0.0873123
0 0.270846 0.540722 0.125061 0.154407
0 0.63052 0.628751 0.120244 0.196019
0 0.596715 0.695962 0.165525 0.233092
0 0.957964 0.401307 0.0661045 0.180923
0 0.956994 0.899769 0.0839436 0.19356
0 0.671273 0.312182 0.0653912 0.171651
0 0.870988 0.326152 0.0878613 0.105953
0 0.748941 0.342263 0.07988 0.0686573
0 0.798464 0.40425 0.079855 0.141967
0 0.759201 0.891927 0.126157 0.178657
0 0.307815 0.344784 0.198011 0.138484
0 0.69852 0.625517 0.0960405 0.173009
0 0.212851 0.639897 0.237194 0.176371
0 0.597659 0.681558 0.157668 0.243746
0 0.572343 0.810813 0.202561 0.263887
0 0.802343 0.405081 0.0904706 0.132123
0 0.744202 0.873638 0.157669 0.220073
0 0.62842 0.623497 0.134088 0.187466
0 0.268263 0.539489 0.137462 0.168515
0 0.142015 0.199269 0.10917 0.0751658
0 0.743866 0.340734 0.0827913 0.0708074
0 0.956224 0.905749 0.0817844 0.188502
