0 0.690289 0.452545 0.225087 0.233533
0 0.448885 0.364004 0.185087 0.165576
0 0.235824 0.337572 0.360353 0.355065
0 0.301274 0.127259 0.174491 0.254519
0 0.631541 0.23051 0.130935 0.177761
0 0.389153 0.473502 0.126635 0.153733
0 0.285344 0.370393 0.505252 0.467162
0 0.940021 0.93619 0.103096 0.127619
0 0.241202 0.15402 0.132634 0.115726
0 0.283398 0.373438 0.365945 0.412435
0 0.690289 0.452545 0.225087 0.233533
0 0.448885 0.364004 0.185087 0.165576
0 0.235824 0.337572 0.360353 0.355065
0 0.301274 0.127259 0.174491 0.254519
0 0.631541 0.23051 0.130935 0.177761
0 0.389153 0.473502 0.126635 0.153733
0 0.285344 0.370393 0.505252 0.467162
0 0.940021 0.93619 0.103096 0.127619
0 0.241202 0.15402 0.132634 0.115726
0 0.283398 0.373438 0.365945 0.412435
0 0.448015 0.35364 0.151835 0.138568
0 0.697046 0.462648 0.187611 0.257209
0 0.898231 0.930439 0.191129 0.139121
0 0.298986 0.12046 0.136151 0.236521
0 0.620793 0.229687 0.141783 0.192207
0 0.275845 0.390655 0.367682 0.478418
0 0.944242 0.400556 0.0820499 0.094342
0 0.915318 0.249586 0.117859 0.118951
