0 0.104309 0.553548 0.121268 0.195513
0 0.208488 0.258984 0.124445 0.0967988
0 0.771341 0.236608 0.141381 0.103303
0 0.264487 0.603394 0.309168 0.261027
0 0.863328 0.527574 0.103869 0.120656
0 0.0464257 0.298192 0.0928514 0.100548
0 0.73188 0.488133 0.0934951 0.101623
0 0.825544 0.314615 0.0826184 0.0766869
0 0.680215 0.477393 0.0822625 0.100555
0 0.713067 0.611303 0.0763711 0.111687
0 0.104309 0.553548 0.121268 0.195513
0 0.208488 0.258984 0.124445 0.0967988
0 0.771341 0.236608 0.141381 0.103303
0 0.264487 0.603394 0.309168 0.261027
0 0.863328 0.527574 0.103869 0.120656
0 0.0464257 0.298192 0.0928514 0.100548
0 0.73188 0.488133 0.0934951 0.101623
0 0.825544 0.314615 0.0826184 0.0766869
0 0.680215 0.477393 0.0822625 0.100555
0 0.713067 0.611303 0.0763711 0.111687
0 0.396982 0.216577 0.0851697 0.0544947
0 0.108396 0.546983 0.113917 0.179043
0 0.856754 0.528635 0.0926464 0.107538
0 0.739032 0.489123 0.0833476 0.10083
0 0.199763 0.261092 0.141591 0.0900237
0 0.676477 0.47088 0.0822264 0.0946248
0 0.768961 0.239241 0.154319 0.0995897
0 0.600169 0.844248 0.0786647 0.100362
0 0.0498033 0.296182 0.096877 0.101499
0 0.786794 0.573211 0.0818292 0.155609
0 0.417281 0.355181 0.0853576 0.0569748
0 0.247142 0.580838 0.39662 0.3272
