0 0.647668 0.305322 0.134385 0.123027
0 0.664246 0.491337 0.124831 0.0984533
0 0.914459 0.608974 0.129749 0.261205
0 0.920114 0.802934 0.156244 0.263771
0 0.453961 0.256962 0.120053 0.172915
0 0.0568024 0.0587573 0.104549 0.11349
0 0.518111 0.45988 0.104985 0.154462
0 0.297756 0.146479 0.0990287 0.0947753
0 0.14263 0.786306 0.104761 0.196282
0 0.406349 0.734015 0.0975443 0.171025
0 0.269315 0.833565 0.105285 0.124974
0 0.371462 0.949428 0.166897 0.101145
0 0.647668 0.305322 0.134385 0.123027
0 0.664246 0.491337 0.124831 0.0984533
0 0.914459 0.608974 0.129749 0.261205
0 0.920114 0.802934 0.156244 0.263771
0 0.453961 0.256962 0.120053 0.172915
0 0.0568024 0.0587573 0.104549 0.11349
0 0.518111 0.45988 0.104985 0.154462
0 0.297756 0.146479 0.0990287 0.0947753
0 0.14263 0.786306 0.104761 0.196282
0 0.406349 0.734015 0.0975443 0.171025
0 0.269315 0.833565 0.105285 0.124974
0 0.371462 0.949428 0.166897 0.101145
0 0.645242 0.305327 0.127636 0.118547
0 0.66436 0.493915 0.130529 0.0918729
0 0.457922 0.250301 0.0993214 0.155414
0 0.921753 0.633083 0.149354 0.263386
0 0.918732 0.813731 0.155348 0.233663
0 0.0577322 0.0621224 0.11421 0.107981
0 0.604327 0.367746 0.0890064 0.101462
