0 0.644661 0.774648 0.120448 0.207322
0 0.940323 0.936337 0.119354 0.127326
0 0.703666 0.471658 0.208899 0.162883
0 0.793718 0.704825 0.133193 0.153097
0 0.911045 0.701759 0.109981 0.110808
0 0.125039 0.545569 0.155928 0.108324
0 0.30038 0.646481 0.0606337 0.131699
0 0.292349 0.653321 0.0440264 0.112639
0 0.352315 0.47598 0.0733387 0.0985414
0 0.372302 0.638083 0.0452983 0.102523
0 0.0897687 0.329655 0.0865513 0.0896988
0 0.337347 0.633656 0.052184 0.127602
0 0.314743 0.6429 0.080255 0.133569
0 0.434074 0.516997 0.0373978 0.0881037
0 0.071635 0.439079 0.0816401 0.0662088
0 0.892236 0.538057 0.0812155 0.106653
0 0.269571 0.386851 0.118179 0.0958184
0 0.902608 0.279636 0.11278 0.0807041
0 0.326615 0.636352 0.0622319 0.130181
0 0.483635 0.535056 0.0387049 0.0923613
0 0.644661 0.774648 0.120448 0.207322
0 0.940323 0.936337 0.119354 0.127326
0 0.703666 0.471658 0.208899 0.162883
0 0.793718 0.704825 0.133193 0.153097
0 0.911045 0.701759 0.109981 0.110808
0 0.125039 0.545569 0.155928 0.108324
0 0.30038 0.646481 0.0606337 0.131699
0 0.292349 0.653321 0.0440264 0.112639
0 0.352315 0.47598 0.0733387 0.0985414
0 0.372302 0.638083 0.0452983 0.102523
0 0.0897687 0.329655 0.0865513 0.0896988
0 0.337347 0.633656 0.052184 0.127602
0 0.314743 0.6429 0.080255 0.133569
0 0.434074 0.516997 0.0373978 0.0881037
0 0.071635 0.439079 0.0816401 0.0662088
0 0.892236 0.538057 0.0812155 0.106653
0 0.269571 0.386851 0.118179 0.0958184
0 0.902608 0.279636 0.11278 0.0807041
0 0.326615 0.636352 0.0622319 0.130181
0 0.483635 0.535056 0.0387049 0.0923613
0 0.647659 0.770512 0.113141 0.18235
0 0.793123 0.707121 0.141302 0.142923
0 0.12946 0.552638 0.156548 0.116405
0 0.933457 0.934567 0.133087 0.129986
0 0.914002 0.700442 0.0917604 0.10726
0 0.356206 0.47662 0.0740839 0.0741876
0 0.263916 0.387771 0.107939 0.101178
0 0.0699004 0.441813 0.0760524 0.0523709
0 0.712421 0.487189 0.208811 0.153753
0 0.901569 0.28455 0.113633 0.0833154
0 0.506983 0.411291 0.0751896 0.0573971
0 0.094344 0.332822 0.105076 0.0973533
0 0.331725 0.205412 0.0816074 0.0673621
0 0.337691 0.636096 0.0426409 0.124606
0 0.894791 0.541759 0.0768227 0.0776624
0 0.436438 0.516681 0.0373358 0.0960131
0 0.0456097 0.51123 0.0562641 0.0479831
0 0.720197 0.431005 0.171474 0.0637807
