0 0.926105 0.520509 0.136302 0.128943
0 0.757106 0.440717 0.0836212 0.177406
0 0.240897 0.315801 0.085557 0.0709313
0 0.234976 0.0958534 0.137545 0.0969762
0 0.453161 0.330514 0.0830885 0.141707
0 0.786885 0.792764 0.145964 0.414472
0 0.600524 0.121036 0.0889479 0.0746428
0 0.143454 0.104832 0.109058 0.0725115
0 0.733862 0.278178 0.0851435 0.071748
0 0.788675 0.780453 0.111258 0.350157
0 0.926105 0.520509 0.136302 0.128943
0 0.757106 0.440717 0.0836212 0.177406
0 0.240897 0.315801 0.085557 0.0709313
0 0.234976 0.0958534 0.137545 0.0969762
0 0.453161 0.330514 0.0830885 0.141707
0 0.786885 0.792764 0.145964 0.414472
0 0.600524 0.121036 0.0889479 0.0746428
0 0.143454 0.104832 0.109058 0.0725115
0 0.733862 0.278178 0.0851435 0.071748
0 0.788675 0.780453 0.111258 0.350157
0 0.225586 0.104051 0.166784 0.112042
0 0.920655 0.51225 0.130923 0.131014
0 0.445288 0.327662 0.0797951 0.135316
0 0.245882 0.316288 0.102803 0.0754701
0 0.351649 0.194737 0.0632058 0.0893921
0 0.760471 0.443006 0.0834678 0.161153
0 0.476153 0.153904 0.0587889 0.0542243
0 0.790488 0.788118 0.112351 0.392513
0 0.732321 0.273571 0.0818943 0.0767126
0 0.201596 0.110852 0.215174 0.116255
