0 0.33315 0.119706 0.135508 0.100447
0 0.048392 0.147253 0.096784 0.0967335
0 0.237617 0.311397 0.0887631 0.0737874
0 0.889157 0.505006 0.0667568 0.169155
0 0.33315 0.119706 0.135508 0.100447
0 0.048392 0.147253 0.096784 0.0967335
0 0.237617 0.311397 0.0887631 0.0737874
0 0.889157 0.505006 0.0667568 0.169155
0 0.0501597 0.15038 0.100311 0.0830598
0 0.321051 0.121893 0.151822 0.0989356
0 0.256637 0.862372 0.0690403 0.0903849
0 0.88458 0.507857 0.078515 0.171814
0 0.239362 0.313756 0.0994264 0.0706032
