0 0.653383 0.178946 0.183472 0.133117
0 0.421019 0.566874 0.080857 0.251999
0 0.217772 0.0956535 0.150199 0.133683
0 0.932714 0.273481 0.122496 0.111071
0 0.448608 0.291592 0.100728 0.146476
0 0.0582256 0.506031 0.0953166 0.266871
0 0.552089 0.455308 0.0927661 0.199684
0 0.371514 0.20958 0.124079 0.190644
0 0.596226 0.0785438 0.149311 0.127742
0 0.156735 0.35436 0.0953025 0.122549
0 0.362219 0.264209 0.0802026 0.174008
0 0.875185 0.927191 0.118555 0.120973
0 0.369455 0.236144 0.0989272 0.232385
0 0.0820426 0.201449 0.0875703 0.133448
0 0.55641 0.436508 0.0857874 0.153136
0 0.897002 0.662474 0.0958837 0.129944
0 0.495409 0.924524 0.141792 0.150952
0 0.653383 0.178946 0.183472 0.133117
0 0.421019 0.566874 0.080857 0.251999
0 0.217772 0.0956535 0.150199 0.133683
0 0.932714 0.273481 0.122496 0.111071
0 0.448608 0.291592 0.100728 0.146476
0 0.0582256 0.506031 0.0953166 0.266871
0 0.552089 0.455308 0.0927661 0.199684
0 0.371514 0.20958 0.124079 0.190644
0 0.596226 0.0785438 0.149311 0.127742
0 0.156735 0.35436 0.0953025 0.122549
0 0.362219 0.264209 0.0802026 0.174008
0 0.875185 0.927191 0.118555 0.120973
0 0.369455 0.236144 0.0989272 0.232385
0 0.0820426 0.201449 0.0875703 0.133448
0 0.55641 0.436508 0.0857874 0.153136
0 0.897002 0.662474 0.0958837 0.129944
0 0.495409 0.924524 0.141792 0.150952
0 0.653312 0.179754 0.164009 0.125659
0 0.213523 0.0958871 0.134985 0.135813
0 0.444051 0.290212 0.0966896 0.133441
0 0.594979 0.0807265 0.141747 0.109619
0 0.368913 0.20095 0.116462 0.163407
0 0.429332 0.55091 0.0919209 0.244659
0 0.852476 0.234423 0.0975021 0.118393
0 0.499078 0.912089 0.175172 0.175822
0 0.0478686 0.679653 0.0950196 0.260517
0 0.559915 0.456937 0.079089 0.230697
0 0.0567867 0.489529 0.112393 0.30219
0 0.0767867 0.135131 0.0999701 0.132564
0 0.889953 0.674759 0.0742195 0.0777969
0 0.492667 0.130901 0.0966292 0.106926
