0 0.823334 0.69586 0.183812 0.291243
0 0.756947 0.360607 0.14484 0.14285
0 0.33953 0.729283 0.0676295 0.222221
0 0.115247 0.0653745 0.177168 0.130749
0 0.503959 0.620788 0.131761 0.169422
0 0.335907 0.4859 0.0913803 0.214979
0 0.958274 0.724436 0.0834511 0.22966
0 0.540924 0.87857 0.176043 0.242861
0 0.189375 0.325352 0.0916156 0.098087
0 0.152206 0.490193 0.0889779 0.251714
0 0.395276 0.483596 0.0555501 0.158485
0 0.286845 0.458766 0.0440318 0.130493
0 0.187901 0.854825 0.0966525 0.29035
0 0.50106 0.465226 0.0635311 0.0929137
0 0.183352 0.133614 0.106182 0.0904209
0 0.498965 0.902958 0.0739306 0.194084
0 0.823334 0.69586 0.183812 0.291243
0 0.756947 0.360607 0.14484 0.14285
0 0.33953 0.729283 0.0676295 0.222221
0 0.115247 0.0653745 0.177168 0.130749
0 0.503959 0.620788 0.131761 0.169422
0 0.335907 0.4859 0.0913803 0.214979
0 0.958274 0.724436 0.0834511 0.22966
0 0.540924 0.87857 0.176043 0.242861
0 0.189375 0.325352 0.0916156 0.098087
0 0.152206 0.490193 0.0889779 0.251714
0 0.395276 0.483596 0.0555501 0.158485
0 0.286845 0.458766 0.0440318 0.130493
0 0.187901 0.854825 0.0966525 0.29035
0 0.50106 0.465226 0.0635311 0.0929137
0 0.183352 0.133614 0.106182 0.0904209
0 0.498965 0.902958 0.0739306 0.194084
0 0.113323 0.0672876 0.171195 0.12922
0 0.50901 0.610591 0.118372 0.154878
0 0.754635 0.364864 0.147438 0.158001
0 0.568499 0.860135 0.122951 0.138952
0 0.15754 0.490868 0.0959884 0.226032
0 0.828658 0.705385 0.215202 0.304128
0 0.960729 0.724388 0.0785423 0.198307
0 0.501411 0.465009 0.0581038 0.0829415
0 0.341937 0.731085 0.0680307 0.240191
0 0.518046 0.290416 0.112807 0.120707
0 0.334885 0.317834 0.0718642 0.118847
0 0.400894 0.496264 0.0685524 0.175586
0 0.331214 0.497967 0.0785044 0.17601
0 0.114012 0.386278 0.0446447 0.116518
0 0.483414 0.890184 0.0860025 0.213551
0 0.573164 0.363495 0.0649488 0.0727224
