0 0.486197 0.589636 0.224187 0.227096
0 0.625452 0.334869 0.159671 0.108465
0 0.549977 0.188901 0.13718 0.109013
0 0.827967 0.275473 0.0819727 0.0566071
0 0.797573 0.498203 0.161343 0.327415
0 0.413733 0.925135 0.0961075 0.124289
0 0.931387 0.683105 0.0895916 0.174508
0 0.859692 0.74974 0.132589 0.110876
0 0.703622 0.159292 0.116388 0.154703
0 0.882436 0.411105 0.235128 0.283626
0 0.0175032 0.217392 0.0335181 0.0977474
0 0.486197 0.589636 0.224187 0.227096
0 0.625452 0.334869 0.159671 0.108465
0 0.549977 0.188901 0.13718 0.109013
0 0.827967 0.275473 0.0819727 0.0566071
0 0.797573 0.498203 0.161343 0.327415
0 0.413733 0.925135 0.0961075 0.124289
0 0.931387 0.683105 0.0895916 0.174508
0 0.859692 0.74974 0.132589 0.110876
0 0.703622 0.159292 0.116388 0.154703
0 0.882436 0.411105 0.235128 0.283626
0 0.0175032 0.217392 0.0335181 0.0977474
0 0.623237 0.334643 0.165332 0.121968
0 0.482623 0.601356 0.221015 0.222853
0 0.319322 0.0973947 0.176604 0.13464
0 0.830258 0.271331 0.0766012 0.0482359
0 0.551964 0.195746 0.11578 0.113235
0 0.788636 0.510118 0.172718 0.316128
0 0.893977 0.411737 0.212047 0.286618
0 0.848537 0.754325 0.121372 0.100706
0 0.181629 0.179709 0.0747931 0.0586344
0 0.708957 0.155819 0.095994 0.153481
