0 0.484458 0.543557 0.300707 0.290253
0 0.887771 0.797706 0.0756821 0.176042
0 0.767436 0.909466 0.159059 0.181069
0 0.766277 0.862197 0.152207 0.275606
0 0.132224 0.0995647 0.196681 0.193737
0 0.796957 0.806275 0.0952938 0.210102
0 0.964314 0.831838 0.0690151 0.226959
0 0.118834 0.0782376 0.176474 0.156475
0 0.663045 0.54453 0.104432 0.203938
0 0.782463 0.558958 0.0578526 0.116201
0 0.116261 0.973842 0.167038 0.0523165
0 0.0344485 0.777399 0.0669391 0.300945
0 0.484458 0.543557 0.300707 0.290253
0 0.887771 0.797706 0.0756821 0.176042
0 0.767436 0.909466 0.159059 0.181069
0 0.766277 0.862197 0.152207 0.275606
0 0.132224 0.0995647 0.196681 0.193737
0 0.796957 0.806275 0.0952938 0.210102
0 0.964314 0.831838 0.0690151 0.226959
0 0.118834 0.0782376 0.176474 0.156475
0 0.663045 0.54453 0.104432 0.203938
0 0.782463 0.558958 0.0578526 0.116201
0 0.116261 0.973842 0.167038 0.0523165
0 0.0344485 0.777399 0.0669391 0.300945
0 0.472646 0.544365 0.274009 0.30015
0 0.118258 0.0935725 0.153722 0.18044
0 0.894276 0.787458 0.0557116 0.172159
0 0.25961 0.197402 0.0867975 0.0918427
0 0.643096 0.551476 0.128461 0.340794
0 0.508629 0.316775 0.168917 0.214759
0 0.971628 0.83721 0.0567445 0.203718
0 0.939703 0.63962 0.0879791 0.0648558
0 0.220385 0.277191 0.0763726 0.153014
0 0.802853 0.672356 0.0500898 0.0541441
