0 0.749523 0.518999 0.122493 0.137186
0 0.652743 0.657955 0.120838 0.113543
0 0.616148 0.46028 0.217568 0.189527
0 0.904639 0.841794 0.163436 0.276107
0 0.81631 0.67605 0.121463 0.123776
0 0.590287 0.434426 0.167597 0.146223
0 0.925317 0.611175 0.122509 0.092342
0 0.514709 0.710691 0.0572401 0.189254
0 0.740657 0.783485 0.0699015 0.127645
0 0.38546 0.610794 0.0481061 0.151655
0 0.0745366 0.342883 0.149073 0.100851
0 0.374898 0.407947 0.108461 0.147715
0 0.412472 0.487213 0.0994831 0.0902344
0 0.659095 0.466756 0.10714 0.177496
0 0.0842156 0.547544 0.14149 0.100089
0 0.54998 0.555179 0.0578036 0.141338
0 0.749523 0.518999 0.122493 0.137186
0 0.652743 0.657955 0.120838 0.113543
0 0.616148 0.46028 0.217568 0.189527
0 0.904639 0.841794 0.163436 0.276107
0 0.81631 0.67605 0.121463 0.123776
0 0.590287 0.434426 0.167597 0.146223
0 0.925317 0.611175 0.122509 0.092342
0 0.514709 0.710691 0.0572401 0.189254
0 0.740657 0.783485 0.0699015 0.127645
0 0.38546 0.610794 0.0481061 0.151655
0 0.0745366 0.342883 0.149073 0.100851
0 0.374898 0.407947 0.108461 0.147715
0 0.412472 0.487213 0.0994831 0.0902344
0 0.659095 0.466756 0.10714 0.177496
0 0.0842156 0.547544 0.14149 0.100089
0 0.54998 0.555179 0.0578036 0.141338
0 0.642852 0.663674 0.147714 0.124135
0 0.517498 0.713035 0.0538178 0.169598
0 0.747765 0.523365 0.13325 0.13036
0 0.677462 0.481835 0.0882903 0.174369
0 0.575093 0.426306 0.124516 0.126169
0 0.899479 0.825876 0.197662 0.324649
0 0.384486 0.587809 0.0428178 0.112594
0 0.366408 0.417075 0.117292 0.162332
0 0.812527 0.682599 0.0954662 0.0983171
0 0.0895983 0.456528 0.179197 0.201618
0 0.0958454 0.538483 0.107465 0.11375
0 0.669298 0.839688 0.0590317 0.126654
0 0.925499 0.619247 0.12499 0.0812707
