0 0.79263 0.465287 0.225251 0.210556
0 0.374851 0.0595242 0.148524 0.118848
0 0.409958 0.407547 0.384799 0.44215
0 0.622859 0.221214 0.111583 0.167411
0 0.191407 0.13249 0.106919 0.226025
0 0.979854 0.439971 0.0385876 0.12985
0 0.455097 0.444386 0.438596 0.463631
0 0.679633 0.343553 0.136148 0.101923
0 0.39289 0.386385 0.311028 0.339645
0 0.976216 0.666677 0.0463482 0.193144
0 0.235699 0.0336664 0.0888511 0.0673328
0 0.79263 0.465287 0.225251 0.210556
0 0.374851 0.0595242 0.148524 0.118848
0 0.409958 0.407547 0.384799 0.44215
0 0.622859 0.221214 0.111583 0.167411
0 0.191407 0.13249 0.106919 0.226025
0 0.979854 0.439971 0.0385876 0.12985
0 0.455097 0.444386 0.438596 0.463631
0 0.679633 0.343553 0.136148 0.101923
0 0.39289 0.386385 0.311028 0.339645
0 0.976216 0.666677 0.0463482 0.193144
0 0.235699 0.0336664 0.0888511 0.0673328
0 0.789935 0.482998 0.187425 0.199816
0 0.676523 0.344343 0.115094 0.0902474
0 0.19639 0.150683 0.117836 0.266394
0 0.373544 0.056389 0.126339 0.112778
0 0.430438 0.446016 0.39255 0.471119
0 0.363614 0.216807 0.149035 0.226916
0 0.749904 0.365963 0.084361 0.0725325
0 0.623849 0.220528 0.11575 0.176838
