0 0.93435 0.05827 0.1313 0.105053
0 0.836437 0.423219 0.327127 0.327059
0 0.838569 0.0594074 0.127725 0.118815
0 0.274917 0.339388 0.0921764 0.206158
0 0.179934 0.308188 0.256319 0.233259
0 0.591467 0.0613183 0.181427 0.122637
0 0.1677 0.623164 0.08218 0.258367
0 0.826684 0.176128 0.095365 0.0831962
0 0.93435 0.05827 0.1313 0.105053
0 0.836437 0.423219 0.327127 0.327059
0 0.838569 0.0594074 0.127725 0.118815
0 0.274917 0.339388 0.0921764 0.206158
0 0.179934 0.308188 0.256319 0.233259
0 0.591467 0.0613183 0.181427 0.122637
0 0.1677 0.623164 0.08218 0.258367
0 0.826684 0.176128 0.095365 0.0831962
0 0.828486 0.440197 0.338903 0.350066
0 0.611567 0.0516092 0.187025 0.103218
0 0.815588 0.18281 0.121267 0.0940726
0 0.835658 0.0569473 0.122302 0.113895
0 0.271249 0.378075 0.105518 0.272523
0 0.130197 0.153556 0.249297 0.307112
0 0.960177 0.69861 0.0795671 0.153586
0 0.945932 0.276709 0.107445 0.162085
