0 0.72786 0.0704755 0.135607 0.100529
0 0.333199 0.919743 0.210754 0.160514
0 0.542961 0.470021 0.102577 0.168695
0 0.3732 0.5795 0.118258 0.246727
0 0.424821 0.317129 0.0977852 0.135879
0 0.604069 0.304054 0.107971 0.10951
0 0.628223 0.859083 0.123166 0.276163
0 0.578642 0.130848 0.12573 0.100513
0 0.112248 0.425539 0.07517 0.149662
0 0.0544509 0.220145 0.106558 0.141947
0 0.911795 0.905299 0.131897 0.189403
0 0.934203 0.490105 0.120209 0.142127
0 0.167127 0.144904 0.128197 0.126973
0 0.0541653 0.456972 0.108331 0.159671
0 0.72786 0.0704755 0.135607 0.100529
0 0.333199 0.919743 0.210754 0.160514
0 0.542961 0.470021 0.102577 0.168695
0 0.3732 0.5795 0.118258 0.246727
0 0.424821 0.317129 0.0977852 0.135879
0 0.604069 0.304054 0.107971 0.10951
0 0.628223 0.859083 0.123166 0.276163
0 0.578642 0.130848 0.12573 0.100513
0 0.112248 0.425539 0.07517 0.149662
0 0.0544509 0.220145 0.106558 0.141947
0 0.911795 0.905299 0.131897 0.189403
0 0.934203 0.490105 0.120209 0.142127
0 0.167127 0.144904 0.128197 0.126973
0 0.0541653 0.456972 0.108331 0.159671
0 0.332359 0.910704 0.18081 0.178591
0 0.429154 0.311789 0.0964177 0.122344
0 0.37102 0.58398 0.11772 0.239346
0 0.54756 0.465726 0.112949 0.194549
0 0.604489 0.30547 0.107337 0.0962383
0 0.16053 0.154964 0.157389 0.150482
0 0.73262 0.0763934 0.12706 0.102144
0 0.576814 0.123833 0.125516 0.101939
0 0.927449 0.472739 0.132597 0.139604
0 0.909251 0.907049 0.138766 0.185902
0 0.0504755 0.49146 0.100951 0.230715
0 0.622124 0.850181 0.132994 0.299638
0 0.0445736 0.134519 0.0854812 0.139972
0 0.801323 0.259014 0.0647633 0.0911878
0 0.112746 0.428443 0.0890112 0.174848
0 0.0775497 0.211764 0.154162 0.162967
0 0.853049 0.289526 0.0716629 0.0822185
0 0.947977 0.577556 0.103584 0.0987723
0 0.0570894 0.218458 0.111723 0.143813
