0 0.276295 0.259915 0.322665 0.367358
0 0.417069 0.451494 0.170438 0.143888
0 0.319583 0.0930577 0.165514 0.139228
0 0.164494 0.298123 0.0871877 0.109891
0 0.781341 0.0715083 0.133734 0.0945805
0 0.276295 0.259915 0.322665 0.367358
0 0.417069 0.451494 0.170438 0.143888
0 0.319583 0.0930577 0.165514 0.139228
0 0.164494 0.298123 0.0871877 0.109891
0 0.781341 0.0715083 0.133734 0.0945805
0 0.317041 0.101876 0.158684 0.162632
0 0.279115 0.257145 0.274322 0.349554
0 0.410622 0.447597 0.190864 0.133545
0 0.771779 0.213409 0.107241 0.0765847
0 0.913025 0.25718 0.105133 0.09372
0 0.160744 0.295233 0.0903035 0.127048
0 0.843394 0.881876 0.296638 0.218479
0 0.190668 0.826987 0.0486897 0.047487
0 0.308996 0.259767 0.224318 0.290429
