0 0.804381 0.841012 0.179113 0.308771
0 0.777124 0.598516 0.139735 0.201288
0 0.280167 0.164092 0.239126 0.256732
0 0.419086 0.418132 0.0531143 0.116299
0 0.804381 0.841012 0.179113 0.308771
0 0.777124 0.598516 0.139735 0.201288
0 0.280167 0.164092 0.239126 0.256732
0 0.419086 0.418132 0.0531143 0.116299
0 0.782237 0.600264 0.142241 0.182653
0 0.882301 0.397405 0.093219 0.0841145
0 0.806848 0.840191 0.169412 0.292643
0 0.277554 0.168197 0.214122 0.247222
0 0.419575 0.418535 0.0442247 0.13839
0 0.645216 0.354386 0.131429 0.113687
0 0.155442 0.356395 0.0528971 0.0455627
0 0.978749 0.834096 0.0425032 0.214953
