0 0.700238 0.574284 0.246984 0.278121
0 0.19879 0.580247 0.168802 0.196277
0 0.927646 0.723276 0.12749 0.173815
0 0.19744 0.374895 0.186119 0.253013
0 0.133144 0.311697 0.0813039 0.186498
0 0.808923 0.497011 0.130336 0.154201
0 0.561591 0.410242 0.141227 0.226594
0 0.0684339 0.292668 0.12992 0.181373
0 0.0957946 0.70798 0.191589 0.284336
0 0.501324 0.386647 0.0593327 0.191413
0 0.661775 0.73404 0.0757143 0.198253
0 0.93305 0.497482 0.1339 0.182131
0 0.87924 0.377299 0.137794 0.0981788
0 0.386468 0.401548 0.065647 0.134171
0 0.213367 0.356455 0.149943 0.20252
0 0.129006 0.727186 0.258012 0.371556
0 0.978079 0.551005 0.0374178 0.150347
0 0.0828618 0.678483 0.16028 0.235206
0 0.700238 0.574284 0.246984 0.278121
0 0.19879 0.580247 0.168802 0.196277
0 0.927646 0.723276 0.12749 0.173815
0 0.19744 0.374895 0.186119 0.253013
0 0.133144 0.311697 0.0813039 0.186498
0 0.808923 0.497011 0.130336 0.154201
0 0.561591 0.410242 0.141227 0.226594
0 0.0684339 0.292668 0.12992 0.181373
0 0.0957946 0.70798 0.191589 0.284336
0 0.501324 0.386647 0.0593327 0.191413
0 0.661775 0.73404 0.0757143 0.198253
0 0.93305 0.497482 0.1339 0.182131
0 0.87924 0.377299 0.137794 0.0981788
0 0.386468 0.401548 0.065647 0.134171
0 0.213367 0.356455 0.149943 0.20252
0 0.129006 0.727186 0.258012 0.371556
0 0.978079 0.551005 0.0374178 0.150347
0 0.0828618 0.678483 0.16028 0.235206
0 0.707468 0.581917 0.255004 0.28526
0 0.202258 0.577991 0.170113 0.224637
0 0.934259 0.719452 0.131482 0.158249
0 0.190291 0.38846 0.211762 0.253533
0 0.874189 0.379565 0.112787 0.0793465
0 0.0661634 0.304042 0.132063 0.197049
0 0.56508 0.402254 0.14223 0.270535
0 0.768547 0.361854 0.107878 0.0767505
0 0.142995 0.1073 0.0813501 0.0574184
0 0.662203 0.726341 0.0787134 0.188302
0 0.136777 0.313202 0.0900879 0.188083
0 0.43761 0.25763 0.0413538 0.169969
0 0.165492 0.813283 0.330983 0.300546
0 0.17914 0.790946 0.358281 0.418108
0 0.866081 0.510263 0.267839 0.223253
