0 0.70573 0.574692 0.179186 0.25307
0 0.481842 0.406718 0.210732 0.241664
0 0.792936 0.456422 0.149135 0.150055
0 0.165703 0.473796 0.193137 0.204301
0 0.896264 0.36302 0.119596 0.114496
0 0.512354 0.740219 0.366371 0.33412
0 0.603474 0.509935 0.0455402 0.137013
0 0.589538 0.803935 0.371742 0.392129
0 0.958897 0.749807 0.0735048 0.203478
0 0.830872 0.580301 0.106624 0.126937
0 0.122816 0.729556 0.245632 0.335853
0 0.555359 0.776681 0.489731 0.446639
0 0.740427 0.202394 0.106043 0.0840698
0 0.916624 0.911063 0.120611 0.177875
0 0.0217754 0.454066 0.0398389 0.120178
0 0.904355 0.565968 0.0715862 0.114302
0 0.70573 0.574692 0.179186 0.25307
0 0.481842 0.406718 0.210732 0.241664
0 0.792936 0.456422 0.149135 0.150055
0 0.165703 0.473796 0.193137 0.204301
0 0.896264 0.36302 0.119596 0.114496
0 0.512354 0.740219 0.366371 0.33412
0 0.603474 0.509935 0.0455402 0.137013
0 0.589538 0.803935 0.371742 0.392129
0 0.958897 0.749807 0.0735048 0.203478
0 0.830872 0.580301 0.106624 0.126937
0 0.122816 0.729556 0.245632 0.335853
0 0.555359 0.776681 0.489731 0.446639
0 0.740427 0.202394 0.106043 0.0840698
0 0.916624 0.911063 0.120611 0.177875
0 0.0217754 0.454066 0.0398389 0.120178
0 0.904355 0.565968 0.0715862 0.114302
0 0.163516 0.494221 0.181261 0.192698
0 0.714001 0.593864 0.188241 0.26817
0 0.471196 0.409862 0.222344 0.242272
0 0.823668 0.578071 0.116083 0.12099
0 0.798677 0.454467 0.162498 0.155132
0 0.743251 0.205404 0.100972 0.0971802
0 0.113933 0.737266 0.227866 0.413736
0 0.119608 0.44822 0.0959654 0.184229
0 0.603637 0.510264 0.0532009 0.135069
0 0.107045 0.720519 0.214089 0.307715
0 0.533474 0.773345 0.438773 0.39632
0 0.115487 0.926944 0.230975 0.146112
0 0.921311 0.917853 0.143469 0.164295
0 0.578469 0.800852 0.370723 0.398297
0 0.345902 0.21538 0.0758382 0.111767
0 0.891059 0.36567 0.12107 0.118025
0 0.963264 0.750647 0.073472 0.185088
0 0.206409 0.221396 0.0728664 0.0494698
0 0.16052 0.653601 0.122341 0.160828
0 0.0344034 0.450151 0.0671993 0.156125
0 0.359563 0.210596 0.11092 0.132572
