0 0.36232 0.370876 0.268768 0.325551
0 0.326152 0.453221 0.128161 0.113348
0 0.367668 0.178911 0.15937 0.158551
0 0.202747 0.444947 0.0975141 0.259531
0 0.26953 0.0349054 0.118582 0.0639439
0 0.905832 0.310594 0.123791 0.105464
0 0.36232 0.370876 0.268768 0.325551
0 0.326152 0.453221 0.128161 0.113348
0 0.367668 0.178911 0.15937 0.158551
0 0.202747 0.444947 0.0975141 0.259531
0 0.26953 0.0349054 0.118582 0.0639439
0 0.905832 0.310594 0.123791 0.105464
0 0.274326 0.031357 0.11519 0.062714
0 0.763277 0.238485 0.110698 0.0759677
0 0.382209 0.395195 0.242296 0.36528
0 0.352664 0.181511 0.181712 0.186366
0 0.235296 0.332353 0.130698 0.250475
0 0.900523 0.311809 0.127444 0.111629
