0 0.82405 0.596924 0.195709 0.275337
0 0.1955 0.377286 0.152221 0.191121
0 0.343377 0.411201 0.078561 0.163841
0 0.334552 0.175155 0.111342 0.0966286
0 0.40814 0.368871 0.0504265 0.161756
0 0.500658 0.526634 0.126528 0.143418
0 0.889173 0.929136 0.183487 0.141728
0 0.37627 0.609392 0.0535509 0.19805
0 0.744658 0.281796 0.11675 0.120693
0 0.177458 0.793547 0.110284 0.311287
0 0.604149 0.827986 0.130635 0.13631
0 0.976389 0.591172 0.0465257 0.16162
0 0.506265 0.213975 0.0834238 0.125953
0 0.508674 0.397921 0.0497583 0.0911336
0 0.544901 0.525237 0.064966 0.121692
0 0.24633 0.103204 0.104269 0.0847504
0 0.105477 0.353098 0.0786329 0.164819
0 0.582748 0.294725 0.064382 0.0796045
0 0.944623 0.400168 0.0663896 0.0969052
0 0.542371 0.765863 0.0829159 0.209466
0 0.0180989 0.675062 0.0361977 0.11538
0 0.614246 0.404936 0.0515787 0.119913
0 0.0191273 0.795546 0.0348547 0.134844
0 0.177427 0.803837 0.13889 0.392327
0 0.82405 0.596924 0.195709 0.275337
0 0.1955 0.377286 0.152221 0.191121
0 0.343377 0.411201 0.078561 0.163841
0 0.334552 0.175155 0.111342 0.0966286
0 0.40814 0.368871 0.0504265 0.161756
0 0.500658 0.526634 0.126528 0.143418
0 0.889173 0.929136 0.183487 0.141728
0 0.37627 0.609392 0.0535509 0.19805
0 0.744658 0.281796 0.11675 0.120693
0 0.177458 0.793547 0.110284 0.311287
0 0.604149 0.827986 0.130635 0.13631
0 0.976389 0.591172 0.0465257 0.16162
0 0.506265 0.213975 0.0834238 0.125953
0 0.508674 0.397921 0.0497583 0.0911336
0 0.544901 0.525237 0.064966 0.121692
0 0.24633 0.103204 0.104269 0.0847504
0 0.105477 0.353098 0.0786329 0.164819
0 0.582748 0.294725 0.064382 0.0796045
0 0.944623 0.400168 0.0663896 0.0969052
0 0.542371 0.765863 0.0829159 0.209466
0 0.0180989 0.675062 0.0361977 0.11538
0 0.614246 0.404936 0.0515787 0.119913
0 0.0191273 0.795546 0.0348547 0.134844
0 0.177427 0.803837 0.13889 0.392327
0 0.200268 0.385227 0.15294 0.198991
0 0.820706 0.601561 0.198175 0.262797
0 0.334559 0.175648 0.108208 0.086476
0 0.744516 0.284988 0.121136 0.121023
0 0.885227 0.918905 0.187303 0.16219
0 0.488934 0.524644 0.105504 0.138475
0 0.506742 0.216342 0.088397 0.122276
0 0.34234 0.410533 0.0701707 0.154913
0 0.169649 0.783864 0.118738 0.294498
0 0.247313 0.105792 0.108535 0.0922524
0 0.614553 0.82357 0.125686 0.134468
0 0.551207 0.52603 0.0659626 0.0979963
0 0.412256 0.366785 0.0574673 0.15497
0 0.50969 0.395909 0.0521752 0.0784036
0 0.973237 0.595415 0.0535259 0.157984
0 0.565402 0.604379 0.075746 0.0977367
0 0.0378216 0.128386 0.0756432 0.108006
0 0.584845 0.298952 0.0607942 0.0646379
0 0.485862 0.585225 0.065631 0.0442082
0 0.3783 0.599978 0.0448782 0.18639
0 0.943504 0.40049 0.0692276 0.0800791
