0 0.711188 0.770957 0.196881 0.406483
0 0.350877 0.520538 0.127011 0.186138
0 0.286814 0.245204 0.167563 0.124505
0 0.0577338 0.23824 0.115468 0.123134
0 0.905031 0.886981 0.114416 0.226038
0 0.250318 0.73179 0.288278 0.317809
0 0.616674 0.956137 0.16152 0.0877251
0 0.710264 0.488947 0.0949383 0.179996
0 0.428099 0.182747 0.137495 0.160629
0 0.272016 0.713855 0.225661 0.256779
0 0.973749 0.483578 0.0488625 0.178465
0 0.651233 0.273233 0.10619 0.100612
0 0.276513 0.460144 0.0428696 0.13378
0 0.137574 0.283109 0.078818 0.12509
0 0.519634 0.134537 0.128675 0.131168
0 0.711188 0.770957 0.196881 0.406483
0 0.350877 0.520538 0.127011 0.186138
0 0.286814 0.245204 0.167563 0.124505
0 0.0577338 0.23824 0.115468 0.123134
0 0.905031 0.886981 0.114416 0.226038
0 0.250318 0.73179 0.288278 0.317809
0 0.616674 0.956137 0.16152 0.0877251
0 0.710264 0.488947 0.0949383 0.179996
0 0.428099 0.182747 0.137495 0.160629
0 0.272016 0.713855 0.225661 0.256779
0 0.973749 0.483578 0.0488625 0.178465
0 0.651233 0.273233 0.10619 0.100612
0 0.276513 0.460144 0.0428696 0.13378
0 0.137574 0.283109 0.078818 0.12509
0 0.519634 0.134537 0.128675 0.131168
0 0.0631295 0.239584 0.126259 0.126927
0 0.290057 0.242391 0.162825 0.125788
0 0.899296 0.883736 0.147872 0.232528
0 0.256845 0.721426 0.292807 0.352997
0 0.720232 0.505 0.113407 0.232998
0 0.703641 0.765047 0.209397 0.382037
0 0.652345 0.283975 0.128027 0.11246
0 0.554551 0.774515 0.106294 0.337557
0 0.413859 0.181794 0.138095 0.154006
0 0.350228 0.530006 0.135063 0.231083
0 0.276274 0.462113 0.0470636 0.145892
0 0.505336 0.449208 0.0490459 0.12231
0 0.520604 0.121474 0.124183 0.10123
0 0.974836 0.481379 0.0503288 0.162679
0 0.618527 0.954194 0.11988 0.0916112
0 0.138551 0.284503 0.0813194 0.128729
