0 0.389686 0.847766 0.0842199 0.304468
0 0.582317 0.864904 0.0980146 0.270191
0 0.219658 0.542633 0.163825 0.263744
0 0.11721 0.30155 0.129342 0.122453
0 0.657306 0.813407 0.114186 0.249694
0 0.499216 0.586585 0.0879491 0.152896
0 0.106428 0.512992 0.0717659 0.176802
0 0.583031 0.446637 0.0901447 0.144534
0 0.933922 0.899019 0.0975634 0.201961
0 0.94065 0.814867 0.1187 0.180559
0 0.682796 0.655219 0.0867338 0.222754
0 0.15413 0.19899 0.0625287 0.15362
0 0.0686553 0.105731 0.0781341 0.171198
0 0.773213 0.640545 0.13519 0.139008
0 0.0286537 0.733067 0.0544443 0.193305
0 0.239572 0.145795 0.0726412 0.117074
0 0.511619 0.460047 0.103104 0.1276
0 0.442431 0.629191 0.0813229 0.220153
0 0.377756 0.2371 0.0930677 0.120629
0 0.877781 0.476799 0.0782444 0.0970674
0 0.242832 0.262767 0.0474001 0.0925054
0 0.2925 0.32818 0.0681551 0.13169
0 0.300038 0.347441 0.0610454 0.159091
0 0.204318 0.38452 0.0634002 0.103449
0 0.389686 0.847766 0.0842199 0.304468
0 0.582317 0.864904 0.0980146 0.270191
0 0.219658 0.542633 0.163825 0.263744
0 0.11721 0.30155 0.129342 0.122453
0 0.657306 0.813407 0.114186 0.249694
0 0.499216 0.586585 0.0879491 0.152896
0 0.106428 0.512992 0.0717659 0.176802
0 0.583031 0.446637 0.0901447 0.144534
0 0.933922 0.899019 0.0975634 0.201961
0 0.94065 0.814867 0.1187 0.180559
0 0.682796 0.655219 0.0867338 0.222754
0 0.15413 0.19899 0.0625287 0.15362
0 0.0686553 0.105731 0.0781341 0.171198
0 0.773213 0.640545 0.13519 0.139008
0 0.0286537 0.733067 0.0544443 0.193305
0 0.239572 0.145795 0.0726412 0.117074
0 0.511619 0.460047 0.103104 0.1276
0 0.442431 0.629191 0.0813229 0.220153
0 0.377756 0.2371 0.0930677 0.120629
0 0.877781 0.476799 0.0782444 0.0970674
0 0.242832 0.262767 0.0474001 0.0925054
0 0.2925 0.32818 0.0681551 0.13169
0 0.300038 0.347441 0.0610454 0.159091
0 0.204318 0.38452 0.0634002 0.103449
0 0.12087 0.312111 0.15074 0.125686
0 0.499026 0.581466 0.0861435 0.142075
0 0.221219 0.551268 0.156035 0.254235
0 0.66229 0.808643 0.12884 0.218484
0 0.340111 0.169577 0.0899352 0.0791617
0 0.445746 0.64274 0.0834984 0.201337
0 0.288772 0.507047 0.0844094 0.0945477
0 0.105035 0.512925 0.0687856 0.175965
0 0.391114 0.852883 0.079146 0.281808
0 0.764371 0.636956 0.11749 0.127487
0 0.578876 0.453082 0.0871817 0.117502
0 0.0677841 0.120094 0.101416 0.213428
0 0.579348 0.855711 0.104407 0.288579
0 0.947998 0.813388 0.0975353 0.153311
0 0.926895 0.890843 0.129327 0.218314
0 0.687349 0.630978 0.109446 0.218933
0 0.244725 0.264864 0.0722898 0.0862102
0 0.511797 0.456021 0.120234 0.137809
0 0.376015 0.246112 0.0999721 0.119286
0 0.879424 0.478232 0.0774385 0.0838165
0 0.30646 0.38112 0.0963722 0.256618
0 0.973623 0.658875 0.0527533 0.0988505
