0 0.928915 0.733554 0.134097 0.21846
0 0.767303 0.683748 0.189081 0.270867
0 0.266187 0.778463 0.0755026 0.252415
0 0.7018 0.381302 0.156085 0.176767
0 0.343177 0.515051 0.0966328 0.179465
0 0.437924 0.908933 0.102478 0.182135
0 0.479121 0.309623 0.134175 0.166068
0 0.218693 0.481122 0.0520413 0.145597
0 0.128874 0.902826 0.109444 0.194347
0 0.500869 0.836037 0.104403 0.129826
0 0.127431 0.33842 0.0994067 0.0808462
0 0.474489 0.626817 0.114224 0.150453
0 0.253296 0.521715 0.0631461 0.149745
0 0.973361 0.574376 0.0532787 0.130099
0 0.0818202 0.530118 0.0668068 0.232519
0 0.453154 0.473047 0.0565126 0.0990765
0 0.276134 0.337212 0.0539123 0.129153
0 0.578272 0.856385 0.0716841 0.159024
0 0.928915 0.733554 0.134097 0.21846
0 0.767303 0.683748 0.189081 0.270867
0 0.266187 0.778463 0.0755026 0.252415
0 0.7018 0.381302 0.156085 0.176767
0 0.343177 0.515051 0.0966328 0.179465
0 0.437924 0.908933 0.102478 0.182135
0 0.479121 0.309623 0.134175 0.166068
0 0.218693 0.481122 0.0520413 0.145597
0 0.128874 0.902826 0.109444 0.194347
0 0.500869 0.836037 0.104403 0.129826
0 0.127431 0.33842 0.0994067 0.0808462
0 0.474489 0.626817 0.114224 0.150453
0 0.253296 0.521715 0.0631461 0.149745
0 0.973361 0.574376 0.0532787 0.130099
0 0.0818202 0.530118 0.0668068 0.232519
0 0.453154 0.473047 0.0565126 0.0990765
0 0.276134 0.337212 0.0539123 0.129153
0 0.578272 0.856385 0.0716841 0.159024
0 0.482216 0.619302 0.121671 0.140656
0 0.0535644 0.0930262 0.107129 0.130071
0 0.505664 0.841418 0.124883 0.131112
0 0.479661 0.310127 0.143764 0.151811
0 0.929754 0.736609 0.135595 0.234138
0 0.703382 0.380256 0.157729 0.182782
0 0.767601 0.695442 0.213287 0.275111
0 0.30475 0.465416 0.0495844 0.0847644
0 0.254644 0.520221 0.0659013 0.145712
0 0.354375 0.514301 0.0772703 0.167444
0 0.0668553 0.39286 0.0554962 0.10584
0 0.455457 0.47447 0.0552216 0.0913113
0 0.268211 0.773562 0.0742131 0.249247
0 0.740398 0.942459 0.0978579 0.115081
0 0.125906 0.895448 0.121262 0.209104
0 0.0944712 0.529888 0.079023 0.242837
0 0.439196 0.919617 0.0849297 0.160767
0 0.120406 0.34022 0.0987721 0.0822072
0 0.278946 0.330229 0.0624197 0.118001
0 0.222677 0.470403 0.0611098 0.136694
0 0.971651 0.566066 0.0566986 0.0814367
