0 0.919891 0.726217 0.15186 0.182274
0 0.0891137 0.478284 0.178227 0.171251
0 0.297436 0.413473 0.131458 0.107526
0 0.331298 0.581342 0.132077 0.109957
0 0.450314 0.269593 0.128318 0.116856
0 0.0950437 0.884902 0.189748 0.230196
0 0.537577 0.715539 0.0979851 0.106438
0 0.903205 0.541071 0.128308 0.148444
0 0.580074 0.43547 0.094814 0.118425
0 0.919891 0.726217 0.15186 0.182274
0 0.0891137 0.478284 0.178227 0.171251
0 0.297436 0.413473 0.131458 0.107526
0 0.331298 0.581342 0.132077 0.109957
0 0.450314 0.269593 0.128318 0.116856
0 0.0950437 0.884902 0.189748 0.230196
0 0.537577 0.715539 0.0979851 0.106438
0 0.903205 0.541071 0.128308 0.148444
0 0.580074 0.43547 0.094814 0.118425
0 0.297312 0.415703 0.134325 0.103765
0 0.322963 0.581095 0.124505 0.103972
0 0.106482 0.484838 0.212964 0.178889
0 0.923535 0.732394 0.140059 0.143003
0 0.901139 0.535475 0.141047 0.142539
0 0.591885 0.436626 0.0803122 0.107896
