0 0.27602 0.307434 0.15314 0.167719
0 0.624276 0.710748 0.162076 0.240515
0 0.52478 0.344952 0.114647 0.107493
0 0.154078 0.142859 0.090901 0.0674018
0 0.07578 0.778482 0.15156 0.265031
0 0.366424 0.930327 0.172628 0.126176
0 0.629503 0.43064 0.0828719 0.117856
0 0.246615 0.491303 0.0951738 0.0958037
0 0.34313 0.284025 0.0992293 0.0820792
0 0.0722001 0.199528 0.123347 0.094935
0 0.689019 0.298274 0.0891396 0.0856514
0 0.0221855 0.327692 0.0402751 0.102432
0 0.27602 0.307434 0.15314 0.167719
0 0.624276 0.710748 0.162076 0.240515
0 0.52478 0.344952 0.114647 0.107493
0 0.154078 0.142859 0.090901 0.0674018
0 0.07578 0.778482 0.15156 0.265031
0 0.366424 0.930327 0.172628 0.126176
0 0.629503 0.43064 0.0828719 0.117856
0 0.246615 0.491303 0.0951738 0.0958037
0 0.34313 0.284025 0.0992293 0.0820792
0 0.0722001 0.199528 0.123347 0.094935
0 0.689019 0.298274 0.0891396 0.0856514
0 0.0221855 0.327692 0.0402751 0.102432
0 0.628672 0.728189 0.169359 0.233285
0 0.14706 0.145874 0.102788 0.068745
0 0.0725879 0.786334 0.145176 0.263463
0 0.522812 0.344244 0.105436 0.102891
0 0.0661006 0.193982 0.113166 0.0878187
0 0.270386 0.307322 0.169546 0.180658
0 0.359331 0.934259 0.152159 0.131482
0 0.685999 0.301666 0.0934973 0.0925901
0 0.851457 0.493534 0.0967178 0.0962726
0 0.349973 0.917164 0.169589 0.165672
