0 0.719714 0.569061 0.153542 0.151964
0 0.484644 0.277347 0.126645 0.117533
0 0.794693 0.233359 0.145983 0.114424
0 0.236532 0.467347 0.183738 0.126314
0 0.395524 0.852526 0.172556 0.294947
0 0.32479 0.226302 0.0487514 0.137982
0 0.87597 0.498386 0.0969202 0.17549
0 0.856635 0.213351 0.0975857 0.0976968
0 0.97852 0.650036 0.0429604 0.150759
0 0.0835443 0.144026 0.159386 0.117756
0 0.565033 0.111311 0.089708 0.0650313
0 0.439404 0.18477 0.0884022 0.0985854
0 0.719714 0.569061 0.153542 0.151964
0 0.484644 0.277347 0.126645 0.117533
0 0.794693 0.233359 0.145983 0.114424
0 0.236532 0.467347 0.183738 0.126314
0 0.395524 0.852526 0.172556 0.294947
0 0.32479 0.226302 0.0487514 0.137982
0 0.87597 0.498386 0.0969202 0.17549
0 0.856635 0.213351 0.0975857 0.0976968
0 0.97852 0.650036 0.0429604 0.150759
0 0.0835443 0.144026 0.159386 0.117756
0 0.565033 0.111311 0.089708 0.0650313
0 0.439404 0.18477 0.0884022 0.0985854
0 0.791467 0.233109 0.164972 0.107022
0 0.481485 0.282202 0.131258 0.118958
0 0.39085 0.861799 0.129869 0.265698
0 0.112787 0.158143 0.210365 0.141149
0 0.716724 0.573451 0.151061 0.138313
0 0.561722 0.109109 0.100822 0.0682353
0 0.225633 0.46719 0.197814 0.128313
0 0.868824 0.484941 0.0877836 0.139599
0 0.325545 0.220548 0.0663733 0.14194
0 0.227852 0.210968 0.0878787 0.117616
0 0.0912992 0.148886 0.182598 0.122678
0 0.858502 0.213286 0.0981295 0.0774144
0 0.18518 0.117424 0.0593149 0.0670079
0 0.127194 0.923405 0.234516 0.15319
