0 0.73198 0.305573 0.166917 0.12578
0 0.740006 0.564854 0.320386 0.266644
0 0.480763 0.260422 0.344832 0.322895
0 0.933781 0.412897 0.132438 0.128159
0 0.0844192 0.652177 0.168838 0.201947
0 0.844625 0.349133 0.114694 0.108447
0 0.636183 0.24189 0.0946978 0.0794144
0 0.854924 0.624992 0.101744 0.142777
0 0.514465 0.0583898 0.113111 0.0752086
0 0.73198 0.305573 0.166917 0.12578
0 0.740006 0.564854 0.320386 0.266644
0 0.480763 0.260422 0.344832 0.322895
0 0.933781 0.412897 0.132438 0.128159
0 0.0844192 0.652177 0.168838 0.201947
0 0.844625 0.349133 0.114694 0.108447
0 0.636183 0.24189 0.0946978 0.0794144
0 0.854924 0.624992 0.101744 0.142777
0 0.514465 0.0583898 0.113111 0.0752086
0 0.724751 0.310929 0.154771 0.139786
0 0.924836 0.427736 0.150328 0.161668
0 0.476375 0.265534 0.325557 0.309079
0 0.733723 0.57486 0.356645 0.298194
0 0.636725 0.240294 0.0969316 0.0765435
0 0.697487 0.19438 0.0998861 0.0720615
0 0.837625 0.36297 0.119357 0.117813
0 0.96263 0.680365 0.0708313 0.226706
