0 0.40304 0.854475 0.115863 0.29105
0 0.076003 0.519196 0.152006 0.253576
0 0.759237 0.77193 0.165889 0.269808
0 0.953568 0.624158 0.0928651 0.273316
0 0.648538 0.945446 0.135797 0.105035
0 0.358117 0.474502 0.0811395 0.22776
0 0.501926 0.598805 0.079527 0.197587
0 0.227732 0.248307 0.103023 0.0950784
0 0.263928 0.075696 0.155173 0.149548
0 0.40304 0.854475 0.115863 0.29105
0 0.076003 0.519196 0.152006 0.253576
0 0.759237 0.77193 0.165889 0.269808
0 0.953568 0.624158 0.0928651 0.273316
0 0.648538 0.945446 0.135797 0.105035
0 0.358117 0.474502 0.0811395 0.22776
0 0.501926 0.598805 0.079527 0.197587
0 0.227732 0.248307 0.103023 0.0950784
0 0.263928 0.075696 0.155173 0.149548
0 0.76103 0.778873 0.162805 0.258347
0 0.0748532 0.515862 0.149706 0.221814
0 0.652946 0.939232 0.134234 0.114614
0 0.947852 0.614347 0.103041 0.253253
0 0.398422 0.860368 0.117064 0.279119
0 0.230415 0.248378 0.106234 0.0988517
0 0.502261 0.598398 0.0646177 0.179107
0 0.13296 0.0457365 0.102177 0.0761131
0 0.222046 0.155085 0.091665 0.0724211
0 0.258177 0.477446 0.0455168 0.0475394
