0 0.120659 0.139442 0.238254 0.278884
0 0.609002 0.759542 0.135017 0.28856
0 0.671787 0.590769 0.130091 0.212027
0 0.908368 0.320651 0.125364 0.108752
0 0.886739 0.837611 0.103567 0.257688
0 0.338441 0.424306 0.0468004 0.140828
0 0.790726 0.416831 0.0788296 0.0980201
0 0.120659 0.139442 0.238254 0.278884
0 0.609002 0.759542 0.135017 0.28856
0 0.671787 0.590769 0.130091 0.212027
0 0.908368 0.320651 0.125364 0.108752
0 0.886739 0.837611 0.103567 0.257688
0 0.338441 0.424306 0.0468004 0.140828
0 0.790726 0.416831 0.0788296 0.0980201
0 0.126266 0.146527 0.239681 0.293054
0 0.672014 0.590024 0.132015 0.193853
0 0.908491 0.324558 0.125694 0.106748
0 0.610435 0.758892 0.143115 0.27168
0 0.884733 0.83994 0.110661 0.26143
0 0.792335 0.419624 0.0863396 0.0996896
0 0.340373 0.422233 0.0581891 0.150017
0 0.387887 0.174061 0.0653704 0.0949545
