0 0.507072 0.797277 0.226013 0.355524
0 0.236573 0.56778 0.147516 0.153928
0 0.667116 0.64218 0.0972754 0.201595
0 0.550181 0.724447 0.158058 0.228035
0 0.584315 0.630244 0.128906 0.205883
0 0.680945 0.863541 0.126042 0.211282
0 0.715401 0.35127 0.0919661 0.0738887
0 0.532369 0.743068 0.189014 0.381392
0 0.634041 0.315674 0.0521956 0.176908
0 0.269799 0.371285 0.227176 0.155162
0 0.186834 0.680793 0.276783 0.192982
0 0.28571 0.193854 0.0924565 0.0857576
0 0.919827 0.386315 0.0566212 0.161063
0 0.580221 0.348885 0.0492572 0.107979
0 0.777186 0.424078 0.0954483 0.12357
0 0.33576 0.514586 0.0825119 0.173678
0 0.929637 0.915243 0.0947983 0.169513
0 0.952446 0.607836 0.0951075 0.30176
0 0.736515 0.675768 0.103636 0.16291
0 0.119833 0.217932 0.131061 0.0897252
0 0.685024 0.233925 0.087367 0.112154
0 0.507072 0.797277 0.226013 0.355524
0 0.236573 0.56778 0.147516 0.153928
0 0.667116 0.64218 0.0972754 0.201595
0 0.550181 0.724447 0.158058 0.228035
0 0.584315 0.630244 0.128906 0.205883
0 0.680945 0.863541 0.126042 0.211282
0 0.715401 0.35127 0.0919661 0.0738887
0 0.532369 0.743068 0.189014 0.381392
0 0.634041 0.315674 0.0521956 0.176908
0 0.269799 0.371285 0.227176 0.155162
0 0.186834 0.680793 0.276783 0.192982
0 0.28571 0.193854 0.0924565 0.0857576
0 0.919827 0.386315 0.0566212 0.161063
0 0.580221 0.348885 0.0492572 0.107979
0 0.777186 0.424078 0.0954483 0.12357
0 0.33576 0.514586 0.0825119 0.173678
0 0.929637 0.915243 0.0947983 0.169513
0 0.952446 0.607836 0.0951075 0.30176
0 0.736515 0.675768 0.103636 0.16291
0 0.119833 0.217932 0.131061 0.0897252
0 0.685024 0.233925 0.087367 0.112154
0 0.549746 0.721444 0.164066 0.226641
0 0.775683 0.422576 0.106187 0.137207
0 0.504666 0.810988 0.208553 0.275075
0 0.225307 0.575308 0.156459 0.200138
0 0.286575 0.361956 0.181222 0.151566
0 0.584734 0.630721 0.127185 0.190281
0 0.691594 0.846276 0.157 0.224563
0 0.733814 0.677626 0.113542 0.176932
0 0.715908 0.352411 0.0889777 0.0574803
0 0.1123 0.218117 0.110939 0.0787417
0 0.349947 0.478887 0.10596 0.108962
0 0.141887 0.309626 0.0953291 0.097032
0 0.653358 0.61999 0.0626791 0.14603
0 0.416924 0.483058 0.0415123 0.132284
0 0.179192 0.698782 0.259505 0.242953
0 0.282885 0.195592 0.0744302 0.0777787
0 0.835108 0.331764 0.0811485 0.0888077
