0 0.492652 0.283278 0.140732 0.148061
0 0.289894 0.664414 0.159093 0.15932
0 0.0495299 0.0477927 0.0967854 0.0904906
0 0.282105 0.332776 0.139339 0.200846
0 0.196748 0.720002 0.214439 0.160683
0 0.816012 0.807789 0.334536 0.329475
0 0.75761 0.437862 0.0807367 0.173041
0 0.67301 0.126197 0.0913387 0.0699312
0 0.221901 0.105223 0.125679 0.118253
0 0.828606 0.442454 0.0759224 0.128791
0 0.0493771 0.183516 0.0653118 0.0972803
0 0.229269 0.421146 0.0378058 0.136497
0 0.0422615 0.192535 0.072026 0.119766
0 0.492652 0.283278 0.140732 0.148061
0 0.289894 0.664414 0.159093 0.15932
0 0.0495299 0.0477927 0.0967854 0.0904906
0 0.282105 0.332776 0.139339 0.200846
0 0.196748 0.720002 0.214439 0.160683
0 0.816012 0.807789 0.334536 0.329475
0 0.75761 0.437862 0.0807367 0.173041
0 0.67301 0.126197 0.0913387 0.0699312
0 0.221901 0.105223 0.125679 0.118253
0 0.828606 0.442454 0.0759224 0.128791
0 0.0493771 0.183516 0.0653118 0.0972803
0 0.229269 0.421146 0.0378058 0.136497
0 0.0422615 0.192535 0.072026 0.119766
0 0.225007 0.107427 0.123342 0.129064
0 0.289856 0.660962 0.160886 0.164984
0 0.49062 0.283362 0.147296 0.151463
0 0.202032 0.728517 0.224285 0.179671
0 0.820174 0.802791 0.359653 0.352774
0 0.671136 0.12458 0.0985001 0.0639779
0 0.828898 0.444644 0.0784 0.120778
0 0.497827 0.0508684 0.104094 0.0789913
0 0.765634 0.433857 0.0852968 0.172965
0 0.0486536 0.0504315 0.093458 0.0898201
0 0.28788 0.31748 0.130815 0.225561
0 0.0288539 0.203593 0.0563732 0.101276
0 0.236779 0.408527 0.0579394 0.133635
