0 0.160753 0.19016 0.321505 0.301196
0 0.324648 0.0746231 0.163845 0.149246
0 0.559442 0.492132 0.201066 0.156981
0 0.104654 0.974405 0.199939 0.0511902
0 0.160753 0.19016 0.321505 0.301196
0 0.324648 0.0746231 0.163845 0.149246
0 0.559442 0.492132 0.201066 0.156981
0 0.104654 0.974405 0.199939 0.0511902
0 0.560662 0.502061 0.177043 0.146808
0 0.167778 0.215867 0.335556 0.315808
0 0.326058 0.074662 0.159325 0.149324
0 0.950372 0.184111 0.0992556 0.0897293
0 0.818495 0.260564 0.0798596 0.0750701
