0 0.0951827 0.752849 0.183076 0.255587
0 0.838602 0.710974 0.100409 0.147283
0 0.202509 0.966265 0.194498 0.0674696
0 0.521499 0.676283 0.0676786 0.143048
0 0.9729 0.531082 0.0541995 0.0970935
0 0.170876 0.0969372 0.105561 0.081058
0 0.47308 0.581167 0.0401788 0.130281
0 0.753038 0.739043 0.0831519 0.12951
0 0.311411 0.309122 0.101924 0.100271
0 0.542623 0.460713 0.249095 0.164111
0 0.0951827 0.752849 0.183076 0.255587
0 0.838602 0.710974 0.100409 0.147283
0 0.202509 0.966265 0.194498 0.0674696
0 0.521499 0.676283 0.0676786 0.143048
0 0.9729 0.531082 0.0541995 0.0970935
0 0.170876 0.0969372 0.105561 0.081058
0 0.47308 0.581167 0.0401788 0.130281
0 0.753038 0.739043 0.0831519 0.12951
0 0.311411 0.309122 0.101924 0.100271
0 0.542623 0.460713 0.249095 0.164111
0 0.837336 0.705516 0.0920844 0.140957
0 0.0929174 0.761166 0.185835 0.224453
0 0.521103 0.689777 0.0651607 0.175196
0 0.310427 0.31258 0.102568 0.102644
0 0.474137 0.585828 0.0497125 0.146715
0 0.169176 0.0990479 0.105024 0.0704826
0 0.384499 0.914802 0.0587393 0.0709693
0 0.506419 0.43744 0.102196 0.0775487
0 0.473134 0.290931 0.0639282 0.0524016
