0 0.325663 0.0796234 0.173034 0.159247
0 0.426996 0.441019 0.173891 0.143537
0 0.260299 0.242197 0.32997 0.336372
0 0.277149 0.250607 0.403504 0.4199
0 0.920922 0.236992 0.112428 0.0899597
0 0.166128 0.280068 0.084389 0.114361
0 0.325663 0.0796234 0.173034 0.159247
0 0.426996 0.441019 0.173891 0.143537
0 0.260299 0.242197 0.32997 0.336372
0 0.277149 0.250607 0.403504 0.4199
0 0.920922 0.236992 0.112428 0.0899597
0 0.166128 0.280068 0.084389 0.114361
0 0.416005 0.443313 0.164726 0.129182
0 0.278256 0.239411 0.267355 0.34378
0 0.319193 0.0776002 0.157038 0.1552
0 0.919704 0.239739 0.104207 0.0910483
0 0.163411 0.273182 0.0978971 0.140446
0 0.776541 0.199035 0.107844 0.0682731
0 0.573069 0.0776681 0.0863239 0.0720539
0 0.188451 0.826234 0.0542628 0.0514547
0 0.798315 0.0578296 0.106401 0.0728834
