0 0.42978 0.645438 0.117997 0.0998742
0 0.0770808 0.88914 0.151298 0.208949
0 0.377395 0.793409 0.192601 0.157255
0 0.324282 0.46865 0.167479 0.118836
0 0.83455 0.641928 0.0661861 0.0895491
0 0.24362 0.826098 0.0912766 0.0884447
0 0.671606 0.78844 0.124883 0.12083
0 0.868576 0.760382 0.100098 0.15132
0 0.940374 0.766877 0.0664211 0.164384
0 0.251192 0.157039 0.11739 0.0849523
0 0.816321 0.541379 0.0816369 0.092598
0 0.451605 0.152828 0.100711 0.105824
0 0.42978 0.645438 0.117997 0.0998742
0 0.0770808 0.88914 0.151298 0.208949
0 0.377395 0.793409 0.192601 0.157255
0 0.324282 0.46865 0.167479 0.118836
0 0.83455 0.641928 0.0661861 0.0895491
0 0.24362 0.826098 0.0912766 0.0884447
0 0.671606 0.78844 0.124883 0.12083
0 0.868576 0.760382 0.100098 0.15132
0 0.940374 0.766877 0.0664211 0.164384
0 0.251192 0.157039 0.11739 0.0849523
0 0.816321 0.541379 0.0816369 0.092598
0 0.451605 0.152828 0.100711 0.105824
0 0.332058 0.47485 0.154196 0.116392
0 0.427265 0.642397 0.113432 0.0977695
0 0.0788349 0.887253 0.15767 0.190275
0 0.871548 0.755365 0.103982 0.145661
0 0.818727 0.543976 0.0710222 0.075083
0 0.364713 0.789612 0.211721 0.153117
0 0.379175 0.336532 0.093772 0.0769689
0 0.835531 0.643359 0.0679356 0.0899511
0 0.455916 0.157992 0.0977356 0.102325
