0 0.348893 0.424295 0.223527 0.294913
0 0.52495 0.509207 0.193864 0.317359
0 0.0576563 0.886984 0.109508 0.226032
0 0.52931 0.718606 0.160809 0.122439
0 0.200131 0.618955 0.136209 0.262433
0 0.851489 0.735465 0.233925 0.295078
0 0.496164 0.869571 0.336713 0.260857
0 0.411618 0.273537 0.108373 0.130385
0 0.221725 0.386485 0.0852323 0.213158
0 0.516267 0.863953 0.261331 0.2169
0 0.181188 0.0717823 0.0982586 0.143565
0 0.348893 0.424295 0.223527 0.294913
0 0.52495 0.509207 0.193864 0.317359
0 0.0576563 0.886984 0.109508 0.226032
0 0.52931 0.718606 0.160809 0.122439
0 0.200131 0.618955 0.136209 0.262433
0 0.851489 0.735465 0.233925 0.295078
0 0.496164 0.869571 0.336713 0.260857
0 0.411618 0.273537 0.108373 0.130385
0 0.221725 0.386485 0.0852323 0.213158
0 0.516267 0.863953 0.261331 0.2169
0 0.181188 0.0717823 0.0982586 0.143565
0 0.529407 0.72559 0.163656 0.133688
0 0.513954 0.510992 0.225229 0.318586
0 0.357515 0.435316 0.210688 0.281408
0 0.40902 0.27191 0.103817 0.128029
0 0.75126 0.528037 0.110862 0.13538
0 0.535229 0.854337 0.229762 0.203664
0 0.0349982 0.556739 0.0699963 0.28464
0 0.311605 0.938462 0.171192 0.120366
0 0.095149 0.12928 0.0760812 0.107097
0 0.211822 0.367011 0.106803 0.247875
0 0.49748 0.859034 0.290665 0.241121
0 0.82526 0.675529 0.163208 0.148544
0 0.191452 0.620519 0.191963 0.287755
0 0.168072 0.0679701 0.0811326 0.133132
