0 0.534096 0.394026 0.138731 0.145884
0 0.351339 0.293629 0.135758 0.105222
0 0.84912 0.886328 0.232245 0.206537
0 0.102165 0.06146 0.172511 0.111005
0 0.898049 0.543703 0.162846 0.118106
0 0.682354 0.47418 0.12005 0.210998
0 0.364338 0.152005 0.0958146 0.0771861
0 0.470369 0.0952357 0.103394 0.0815538
0 0.945668 0.324558 0.0993288 0.160186
0 0.187562 0.283659 0.0782689 0.0649368
0 0.515782 0.208117 0.0818066 0.0689292
0 0.534096 0.394026 0.138731 0.145884
0 0.351339 0.293629 0.135758 0.105222
0 0.84912 0.886328 0.232245 0.206537
0 0.102165 0.06146 0.172511 0.111005
0 0.898049 0.543703 0.162846 0.118106
0 0.682354 0.47418 0.12005 0.210998
0 0.364338 0.152005 0.0958146 0.0771861
0 0.470369 0.0952357 0.103394 0.0815538
0 0.945668 0.324558 0.0993288 0.160186
0 0.187562 0.283659 0.0782689 0.0649368
0 0.515782 0.208117 0.0818066 0.0689292
0 0.349128 0.294191 0.134537 0.109092
0 0.529918 0.396011 0.130558 0.144577
0 0.0972711 0.0626971 0.191203 0.115173
0 0.684054 0.475272 0.125815 0.208737
0 0.899501 0.546524 0.179659 0.132904
0 0.945713 0.319573 0.10591 0.184944
0 0.365258 0.150248 0.0939297 0.067197
0 0.465666 0.100162 0.09333 0.0782002
0 0.522799 0.20536 0.0791775 0.0582429
0 0.0826773 0.0667656 0.165355 0.0933269
0 0.840738 0.886976 0.22969 0.216927
