0 0.376296 0.495953 0.180946 0.295513
0 0.54624 0.828403 0.187269 0.201115
0 0.324042 0.844046 0.220978 0.311908
0 0.567271 0.578554 0.0951712 0.196372
0 0.180119 0.455876 0.0882716 0.186084
0 0.230977 0.188745 0.127245 0.113367
0 0.731668 0.589424 0.114346 0.171476
0 0.0424376 0.311164 0.0848753 0.164175
0 0.696403 0.708808 0.132941 0.163546
0 0.501204 0.601652 0.0944408 0.207
0 0.93828 0.868344 0.0982114 0.211229
0 0.947371 0.665953 0.0970029 0.148065
0 0.351017 0.313513 0.0972262 0.1618
0 0.376296 0.495953 0.180946 0.295513
0 0.54624 0.828403 0.187269 0.201115
0 0.324042 0.844046 0.220978 0.311908
0 0.567271 0.578554 0.0951712 0.196372
0 0.180119 0.455876 0.0882716 0.186084
0 0.230977 0.188745 0.127245 0.113367
0 0.731668 0.589424 0.114346 0.171476
0 0.0424376 0.311164 0.0848753 0.164175
0 0.696403 0.708808 0.132941 0.163546
0 0.501204 0.601652 0.0944408 0.207
0 0.93828 0.868344 0.0982114 0.211229
0 0.947371 0.665953 0.0970029 0.148065
0 0.351017 0.313513 0.0972262 0.1618
0 0.566732 0.574335 0.0878075 0.178629
0 0.378065 0.506834 0.165963 0.302072
0 0.340316 0.838276 0.206066 0.312308
0 0.720503 0.579872 0.124557 0.136207
0 0.510282 0.618185 0.107246 0.22911
0 0.0339736 0.162539 0.0679471 0.101854
0 0.172147 0.453244 0.0802758 0.165102
0 0.232355 0.188145 0.121651 0.109866
0 0.955203 0.671227 0.08661 0.144847
0 0.542211 0.835133 0.204105 0.2325
0 0.908084 0.435294 0.0717865 0.0822025
0 0.928987 0.832539 0.139522 0.286507
0 0.0425143 0.297766 0.0832778 0.158718
0 0.69012 0.718013 0.125882 0.160483
0 0.358882 0.332094 0.0959836 0.188277
0 0.777595 0.516212 0.0947806 0.105073
