0 0.167694 0.134236 0.194122 0.184431
0 0.498957 0.311813 0.165649 0.249468
0 0.645192 0.0634552 0.132287 0.119069
0 0.839404 0.396987 0.0563084 0.150807
0 0.926194 0.830151 0.145045 0.339699
0 0.409557 0.480572 0.0884719 0.1106
0 0.542603 0.142863 0.0972597 0.071749
0 0.313422 0.36762 0.322629 0.298595
0 0.369094 0.0735779 0.103414 0.0944702
0 0.0363202 0.198897 0.0726404 0.0917447
0 0.754668 0.228981 0.101502 0.0679837
0 0.273069 0.942932 0.09909 0.104951
0 0.944795 0.859778 0.110136 0.280445
0 0.173401 0.891265 0.0884389 0.131419
0 0.0513188 0.902273 0.0906577 0.149074
0 0.167694 0.134236 0.194122 0.184431
0 0.498957 0.311813 0.165649 0.249468
0 0.645192 0.0634552 0.132287 0.119069
0 0.839404 0.396987 0.0563084 0.150807
0 0.926194 0.830151 0.145045 0.339699
0 0.409557 0.480572 0.0884719 0.1106
0 0.542603 0.142863 0.0972597 0.071749
0 0.313422 0.36762 0.322629 0.298595
0 0.369094 0.0735779 0.103414 0.0944702
0 0.0363202 0.198897 0.0726404 0.0917447
0 0.754668 0.228981 0.101502 0.0679837
0 0.273069 0.942932 0.09909 0.104951
0 0.944795 0.859778 0.110136 0.280445
0 0.173401 0.891265 0.0884389 0.131419
0 0.0513188 0.902273 0.0906577 0.149074
0 0.167345 0.131218 0.187313 0.188635
0 0.75599 0.230327 0.0963219 0.0632017
0 0.502749 0.323907 0.149146 0.274312
0 0.648062 0.0650085 0.141968 0.124467
0 0.838935 0.279125 0.0808338 0.0661128
0 0.54248 0.1435 0.0969744 0.06592
0 0.390627 0.345453 0.143348 0.206
0 0.320419 0.36084 0.329118 0.299027
0 0.163113 0.664217 0.0409467 0.0481413
