0 0.308378 0.283169 0.13171 0.103157
0 0.865722 0.644132 0.135084 0.134786
0 0.659922 0.566512 0.12859 0.109652
0 0.795301 0.556874 0.0497723 0.145762
0 0.953713 0.665639 0.0887535 0.130184
0 0.308378 0.283169 0.13171 0.103157
0 0.865722 0.644132 0.135084 0.134786
0 0.659922 0.566512 0.12859 0.109652
0 0.795301 0.556874 0.0497723 0.145762
0 0.953713 0.665639 0.0887535 0.130184
0 0.303082 0.283296 0.123552 0.0943919
0 0.663351 0.569633 0.120015 0.0983942
0 0.868645 0.647513 0.125254 0.120167
0 0.138543 0.203703 0.0862524 0.0559173
0 0.95639 0.668644 0.0872208 0.126709
