0 0.728199 0.359734 0.163173 0.125742
0 0.731786 0.650857 0.310881 0.262159
0 0.454076 0.317091 0.336456 0.330961
0 0.932221 0.471967 0.123516 0.124831
0 0.633277 0.287194 0.0964427 0.082411
0 0.840221 0.41275 0.133528 0.106881
0 0.977583 0.76386 0.0448345 0.196026
0 0.728199 0.359734 0.163173 0.125742
0 0.731786 0.650857 0.310881 0.262159
0 0.454076 0.317091 0.336456 0.330961
0 0.932221 0.471967 0.123516 0.124831
0 0.633277 0.287194 0.0964427 0.082411
0 0.840221 0.41275 0.133528 0.106881
0 0.977583 0.76386 0.0448345 0.196026
0 0.723744 0.362733 0.163633 0.144392
0 0.459583 0.337878 0.303449 0.344603
0 0.92736 0.491486 0.145281 0.162081
0 0.631978 0.287098 0.0990917 0.0799154
0 0.841083 0.422621 0.12868 0.117141
0 0.713018 0.674638 0.365547 0.32137
0 0.777165 0.655796 0.212687 0.261036
0 0.745686 0.72755 0.0654102 0.0506788
