0 0.204251 0.0727541 0.164485 0.101695
0 0.880691 0.477213 0.137407 0.13664
0 0.7269 0.402569 0.102493 0.160967
0 0.429736 0.312378 0.105276 0.133477
0 0.232754 0.289456 0.0912313 0.0761514
0 0.467815 0.137709 0.0908855 0.0698439
0 0.741256 0.751513 0.20596 0.348522
0 0.575367 0.0918128 0.0909012 0.0777414
0 0.633347 0.233202 0.0993706 0.0767579
0 0.713946 0.244492 0.0839249 0.0803966
0 0.204251 0.0727541 0.164485 0.101695
0 0.880691 0.477213 0.137407 0.13664
0 0.7269 0.402569 0.102493 0.160967
0 0.429736 0.312378 0.105276 0.133477
0 0.232754 0.289456 0.0912313 0.0761514
0 0.467815 0.137709 0.0908855 0.0698439
0 0.741256 0.751513 0.20596 0.348522
0 0.575367 0.0918128 0.0909012 0.0777414
0 0.633347 0.233202 0.0993706 0.0767579
0 0.713946 0.244492 0.0839249 0.0803966
0 0.87342 0.472313 0.132521 0.134974
0 0.421618 0.310523 0.100293 0.13297
0 0.201007 0.0826184 0.184012 0.117062
0 0.237714 0.293592 0.105463 0.0710642
0 0.725708 0.400498 0.094519 0.14987
0 0.334208 0.17488 0.0702587 0.0907041
0 0.457179 0.136013 0.0616692 0.058123
0 0.564213 0.0870831 0.0657087 0.0583487
0 0.75581 0.765722 0.136366 0.389483
