0 0.335355 0.246476 0.143142 0.150205
0 0.181343 0.407508 0.113615 0.122178
0 0.144118 0.794009 0.239275 0.169936
0 0.243369 0.707901 0.173589 0.173475
0 0.600972 0.768024 0.14286 0.332376
0 0.689222 0.333773 0.124068 0.168795
0 0.202294 0.279952 0.124121 0.174417
0 0.0850618 0.075859 0.131214 0.126093
0 0.973855 0.394636 0.0420942 0.147913
0 0.0946492 0.583749 0.0523195 0.120162
0 0.335355 0.246476 0.143142 0.150205
0 0.181343 0.407508 0.113615 0.122178
0 0.144118 0.794009 0.239275 0.169936
0 0.243369 0.707901 0.173589 0.173475
0 0.600972 0.768024 0.14286 0.332376
0 0.689222 0.333773 0.124068 0.168795
0 0.202294 0.279952 0.124121 0.174417
0 0.0850618 0.075859 0.131214 0.126093
0 0.973855 0.394636 0.0420942 0.147913
0 0.0946492 0.583749 0.0523195 0.120162
0 0.330618 0.244381 0.152074 0.145298
0 0.184414 0.411371 0.13171 0.117824
0 0.202009 0.277697 0.127661 0.1699
0 0.245606 0.710316 0.17498 0.183895
0 0.143744 0.791157 0.240949 0.185379
0 0.605716 0.759011 0.15313 0.363938
0 0.0821216 0.0710391 0.127359 0.120626
0 0.872176 0.419535 0.0994099 0.0857459
0 0.693781 0.323906 0.128007 0.139595
