0 0.779231 0.298995 0.155308 0.128146
0 0.666385 0.865479 0.264666 0.204841
0 0.60316 0.431787 0.118115 0.0733348
0 0.150804 0.589523 0.141501 0.206943
0 0.905557 0.261366 0.185704 0.113356
0 0.779231 0.298995 0.155308 0.128146
0 0.666385 0.865479 0.264666 0.204841
0 0.60316 0.431787 0.118115 0.0733348
0 0.150804 0.589523 0.141501 0.206943
0 0.905557 0.261366 0.185704 0.113356
0 0.902346 0.267611 0.191701 0.135011
0 0.781395 0.293738 0.164841 0.130141
0 0.602302 0.431329 0.107442 0.0772201
0 0.684815 0.871662 0.241287 0.18858
0 0.154915 0.582392 0.126796 0.186589
