0 0.359878 0.612011 0.12816 0.110094
0 0.913991 0.763711 0.141529 0.206759
0 0.140749 0.574894 0.233172 0.161446
0 0.316248 0.445818 0.1226 0.105281
0 0.0795557 0.908259 0.159111 0.183482
0 0.889877 0.558684 0.133679 0.159621
0 0.159444 0.5872 0.276795 0.200952
0 0.266686 0.642077 0.102119 0.0906453
0 0.448995 0.304805 0.116427 0.116647
0 0.576488 0.470633 0.0845264 0.105344
0 0.347848 0.152053 0.113593 0.0797016
0 0.26255 0.852617 0.077561 0.107639
0 0.702587 0.674007 0.0814421 0.1172
0 0.359878 0.612011 0.12816 0.110094
0 0.913991 0.763711 0.141529 0.206759
0 0.140749 0.574894 0.233172 0.161446
0 0.316248 0.445818 0.1226 0.105281
0 0.0795557 0.908259 0.159111 0.183482
0 0.889877 0.558684 0.133679 0.159621
0 0.159444 0.5872 0.276795 0.200952
0 0.266686 0.642077 0.102119 0.0906453
0 0.448995 0.304805 0.116427 0.116647
0 0.576488 0.470633 0.0845264 0.105344
0 0.347848 0.152053 0.113593 0.0797016
0 0.26255 0.852617 0.077561 0.107639
0 0.702587 0.674007 0.0814421 0.1172
0 0.311226 0.444856 0.124327 0.103997
0 0.350634 0.610769 0.111592 0.0991499
0 0.889568 0.556168 0.138427 0.142839
0 0.91331 0.759008 0.144679 0.154903
0 0.152877 0.588149 0.265828 0.175669
0 0.0599395 0.915036 0.115327 0.138658
0 0.580734 0.464035 0.068648 0.105851
0 0.597886 0.407702 0.0762774 0.0824583
0 0.444915 0.309188 0.0880327 0.108497
0 0.547161 0.748701 0.0603363 0.0743271
