0 0.393805 0.643988 0.122737 0.0929311
0 0.905136 0.780552 0.138438 0.230729
0 0.863277 0.558559 0.1345 0.130865
0 0.241666 0.697976 0.226404 0.181332
0 0.336919 0.470811 0.133488 0.123583
0 0.0669288 0.91475 0.133858 0.1705
0 0.438428 0.32698 0.101225 0.0915543
0 0.639037 0.232376 0.0929706 0.0713962
0 0.26029 0.908916 0.101633 0.114851
0 0.667361 0.769253 0.118097 0.120511
0 0.315742 0.167674 0.108618 0.0723962
0 0.550374 0.483478 0.112853 0.193644
0 0.50712 0.71568 0.0768099 0.092519
0 0.853345 0.667072 0.067188 0.0878654
0 0.393805 0.643988 0.122737 0.0929311
0 0.905136 0.780552 0.138438 0.230729
0 0.863277 0.558559 0.1345 0.130865
0 0.241666 0.697976 0.226404 0.181332
0 0.336919 0.470811 0.133488 0.123583
0 0.0669288 0.91475 0.133858 0.1705
0 0.438428 0.32698 0.101225 0.0915543
0 0.639037 0.232376 0.0929706 0.0713962
0 0.26029 0.908916 0.101633 0.114851
0 0.667361 0.769253 0.118097 0.120511
0 0.315742 0.167674 0.108618 0.0723962
0 0.550374 0.483478 0.112853 0.193644
0 0.50712 0.71568 0.0768099 0.092519
0 0.853345 0.667072 0.067188 0.0878654
0 0.336869 0.467204 0.119688 0.109017
0 0.0682728 0.924976 0.136546 0.144752
0 0.866674 0.56183 0.138054 0.130528
0 0.382726 0.638052 0.0972907 0.0855838
0 0.910578 0.775166 0.152021 0.177821
0 0.570828 0.410537 0.0681849 0.0720869
0 0.320018 0.16663 0.0994451 0.0587934
0 0.851243 0.667959 0.0579292 0.0873705
0 0.561458 0.485415 0.066061 0.091284
0 0.247929 0.724097 0.247618 0.209154
0 0.559659 0.791113 0.0587578 0.0780663
