0 0.110103 0.707354 0.127549 0.222942
0 0.832635 0.675883 0.105387 0.155265
0 0.592639 0.58556 0.112495 0.115043
0 0.770403 0.548379 0.0792158 0.0883204
0 0.830763 0.544409 0.0863248 0.0999562
0 0.28622 0.29589 0.119247 0.100396
0 0.305694 0.457444 0.0591992 0.0692694
0 0.980618 0.513405 0.0387646 0.0977537
0 0.110103 0.707354 0.127549 0.222942
0 0.832635 0.675883 0.105387 0.155265
0 0.592639 0.58556 0.112495 0.115043
0 0.770403 0.548379 0.0792158 0.0883204
0 0.830763 0.544409 0.0863248 0.0999562
0 0.28622 0.29589 0.119247 0.100396
0 0.305694 0.457444 0.0591992 0.0692694
0 0.980618 0.513405 0.0387646 0.0977537
0 0.826717 0.542517 0.080952 0.0892136
0 0.835602 0.671186 0.0979897 0.141383
0 0.106769 0.70713 0.129794 0.236148
0 0.587747 0.57781 0.0839598 0.0917245
0 0.768427 0.548512 0.0754791 0.0821005
0 0.275526 0.300153 0.124199 0.10177
0 0.418718 0.384991 0.0970167 0.0624054
0 0.130845 0.079063 0.108602 0.0673834
0 0.423548 0.382068 0.109917 0.0806569
0 0.471681 0.517943 0.0321699 0.0909573
0 0.494143 0.425606 0.0944147 0.0776325
0 0.358481 0.559257 0.0705191 0.110822
0 0.141554 0.231886 0.077292 0.058536
0 0.307149 0.460781 0.0552991 0.0772884
