0 0.776923 0.420653 0.120374 0.145672
0 0.459322 0.234815 0.176778 0.218848
0 0.301048 0.794945 0.286477 0.347048
0 0.641135 0.78369 0.25463 0.43262
0 0.0751226 0.384473 0.148895 0.158427
0 0.629817 0.490342 0.0797426 0.160713
0 0.866352 0.163828 0.14771 0.123469
0 0.870239 0.503814 0.164916 0.195597
0 0.107193 0.145388 0.1954 0.148746
0 0.839424 0.729813 0.101688 0.244324
0 0.955503 0.466173 0.088994 0.0984639
0 0.463298 0.222283 0.132105 0.191694
0 0.536142 0.41702 0.0899916 0.148643
0 0.0958413 0.127064 0.174801 0.123262
0 0.932605 0.374946 0.0967297 0.0793398
0 0.486439 0.333792 0.0385183 0.109913
0 0.666021 0.343847 0.100138 0.132502
0 0.268952 0.34473 0.107749 0.182642
0 0.0540782 0.859537 0.103537 0.280926
0 0.687595 0.225707 0.0841818 0.0935514
0 0.206854 0.186363 0.0928818 0.163316
0 0.926727 0.801785 0.146547 0.396429
0 0.776923 0.420653 0.120374 0.145672
0 0.459322 0.234815 0.176778 0.218848
0 0.301048 0.794945 0.286477 0.347048
0 0.641135 0.78369 0.25463 0.43262
0 0.0751226 0.384473 0.148895 0.158427
0 0.629817 0.490342 0.0797426 0.160713
0 0.866352 0.163828 0.14771 0.123469
0 0.870239 0.503814 0.164916 0.195597
0 0.107193 0.145388 0.1954 0.148746
0 0.839424 0.729813 0.101688 0.244324
0 0.955503 0.466173 0.088994 0.0984639
0 0.463298 0.222283 0.132105 0.191694
0 0.536142 0.41702 0.0899916 0.148643
0 0.0958413 0.127064 0.174801 0.123262
0 0.932605 0.374946 0.0967297 0.0793398
0 0.486439 0.333792 0.0385183 0.109913
0 0.666021 0.343847 0.100138 0.132502
0 0.268952 0.34473 0.107749 0.182642
0 0.0540782 0.859537 0.103537 0.280926
0 0.687595 0.225707 0.0841818 0.0935514
0 0.206854 0.186363 0.0928818 0.163316
0 0.926727 0.801785 0.146547 0.396429
0 0.295609 0.793263 0.292645 0.36981
0 0.77911 0.422309 0.113968 0.142883
0 0.110101 0.145076 0.192157 0.153876
0 0.867241 0.507268 0.171652 0.210049
0 0.84031 0.726426 0.112117 0.261722
0 0.879562 0.167159 0.162098 0.128897
0 0.455957 0.244008 0.170326 0.246448
0 0.933768 0.381898 0.0933968 0.0735192
0 0.634898 0.488929 0.0782642 0.173506
0 0.9585 0.46765 0.0829999 0.0883659
0 0.0862568 0.39762 0.172514 0.2025
0 0.928111 0.802446 0.143778 0.395108
0 0.634987 0.750101 0.241585 0.339824
0 0.636963 0.795877 0.255844 0.408246
0 0.261577 0.33436 0.0755711 0.142632
0 0.692634 0.225105 0.0784418 0.0997131
0 0.0528543 0.816914 0.105709 0.366173
0 0.0415303 0.0358383 0.0762747 0.0547466
