0 0.268298 0.273444 0.124312 0.105051
0 0.124867 0.605395 0.114953 0.213725
0 0.650133 0.515227 0.0986263 0.104908
0 0.81056 0.623674 0.102817 0.150281
0 0.768612 0.509562 0.0857018 0.0996458
0 0.856052 0.528018 0.0827944 0.106402
0 0.831386 0.320372 0.093633 0.0682234
0 0.268298 0.273444 0.124312 0.105051
0 0.124867 0.605395 0.114953 0.213725
0 0.650133 0.515227 0.0986263 0.104908
0 0.81056 0.623674 0.102817 0.150281
0 0.768612 0.509562 0.0857018 0.0996458
0 0.856052 0.528018 0.0827944 0.106402
0 0.831386 0.320372 0.093633 0.0682234
0 0.64656 0.509516 0.0850424 0.102659
0 0.124946 0.608462 0.106684 0.203861
0 0.850616 0.526954 0.0885845 0.10245
0 0.768854 0.516258 0.0953493 0.10726
0 0.428259 0.22958 0.0879438 0.0572021
0 0.264588 0.275142 0.124652 0.104723
0 0.0979293 0.0392388 0.114267 0.0689496
0 0.292628 0.573554 0.169891 0.194727
0 0.424108 0.361903 0.0879702 0.0605545
0 0.305344 0.485059 0.0773858 0.0926376
0 0.0571754 0.310017 0.114351 0.126918
0 0.31028 0.486837 0.0929726 0.118537
0 0.463599 0.430628 0.0450915 0.137164
