0 0.0712595 0.54277 0.142519 0.158884
0 0.617693 0.665455 0.129127 0.112872
0 0.725365 0.538801 0.131047 0.144799
0 0.887404 0.620265 0.118828 0.092291
0 0.483796 0.735169 0.0575595 0.206345
0 0.590464 0.465135 0.219185 0.178049
0 0.809486 0.830009 0.0888908 0.160973
0 0.695481 0.800922 0.0628632 0.128995
0 0.795174 0.709501 0.12062 0.159892
0 0.525998 0.583631 0.0568781 0.14597
0 0.936853 0.905257 0.118846 0.189487
0 0.0712595 0.54277 0.142519 0.158884
0 0.617693 0.665455 0.129127 0.112872
0 0.725365 0.538801 0.131047 0.144799
0 0.887404 0.620265 0.118828 0.092291
0 0.483796 0.735169 0.0575595 0.206345
0 0.590464 0.465135 0.219185 0.178049
0 0.809486 0.830009 0.0888908 0.160973
0 0.695481 0.800922 0.0628632 0.128995
0 0.795174 0.709501 0.12062 0.159892
0 0.525998 0.583631 0.0568781 0.14597
0 0.936853 0.905257 0.118846 0.189487
0 0.62227 0.674264 0.129523 0.115017
0 0.0695276 0.548983 0.138418 0.148594
0 0.723478 0.54093 0.123502 0.119675
0 0.783684 0.695637 0.0882073 0.0923669
0 0.328823 0.435996 0.124731 0.158046
0 0.642879 0.512161 0.09443 0.179367
0 0.251677 0.406971 0.0974853 0.06649
0 0.538633 0.443869 0.127403 0.13134
0 0.907329 0.870052 0.185341 0.248461
0 0.488851 0.736764 0.0478204 0.175626
0 0.621849 0.855807 0.0763693 0.122072
0 0.689623 0.802484 0.0724464 0.13902
0 0.350534 0.190568 0.0597671 0.048286
0 0.353203 0.611527 0.0516171 0.101273
0 0.381642 0.504615 0.0789225 0.0748069
