0 0.378985 0.61918 0.156593 0.166108
0 0.0599229 0.529578 0.116118 0.237419
0 0.217081 0.401296 0.193061 0.161068
0 0.317623 0.0583702 0.0883416 0.0690685
0 0.150866 0.87751 0.133816 0.238763
0 0.55782 0.379579 0.0705742 0.136135
0 0.946057 0.866957 0.0946292 0.266086
0 0.679571 0.105402 0.0764196 0.0890665
0 0.282425 0.605823 0.089688 0.115988
0 0.378985 0.61918 0.156593 0.166108
0 0.0599229 0.529578 0.116118 0.237419
0 0.217081 0.401296 0.193061 0.161068
0 0.317623 0.0583702 0.0883416 0.0690685
0 0.150866 0.87751 0.133816 0.238763
0 0.55782 0.379579 0.0705742 0.136135
0 0.946057 0.866957 0.0946292 0.266086
0 0.679571 0.105402 0.0764196 0.0890665
0 0.282425 0.605823 0.089688 0.115988
0 0.218875 0.397724 0.156989 0.155192
0 0.66949 0.29779 0.0790131 0.0868267
0 0.380245 0.618587 0.127813 0.162604
0 0.147265 0.874213 0.134885 0.23889
0 0.0669573 0.536075 0.128481 0.174023
0 0.937558 0.877974 0.120357 0.244051
0 0.319173 0.0580116 0.0815223 0.051174
0 0.669899 0.109968 0.0698449 0.0934509
