0 0.681317 0.345246 0.199466 0.242537
0 0.245595 0.294611 0.232312 0.187604
0 0.70969 0.494937 0.250625 0.170914
0 0.44625 0.451446 0.147206 0.114848
0 0.496567 0.410701 0.114687 0.100379
0 0.574088 0.180528 0.137367 0.132359
0 0.89763 0.332286 0.125704 0.0984119
0 0.810604 0.256471 0.116867 0.100339
0 0.198787 0.783463 0.211253 0.433073
0 0.217501 0.834261 0.114692 0.331479
0 0.681317 0.345246 0.199466 0.242537
0 0.245595 0.294611 0.232312 0.187604
0 0.70969 0.494937 0.250625 0.170914
0 0.44625 0.451446 0.147206 0.114848
0 0.496567 0.410701 0.114687 0.100379
0 0.574088 0.180528 0.137367 0.132359
0 0.89763 0.332286 0.125704 0.0984119
0 0.810604 0.256471 0.116867 0.100339
0 0.198787 0.783463 0.211253 0.433073
0 0.217501 0.834261 0.114692 0.331479
0 0.496501 0.415687 0.114967 0.0856822
0 0.447555 0.454313 0.156465 0.113244
0 0.684549 0.479714 0.200949 0.180969
0 0.676203 0.352126 0.209122 0.24563
0 0.56356 0.175776 0.146589 0.133391
0 0.259595 0.300006 0.174325 0.202073
0 0.718003 0.495089 0.248963 0.169185
0 0.471972 0.289511 0.073484 0.111089
0 0.895037 0.331236 0.12529 0.0949092
0 0.0271943 0.13096 0.0543885 0.0502363
