0 0.699764 0.364621 0.158016 0.137272
0 0.104576 0.859163 0.209151 0.281674
0 0.498959 0.137503 0.136359 0.146169
0 0.929877 0.492102 0.137528 0.145525
0 0.260878 0.437268 0.186609 0.358853
0 0.102237 0.118796 0.204474 0.206758
0 0.353216 0.150656 0.185696 0.162151
0 0.548847 0.468194 0.15938 0.333624
0 0.551233 0.436 0.164289 0.22286
0 0.950501 0.674651 0.0825047 0.207077
0 0.752047 0.568191 0.14059 0.110481
0 0.501933 0.150193 0.169854 0.201396
0 0.0884238 0.0981007 0.176848 0.159044
0 0.699764 0.364621 0.158016 0.137272
0 0.104576 0.859163 0.209151 0.281674
0 0.498959 0.137503 0.136359 0.146169
0 0.929877 0.492102 0.137528 0.145525
0 0.260878 0.437268 0.186609 0.358853
0 0.102237 0.118796 0.204474 0.206758
0 0.353216 0.150656 0.185696 0.162151
0 0.548847 0.468194 0.15938 0.333624
0 0.551233 0.436 0.164289 0.22286
0 0.950501 0.674651 0.0825047 0.207077
0 0.752047 0.568191 0.14059 0.110481
0 0.501933 0.150193 0.169854 0.201396
0 0.0884238 0.0981007 0.176848 0.159044
0 0.104492 0.857012 0.208984 0.285975
0 0.252769 0.43291 0.168526 0.362047
0 0.692303 0.380368 0.144853 0.16056
0 0.0820763 0.104889 0.164153 0.15377
0 0.89004 0.388098 0.0952452 0.0688867
0 0.430132 0.781688 0.112608 0.264585
0 0.368567 0.152536 0.187601 0.170322
0 0.916536 0.508622 0.158776 0.195258
0 0.405623 0.352865 0.0789347 0.114334
0 0.954654 0.692413 0.0891936 0.169857
0 0.5409 0.454607 0.163868 0.362898
0 0.747712 0.569483 0.132787 0.100842
