0 0.396677 0.0735481 0.235581 0.147096
0 0.935961 0.0975371 0.121642 0.119821
0 0.534579 0.118175 0.0893117 0.148635
0 0.0482905 0.0541359 0.0963016 0.0735069
0 0.176071 0.134607 0.106123 0.11148
0 0.396677 0.0735481 0.235581 0.147096
0 0.935961 0.0975371 0.121642 0.119821
0 0.534579 0.118175 0.0893117 0.148635
0 0.0482905 0.0541359 0.0963016 0.0735069
0 0.176071 0.134607 0.106123 0.11148
0 0.404511 0.0666146 0.224241 0.133229
0 0.814706 0.608662 0.112936 0.128398
0 0.876757 0.537123 0.0767193 0.130382
0 0.521663 0.123322 0.127086 0.156528
0 0.416468 0.778264 0.0347878 0.0559297
