0 0.889141 0.0763534 0.170146 0.142523
0 0.932297 0.45041 0.135406 0.155528
0 0.843113 0.239737 0.144305 0.112604
0 0.127456 0.373578 0.249445 0.304672
0 0.673679 0.302937 0.120021 0.115756
0 0.648713 0.0560883 0.150836 0.112177
0 0.606905 0.0817303 0.220357 0.163461
0 0.748409 0.467543 0.108552 0.291349
0 0.452249 0.487879 0.323199 0.360784
0 0.94301 0.933931 0.11398 0.132138
0 0.0811412 0.961207 0.162282 0.0775864
0 0.850767 0.573904 0.0959223 0.165083
0 0.063137 0.458834 0.118566 0.193282
0 0.403968 0.47239 0.339484 0.428607
0 0.956188 0.538061 0.0876249 0.114553
0 0.889141 0.0763534 0.170146 0.142523
0 0.932297 0.45041 0.135406 0.155528
0 0.843113 0.239737 0.144305 0.112604
0 0.127456 0.373578 0.249445 0.304672
0 0.673679 0.302937 0.120021 0.115756
0 0.648713 0.0560883 0.150836 0.112177
0 0.606905 0.0817303 0.220357 0.163461
0 0.748409 0.467543 0.108552 0.291349
0 0.452249 0.487879 0.323199 0.360784
0 0.94301 0.933931 0.11398 0.132138
0 0.0811412 0.961207 0.162282 0.0775864
0 0.850767 0.573904 0.0959223 0.165083
0 0.063137 0.458834 0.118566 0.193282
0 0.403968 0.47239 0.339484 0.428607
0 0.956188 0.538061 0.0876249 0.114553
0 0.129217 0.391709 0.234154 0.341073
0 0.845479 0.243236 0.131698 0.0984264
0 0.938943 0.936371 0.118159 0.127258
0 0.461731 0.522557 0.289124 0.242672
0 0.886647 0.0809319 0.173535 0.147161
0 0.742188 0.456797 0.105318 0.280278
0 0.94919 0.541903 0.0992967 0.107777
0 0.930783 0.45127 0.138433 0.16865
0 0.673769 0.305661 0.130707 0.111924
0 0.906673 0.212749 0.0848904 0.0587663
0 0.84738 0.398355 0.0669762 0.0994603
0 0.563469 0.232062 0.183006 0.204649
