0 0.228426 0.724789 0.0861871 0.167657
0 0.860921 0.612197 0.127245 0.122418
0 0.206931 0.488584 0.102637 0.0770483
0 0.121044 0.664627 0.126323 0.178126
0 0.695577 0.810005 0.0865658 0.140319
0 0.397391 0.50834 0.09885 0.0906214
0 0.378579 0.740354 0.0772015 0.195885
0 0.378538 0.887122 0.104485 0.225755
0 0.27759 0.522398 0.0787471 0.0730661
0 0.947216 0.696198 0.102452 0.11891
0 0.376801 0.353284 0.0996885 0.0833722
0 0.108785 0.483163 0.0750416 0.0774982
0 0.244528 0.400127 0.120202 0.0989978
0 0.237354 0.947188 0.185526 0.105624
0 0.228426 0.724789 0.0861871 0.167657
0 0.860921 0.612197 0.127245 0.122418
0 0.206931 0.488584 0.102637 0.0770483
0 0.121044 0.664627 0.126323 0.178126
0 0.695577 0.810005 0.0865658 0.140319
0 0.397391 0.50834 0.09885 0.0906214
0 0.378579 0.740354 0.0772015 0.195885
0 0.378538 0.887122 0.104485 0.225755
0 0.27759 0.522398 0.0787471 0.0730661
0 0.947216 0.696198 0.102452 0.11891
0 0.376801 0.353284 0.0996885 0.0833722
0 0.108785 0.483163 0.0750416 0.0774982
0 0.244528 0.400127 0.120202 0.0989978
0 0.237354 0.947188 0.185526 0.105624
0 0.278637 0.52388 0.080572 0.0748494
0 0.700083 0.805579 0.0967651 0.138065
0 0.229234 0.731994 0.0972688 0.178588
0 0.13335 0.66104 0.108231 0.160276
0 0.24775 0.321024 0.110002 0.0720056
0 0.395437 0.509948 0.0929672 0.0855118
0 0.868973 0.608051 0.100561 0.107794
0 0.377146 0.890946 0.0955187 0.218109
0 0.0642146 0.261413 0.109481 0.0536758
0 0.218471 0.945939 0.160473 0.108123
0 0.219101 0.497401 0.0751678 0.0588114
0 0.386273 0.752613 0.0862759 0.215354
0 0.521218 0.421759 0.0699152 0.0717591
0 0.107248 0.478782 0.0809304 0.0819533
0 0.0605418 0.213881 0.116634 0.077094
0 0.0615157 0.251112 0.11062 0.0589316
0 0.71836 0.943659 0.0739124 0.112683
0 0.0756191 0.265095 0.0982804 0.0473564
