0 0.682109 0.456195 0.151894 0.168533
0 0.928264 0.749801 0.143473 0.131293
0 0.0862139 0.244264 0.137282 0.0912652
0 0.0670424 0.471126 0.133783 0.174696
0 0.682595 0.228255 0.144247 0.111289
0 0.125385 0.735866 0.25077 0.337872
0 0.878694 0.528092 0.133447 0.111312
0 0.562087 0.876838 0.120154 0.155848
0 0.687329 0.465803 0.174594 0.213235
0 0.682109 0.456195 0.151894 0.168533
0 0.928264 0.749801 0.143473 0.131293
0 0.0862139 0.244264 0.137282 0.0912652
0 0.0670424 0.471126 0.133783 0.174696
0 0.682595 0.228255 0.144247 0.111289
0 0.125385 0.735866 0.25077 0.337872
0 0.878694 0.528092 0.133447 0.111312
0 0.562087 0.876838 0.120154 0.155848
0 0.687329 0.465803 0.174594 0.213235
0 0.0788693 0.252299 0.157739 0.10165
0 0.681097 0.233063 0.149845 0.107386
0 0.859087 0.5294 0.0863796 0.0954427
0 0.884474 0.426027 0.103716 0.0938877
0 0.0649242 0.475867 0.129848 0.156591
0 0.309777 0.201948 0.094812 0.0516074
0 0.0910195 0.742966 0.182039 0.285004
0 0.687758 0.466559 0.131697 0.158767
0 0.68974 0.490757 0.134281 0.220905
0 0.92629 0.746328 0.139634 0.153354
