0 0.370843 0.532312 0.126071 0.234031
0 0.592732 0.901832 0.131634 0.196336
0 0.0722703 0.520909 0.144541 0.139869
0 0.167792 0.680352 0.0744572 0.12967
0 0.332083 0.232533 0.169308 0.176921
0 0.321722 0.321751 0.0904974 0.0684056
0 0.0526013 0.931286 0.0616449 0.137429
0 0.0563858 0.291887 0.0998282 0.108277
0 0.0492346 0.232351 0.0983243 0.132594
0 0.370843 0.532312 0.126071 0.234031
0 0.592732 0.901832 0.131634 0.196336
0 0.0722703 0.520909 0.144541 0.139869
0 0.167792 0.680352 0.0744572 0.12967
0 0.332083 0.232533 0.169308 0.176921
0 0.321722 0.321751 0.0904974 0.0684056
0 0.0526013 0.931286 0.0616449 0.137429
0 0.0563858 0.291887 0.0998282 0.108277
0 0.0492346 0.232351 0.0983243 0.132594
0 0.366201 0.524429 0.143163 0.233426
0 0.592228 0.902899 0.133523 0.194202
0 0.0756409 0.522219 0.151282 0.138729
0 0.324309 0.321794 0.0918298 0.0652314
0 0.0513645 0.296439 0.0877372 0.0774316
0 0.1748 0.674128 0.0603251 0.141199
