0 0.915767 0.694299 0.140734 0.200205
0 0.814332 0.48052 0.13452 0.170429
0 0.235872 0.348042 0.176491 0.228782
0 0.611468 0.360488 0.1486 0.356421
0 0.235797 0.611 0.179453 0.265633
0 0.72541 0.0540371 0.148727 0.108074
0 0.115817 0.247444 0.150193 0.189791
0 0.696396 0.672228 0.280907 0.260272
0 0.942262 0.512671 0.105527 0.0785085
0 0.44875 0.242015 0.0596218 0.195842
0 0.390871 0.317487 0.0909265 0.118428
0 0.85171 0.38752 0.0958511 0.0916518
0 0.904168 0.194261 0.154707 0.113147
0 0.391163 0.44007 0.092471 0.128725
0 0.510183 0.302569 0.0667283 0.217061
0 0.0268388 0.0841193 0.0506406 0.168239
0 0.321757 0.1568 0.0808594 0.144583
0 0.314025 0.169357 0.0649677 0.125422
0 0.915767 0.694299 0.140734 0.200205
0 0.814332 0.48052 0.13452 0.170429
0 0.235872 0.348042 0.176491 0.228782
0 0.611468 0.360488 0.1486 0.356421
0 0.235797 0.611 0.179453 0.265633
0 0.72541 0.0540371 0.148727 0.108074
0 0.115817 0.247444 0.150193 0.189791
0 0.696396 0.672228 0.280907 0.260272
0 0.942262 0.512671 0.105527 0.0785085
0 0.44875 0.242015 0.0596218 0.195842
0 0.390871 0.317487 0.0909265 0.118428
0 0.85171 0.38752 0.0958511 0.0916518
0 0.904168 0.194261 0.154707 0.113147
0 0.391163 0.44007 0.092471 0.128725
0 0.510183 0.302569 0.0667283 0.217061
0 0.0268388 0.0841193 0.0506406 0.168239
0 0.321757 0.1568 0.0808594 0.144583
0 0.314025 0.169357 0.0649677 0.125422
0 0.811018 0.485536 0.138659 0.156876
0 0.115807 0.256326 0.148466 0.205078
0 0.235833 0.350353 0.185928 0.238534
0 0.688061 0.672677 0.272083 0.239237
0 0.718592 0.0533209 0.155348 0.106642
0 0.921337 0.684351 0.130208 0.212178
0 0.233715 0.612778 0.178797 0.269845
0 0.851179 0.391244 0.0962654 0.0757979
0 0.612885 0.371281 0.134365 0.331704
0 0.393803 0.319294 0.0960864 0.105531
0 0.944281 0.518055 0.10195 0.0622841
0 0.0915418 0.0911584 0.053973 0.0543567
0 0.447553 0.245686 0.0480055 0.213508
