0 0.69753 0.34796 0.182166 0.151687
0 0.310013 0.456226 0.120224 0.299658
0 0.870683 0.397775 0.106204 0.0881206
0 0.953062 0.52155 0.0865097 0.205771
0 0.170888 0.481054 0.113944 0.0969269
0 0.242624 0.226551 0.0743262 0.10821
0 0.298898 0.408552 0.129002 0.326102
0 0.69753 0.34796 0.182166 0.151687
0 0.310013 0.456226 0.120224 0.299658
0 0.870683 0.397775 0.106204 0.0881206
0 0.953062 0.52155 0.0865097 0.205771
0 0.170888 0.481054 0.113944 0.0969269
0 0.242624 0.226551 0.0743262 0.10821
0 0.298898 0.408552 0.129002 0.326102
0 0.69772 0.355403 0.173297 0.14814
0 0.87486 0.401888 0.106261 0.0918389
0 0.29762 0.424249 0.129127 0.319545
0 0.960397 0.522135 0.0743317 0.144511
0 0.592412 0.22595 0.0716309 0.0543314
0 0.885288 0.164222 0.102969 0.116947
0 0.954791 0.805548 0.0904181 0.269632
0 0.346136 0.309661 0.0899092 0.0900566
0 0.245397 0.222089 0.0740284 0.0963742
