0 0.522384 0.373489 0.137879 0.112399
0 0.88694 0.407339 0.226121 0.173537
0 0.738679 0.245414 0.191071 0.200732
0 0.881196 0.145449 0.110954 0.0876744
0 0.646949 0.0944918 0.170157 0.128574
0 0.568877 0.315337 0.106388 0.0891143
0 0.372021 0.124483 0.103352 0.0731326
0 0.548997 0.223158 0.0841009 0.128589
0 0.941616 0.222054 0.104397 0.103271
0 0.419542 0.0672538 0.0939552 0.0897436
0 0.522384 0.373489 0.137879 0.112399
0 0.88694 0.407339 0.226121 0.173537
0 0.738679 0.245414 0.191071 0.200732
0 0.881196 0.145449 0.110954 0.0876744
0 0.646949 0.0944918 0.170157 0.128574
0 0.568877 0.315337 0.106388 0.0891143
0 0.372021 0.124483 0.103352 0.0731326
0 0.548997 0.223158 0.0841009 0.128589
0 0.941616 0.222054 0.104397 0.103271
0 0.419542 0.0672538 0.0939552 0.0897436
0 0.522422 0.379771 0.145752 0.116196
0 0.887903 0.41231 0.224194 0.190301
0 0.739671 0.247378 0.202294 0.215443
0 0.57132 0.322015 0.108613 0.0846274
0 0.649341 0.101061 0.186619 0.132129
0 0.41878 0.0751074 0.0907595 0.0682998
0 0.551134 0.227568 0.083598 0.131556
0 0.381337 0.128473 0.0819522 0.0696441
