0 0.884426 0.499591 0.156345 0.202033
0 0.654502 0.828501 0.206531 0.164278
0 0.261899 0.579926 0.114426 0.111034
0 0.598748 0.499931 0.0938123 0.067636
0 0.430366 0.172158 0.0968013 0.0820397
0 0.884426 0.499591 0.156345 0.202033
0 0.654502 0.828501 0.206531 0.164278
0 0.261899 0.579926 0.114426 0.111034
0 0.598748 0.499931 0.0938123 0.067636
0 0.430366 0.172158 0.0968013 0.0820397
0 0.666277 0.82347 0.176321 0.157298
0 0.89112 0.499588 0.159029 0.191764
0 0.598604 0.499287 0.0987841 0.070019
0 0.261809 0.582774 0.107506 0.122281
