0 0.140961 0.719693 0.1321 0.152885
0 0.0490736 0.653714 0.0981471 0.147854
0 0.318844 0.510564 0.138829 0.108338
0 0.575628 0.898993 0.105315 0.19225
0 0.231194 0.899733 0.182977 0.200534
0 0.448479 0.915082 0.226192 0.169835
0 0.219276 0.678376 0.0475629 0.171516
0 0.224988 0.697234 0.0526629 0.203877
0 0.598332 0.807265 0.104158 0.20534
0 0.190053 0.537405 0.10641 0.0871921
0 0.907548 0.325649 0.143398 0.113245
0 0.637872 0.582382 0.0779794 0.068425
0 0.0337675 0.464589 0.0675349 0.0806555
0 0.140961 0.719693 0.1321 0.152885
0 0.0490736 0.653714 0.0981471 0.147854
0 0.318844 0.510564 0.138829 0.108338
0 0.575628 0.898993 0.105315 0.19225
0 0.231194 0.899733 0.182977 0.200534
0 0.448479 0.915082 0.226192 0.169835
0 0.219276 0.678376 0.0475629 0.171516
0 0.224988 0.697234 0.0526629 0.203877
0 0.598332 0.807265 0.104158 0.20534
0 0.190053 0.537405 0.10641 0.0871921
0 0.907548 0.325649 0.143398 0.113245
0 0.637872 0.582382 0.0779794 0.068425
0 0.0337675 0.464589 0.0675349 0.0806555
0 0.317987 0.503119 0.13529 0.0997257
0 0.05138 0.661413 0.102006 0.172084
0 0.201641 0.543296 0.08825 0.0681169
0 0.140392 0.719934 0.135562 0.152101
0 0.235239 0.896265 0.183978 0.207469
0 0.450979 0.918482 0.21778 0.163035
0 0.592713 0.851563 0.123342 0.271396
0 0.0342677 0.466111 0.0685353 0.0756921
0 0.277198 0.363338 0.137604 0.104222
0 0.584346 0.837734 0.127564 0.324533
0 0.733694 0.563462 0.096991 0.106036
0 0.494643 0.638035 0.0603983 0.0621238
0 0.145457 0.513041 0.0700566 0.0571239
0 0.572223 0.560734 0.0779381 0.12487
0 0.13978 0.501344 0.0705359 0.0674827
0 0.598823 0.834797 0.102827 0.227483
0 0.22724 0.680136 0.0523181 0.195208
