0 0.434877 0.570105 0.0955518 0.272988
0 0.138173 0.53594 0.105871 0.309056
0 0.454172 0.293658 0.0973461 0.134043
0 0.444957 0.88961 0.116197 0.20233
0 0.903462 0.268678 0.131225 0.166342
0 0.556306 0.933536 0.144394 0.132927
0 0.60445 0.0764712 0.140076 0.111968
0 0.664111 0.171017 0.169004 0.130305
0 0.563584 0.480748 0.092273 0.207259
0 0.364304 0.275716 0.0647782 0.144869
0 0.161765 0.340634 0.0851592 0.106627
0 0.2388 0.0803075 0.117157 0.121903
0 0.882076 0.923722 0.134371 0.147358
0 0.0849368 0.159857 0.0891926 0.164299
0 0.434877 0.570105 0.0955518 0.272988
0 0.138173 0.53594 0.105871 0.309056
0 0.454172 0.293658 0.0973461 0.134043
0 0.444957 0.88961 0.116197 0.20233
0 0.903462 0.268678 0.131225 0.166342
0 0.556306 0.933536 0.144394 0.132927
0 0.60445 0.0764712 0.140076 0.111968
0 0.664111 0.171017 0.169004 0.130305
0 0.563584 0.480748 0.092273 0.207259
0 0.364304 0.275716 0.0647782 0.144869
0 0.161765 0.340634 0.0851592 0.106627
0 0.2388 0.0803075 0.117157 0.121903
0 0.882076 0.923722 0.134371 0.147358
0 0.0849368 0.159857 0.0891926 0.164299
0 0.665744 0.178204 0.144779 0.137306
0 0.900471 0.26838 0.117432 0.162684
0 0.229807 0.0873946 0.124437 0.131948
0 0.452724 0.293562 0.0892546 0.128351
0 0.59931 0.0813965 0.122645 0.103848
0 0.403573 0.197308 0.141148 0.138694
0 0.136308 0.529408 0.104768 0.317411
0 0.0914748 0.161229 0.10019 0.182668
0 0.440888 0.558728 0.0952731 0.264312
0 0.548525 0.9239 0.17228 0.1522
0 0.451883 0.897313 0.109776 0.191793
0 0.164259 0.344335 0.0919929 0.128508
0 0.504414 0.118591 0.106197 0.127449
0 0.576958 0.476099 0.088735 0.236277
0 0.0280809 0.167586 0.0561618 0.118237
0 0.069957 0.433118 0.118719 0.193319
0 0.966931 0.294221 0.0661378 0.0856401
