0 0.782244 0.646176 0.137864 0.162101
0 0.298921 0.160775 0.246271 0.231919
0 0.70341 0.878005 0.163349 0.243991
0 0.109713 0.138923 0.190987 0.170959
0 0.0753436 0.404343 0.147091 0.123725
0 0.950795 0.791305 0.0920105 0.183275
0 0.71175 0.909131 0.147425 0.181737
0 0.820742 0.881475 0.0916669 0.158788
0 0.782244 0.646176 0.137864 0.162101
0 0.298921 0.160775 0.246271 0.231919
0 0.70341 0.878005 0.163349 0.243991
0 0.109713 0.138923 0.190987 0.170959
0 0.0753436 0.404343 0.147091 0.123725
0 0.950795 0.791305 0.0920105 0.183275
0 0.71175 0.909131 0.147425 0.181737
0 0.820742 0.881475 0.0916669 0.158788
0 0.110446 0.134407 0.177035 0.169157
0 0.781185 0.651715 0.134293 0.162881
0 0.326409 0.163594 0.179392 0.214396
0 0.71258 0.88815 0.167685 0.223699
0 0.0416005 0.0504477 0.083201 0.0935166
0 0.088951 0.373427 0.177801 0.23135
0 0.957118 0.79968 0.0829311 0.222182
