0 0.716246 0.825936 0.143654 0.143908
0 0.253839 0.721718 0.111459 0.153819
0 0.508307 0.83441 0.0947426 0.185989
0 0.575474 0.608653 0.260594 0.194369
0 0.784772 0.354826 0.132603 0.104996
0 0.893524 0.933075 0.212951 0.133851
0 0.824108 0.783533 0.0645449 0.108558
0 0.0424665 0.403072 0.0849331 0.0889776
0 0.716246 0.825936 0.143654 0.143908
0 0.253839 0.721718 0.111459 0.153819
0 0.508307 0.83441 0.0947426 0.185989
0 0.575474 0.608653 0.260594 0.194369
0 0.784772 0.354826 0.132603 0.104996
0 0.893524 0.933075 0.212951 0.133851
0 0.824108 0.783533 0.0645449 0.108558
0 0.0424665 0.403072 0.0849331 0.0889776
0 0.507457 0.831059 0.0978299 0.167424
0 0.713821 0.829906 0.140429 0.143412
0 0.778057 0.359804 0.143932 0.0981306
0 0.260381 0.582922 0.07026 0.0701623
0 0.0429448 0.411591 0.0858896 0.0998742
0 0.243183 0.727476 0.0847564 0.153011
0 0.581815 0.608199 0.246105 0.228743
0 0.322867 0.420044 0.099241 0.0554359
0 0.384433 0.581749 0.0466178 0.0768702
0 0.431039 0.545209 0.0560761 0.0748108
0 0.15956 0.478231 0.0777449 0.0676667
0 0.32047 0.550908 0.0783327 0.0839908
0 0.82818 0.780498 0.0697748 0.102838
