0 0.617936 0.826373 0.15825 0.131145
0 0.573545 0.396957 0.247468 0.2053
0 0.787535 0.731156 0.279573 0.244408
0 0.136538 0.487173 0.17335 0.132831
0 0.192922 0.352647 0.129312 0.127535
0 0.115879 0.498883 0.216401 0.145269
0 0.529943 0.58592 0.106688 0.171478
0 0.758544 0.152095 0.0854224 0.103906
0 0.389678 0.485259 0.0879849 0.134234
0 0.617936 0.826373 0.15825 0.131145
0 0.573545 0.396957 0.247468 0.2053
0 0.787535 0.731156 0.279573 0.244408
0 0.136538 0.487173 0.17335 0.132831
0 0.192922 0.352647 0.129312 0.127535
0 0.115879 0.498883 0.216401 0.145269
0 0.529943 0.58592 0.106688 0.171478
0 0.758544 0.152095 0.0854224 0.103906
0 0.389678 0.485259 0.0879849 0.134234
0 0.785051 0.743053 0.267366 0.258881
0 0.565524 0.38536 0.194831 0.174515
0 0.624298 0.824444 0.16799 0.139022
0 0.524279 0.587917 0.123038 0.212045
0 0.12268 0.495377 0.21418 0.15217
0 0.0538497 0.268105 0.106377 0.137225
0 0.0406707 0.395405 0.0809221 0.213093
0 0.196352 0.35456 0.149452 0.130743
0 0.188882 0.801299 0.377763 0.397401
