0 0.931098 0.524159 0.135087 0.132723
0 0.762962 0.446636 0.0896431 0.169075
0 0.241232 0.104587 0.146285 0.103795
0 0.24089 0.314989 0.0853184 0.0805176
0 0.454935 0.3304 0.0778575 0.13418
0 0.78476 0.793026 0.142925 0.413947
0 0.791837 0.779556 0.113874 0.358067
0 0.730097 0.282085 0.0716625 0.0820478
0 0.931098 0.524159 0.135087 0.132723
0 0.762962 0.446636 0.0896431 0.169075
0 0.241232 0.104587 0.146285 0.103795
0 0.24089 0.314989 0.0853184 0.0805176
0 0.454935 0.3304 0.0778575 0.13418
0 0.78476 0.793026 0.142925 0.413947
0 0.791837 0.779556 0.113874 0.358067
0 0.730097 0.282085 0.0716625 0.0820478
0 0.227614 0.106704 0.167607 0.115337
0 0.929618 0.518905 0.12833 0.126771
0 0.247194 0.317982 0.102337 0.0774927
0 0.353935 0.196076 0.0637123 0.08955
0 0.45182 0.328271 0.0810616 0.132163
0 0.768116 0.446391 0.084132 0.168761
0 0.79712 0.777923 0.104077 0.359652
0 0.479534 0.15443 0.056571 0.0556985
0 0.6589 0.111325 0.0626511 0.0490143
0 0.732852 0.276573 0.0789476 0.0743558
0 0.596918 0.120804 0.0651217 0.0510586
