0 0.263782 0.329604 0.181559 0.152753
0 0.589881 0.449819 0.276605 0.299761
0 0.083689 0.186297 0.146332 0.146423
0 0.490524 0.117969 0.125545 0.109622
0 0.795102 0.111403 0.132487 0.106202
0 0.84004 0.60236 0.253167 0.185345
0 0.330238 0.16296 0.234007 0.209875
0 0.860669 0.278815 0.154782 0.120386
0 0.883872 0.808795 0.0965927 0.19617
0 0.815335 0.589922 0.201922 0.153258
0 0.353088 0.340708 0.0703597 0.16497
0 0.280838 0.699496 0.293129 0.213957
0 0.661288 0.348325 0.0982133 0.0686793
0 0.679997 0.603896 0.146039 0.116732
0 0.263782 0.329604 0.181559 0.152753
0 0.589881 0.449819 0.276605 0.299761
0 0.083689 0.186297 0.146332 0.146423
0 0.490524 0.117969 0.125545 0.109622
0 0.795102 0.111403 0.132487 0.106202
0 0.84004 0.60236 0.253167 0.185345
0 0.330238 0.16296 0.234007 0.209875
0 0.860669 0.278815 0.154782 0.120386
0 0.883872 0.808795 0.0965927 0.19617
0 0.815335 0.589922 0.201922 0.153258
0 0.353088 0.340708 0.0703597 0.16497
0 0.280838 0.699496 0.293129 0.213957
0 0.661288 0.348325 0.0982133 0.0686793
0 0.679997 0.603896 0.146039 0.116732
0 0.0834128 0.187688 0.163977 0.154557
0 0.258043 0.336644 0.173459 0.187825
0 0.601756 0.45875 0.238995 0.303656
0 0.833475 0.36128 0.158748 0.12716
0 0.662437 0.351294 0.115661 0.0842664
0 0.849584 0.60978 0.274298 0.193088
0 0.880515 0.7922 0.091153 0.185086
0 0.169374 0.822856 0.335079 0.296665
0 0.361307 0.179001 0.164894 0.230065
0 0.798037 0.11732 0.128041 0.117914
