0 0.851037 0.667627 0.134808 0.133845
0 0.585945 0.585923 0.159819 0.126108
0 0.380527 0.891502 0.169814 0.216997
0 0.0545717 0.404487 0.108444 0.306389
0 0.938685 0.835 0.107494 0.123211
0 0.900692 0.334182 0.143099 0.130574
0 0.510154 0.309949 0.115219 0.129001
0 0.343263 0.33625 0.0706977 0.105681
0 0.52175 0.766798 0.11031 0.157838
0 0.969469 0.670481 0.0541149 0.140325
0 0.265701 0.252042 0.119105 0.0879513
0 0.875206 0.514719 0.0763449 0.14571
0 0.851037 0.667627 0.134808 0.133845
0 0.585945 0.585923 0.159819 0.126108
0 0.380527 0.891502 0.169814 0.216997
0 0.0545717 0.404487 0.108444 0.306389
0 0.938685 0.835 0.107494 0.123211
0 0.900692 0.334182 0.143099 0.130574
0 0.510154 0.309949 0.115219 0.129001
0 0.343263 0.33625 0.0706977 0.105681
0 0.52175 0.766798 0.11031 0.157838
0 0.969469 0.670481 0.0541149 0.140325
0 0.265701 0.252042 0.119105 0.0879513
0 0.875206 0.514719 0.0763449 0.14571
0 0.894597 0.334942 0.156476 0.125995
0 0.847308 0.667662 0.1461 0.125496
0 0.380488 0.890849 0.142819 0.218303
0 0.577951 0.59202 0.171383 0.140121
0 0.258458 0.248133 0.0990869 0.0907375
0 0.0507213 0.418234 0.0983671 0.249736
0 0.50858 0.314423 0.104268 0.124653
0 0.937472 0.828656 0.0999077 0.121189
0 0.936021 0.516498 0.108202 0.152229
0 0.341287 0.335749 0.0677337 0.1142
0 0.973732 0.663657 0.0480757 0.140488
0 0.36371 0.252329 0.0738075 0.0825146
0 0.0554838 0.163788 0.109637 0.104662
0 0.0512243 0.381976 0.0976097 0.158065
0 0.698326 0.749124 0.17285 0.231288
