0 0.480889 0.137551 0.131517 0.145814
0 0.677882 0.404053 0.093668 0.237037
0 0.145173 0.201683 0.161205 0.135212
0 0.774435 0.669529 0.0807476 0.203303
0 0.952666 0.666108 0.0798275 0.214009
0 0.793833 0.840338 0.202933 0.225988
0 0.794652 0.332789 0.0860296 0.0875715
0 0.218363 0.662594 0.0646176 0.179939
0 0.676364 0.421861 0.103198 0.175195
0 0.60741 0.34255 0.0682234 0.113765
0 0.653646 0.254649 0.0724651 0.166156
0 0.929356 0.327569 0.0520025 0.0985586
0 0.242511 0.186186 0.0580735 0.10856
0 0.480889 0.137551 0.131517 0.145814
0 0.677882 0.404053 0.093668 0.237037
0 0.145173 0.201683 0.161205 0.135212
0 0.774435 0.669529 0.0807476 0.203303
0 0.952666 0.666108 0.0798275 0.214009
0 0.793833 0.840338 0.202933 0.225988
0 0.794652 0.332789 0.0860296 0.0875715
0 0.218363 0.662594 0.0646176 0.179939
0 0.676364 0.421861 0.103198 0.175195
0 0.60741 0.34255 0.0682234 0.113765
0 0.653646 0.254649 0.0724651 0.166156
0 0.929356 0.327569 0.0520025 0.0985586
0 0.242511 0.186186 0.0580735 0.10856
0 0.481286 0.144378 0.137816 0.158665
0 0.955107 0.66679 0.079541 0.170698
0 0.14102 0.205534 0.173268 0.148664
0 0.536489 0.27031 0.090589 0.227171
0 0.647609 0.274873 0.115823 0.224278
0 0.881413 0.446091 0.139528 0.154031
0 0.796951 0.83759 0.215717 0.232726
0 0.780233 0.672775 0.0685514 0.178792
0 0.77801 0.563271 0.0601723 0.0662636
0 0.04635 0.785801 0.0913536 0.2526
0 0.67443 0.373451 0.113648 0.258391
0 0.95766 0.555229 0.0846802 0.0599145
0 0.552899 0.0926195 0.0775984 0.0475984
0 0.33558 0.547342 0.0597565 0.13832
0 0.0845994 0.114168 0.100476 0.168179
