0 0.831789 0.32981 0.193669 0.232741
0 0.781705 0.508685 0.100836 0.110679
0 0.869253 0.166488 0.170597 0.199719
0 0.667096 0.208236 0.116882 0.154655
0 0.506379 0.0478386 0.129555 0.0956772
0 0.941418 0.637401 0.103854 0.202417
0 0.831789 0.32981 0.193669 0.232741
0 0.781705 0.508685 0.100836 0.110679
0 0.869253 0.166488 0.170597 0.199719
0 0.667096 0.208236 0.116882 0.154655
0 0.506379 0.0478386 0.129555 0.0956772
0 0.941418 0.637401 0.103854 0.202417
0 0.83382 0.325627 0.21272 0.255555
0 0.785802 0.514499 0.0976465 0.0888094
0 0.871679 0.165608 0.176343 0.203042
0 0.665663 0.207162 0.123879 0.168481
0 0.503433 0.0484847 0.125653 0.0969694
0 0.208428 0.919897 0.134652 0.160207
0 0.193861 0.602877 0.0543073 0.0917428
0 0.629929 0.0896855 0.13466 0.0924354
0 0.275183 0.868632 0.090478 0.150252
0 0.0989422 0.261158 0.0741914 0.0546037
