0 0.230785 0.247316 0.152754 0.134448
0 0.392126 0.745545 0.112692 0.28619
0 0.818456 0.720532 0.303085 0.285277
0 0.61803 0.329937 0.160941 0.190016
0 0.93982 0.633044 0.11811 0.190843
0 0.367912 0.124916 0.105394 0.114171
0 0.711115 0.165829 0.0986013 0.109396
0 0.200522 0.587677 0.120696 0.132861
0 0.369172 0.0379989 0.102921 0.0652383
0 0.230785 0.247316 0.152754 0.134448
0 0.392126 0.745545 0.112692 0.28619
0 0.818456 0.720532 0.303085 0.285277
0 0.61803 0.329937 0.160941 0.190016
0 0.93982 0.633044 0.11811 0.190843
0 0.367912 0.124916 0.105394 0.114171
0 0.711115 0.165829 0.0986013 0.109396
0 0.200522 0.587677 0.120696 0.132861
0 0.369172 0.0379989 0.102921 0.0652383
0 0.225228 0.246329 0.149506 0.134111
0 0.816402 0.73178 0.279985 0.295462
0 0.36176 0.126155 0.117166 0.114752
0 0.61606 0.331202 0.145059 0.161978
0 0.382 0.749485 0.144687 0.285087
0 0.935839 0.630545 0.125704 0.191128
0 0.472918 0.664873 0.108183 0.159817
