0 0.849321 0.836715 0.257028 0.326569
0 0.556762 0.409692 0.20932 0.181803
0 0.277479 0.370726 0.159358 0.138809
0 0.0938491 0.498837 0.183815 0.286827
0 0.589558 0.77033 0.282363 0.249504
0 0.273168 0.536812 0.16537 0.139378
0 0.0609067 0.0661474 0.121813 0.107376
0 0.392491 0.478374 0.128992 0.238763
0 0.274675 0.9276 0.126882 0.1448
0 0.785485 0.144976 0.0836648 0.089426
0 0.193315 0.340534 0.0941991 0.168663
0 0.849321 0.836715 0.257028 0.326569
0 0.556762 0.409692 0.20932 0.181803
0 0.277479 0.370726 0.159358 0.138809
0 0.0938491 0.498837 0.183815 0.286827
0 0.589558 0.77033 0.282363 0.249504
0 0.273168 0.536812 0.16537 0.139378
0 0.0609067 0.0661474 0.121813 0.107376
0 0.392491 0.478374 0.128992 0.238763
0 0.274675 0.9276 0.126882 0.1448
0 0.785485 0.144976 0.0836648 0.089426
0 0.193315 0.340534 0.0941991 0.168663
0 0.848432 0.831762 0.270447 0.336476
0 0.5981 0.788029 0.289596 0.291984
0 0.273885 0.546371 0.196242 0.158785
0 0.089999 0.515565 0.179998 0.25888
0 0.564139 0.410716 0.225516 0.200814
0 0.392075 0.48573 0.132855 0.220176
0 0.279597 0.36691 0.170407 0.142658
0 0.275208 0.909906 0.147867 0.178802
0 0.355417 0.17781 0.0871561 0.0960581
0 0.102871 0.325481 0.139208 0.166372
0 0.0606176 0.0647803 0.121235 0.0908997
0 0.146336 0.793476 0.292671 0.413047
