0 0.439572 0.361785 0.173247 0.145929
0 0.693884 0.465104 0.2475 0.237735
0 0.365164 0.469096 0.12916 0.144531
0 0.229042 0.356956 0.378189 0.427817
0 0.91782 0.244013 0.11423 0.0995435
0 0.535961 0.339805 0.104495 0.103653
0 0.245928 0.369764 0.491856 0.466608
0 0.632572 0.254036 0.169349 0.195954
0 0.563459 0.429621 0.0951848 0.141306
0 0.62147 0.237879 0.136526 0.184545
0 0.934385 0.458585 0.125192 0.136255
0 0.439572 0.361785 0.173247 0.145929
0 0.693884 0.465104 0.2475 0.237735
0 0.365164 0.469096 0.12916 0.144531
0 0.229042 0.356956 0.378189 0.427817
0 0.91782 0.244013 0.11423 0.0995435
0 0.535961 0.339805 0.104495 0.103653
0 0.245928 0.369764 0.491856 0.466608
0 0.632572 0.254036 0.169349 0.195954
0 0.563459 0.429621 0.0951848 0.141306
0 0.62147 0.237879 0.136526 0.184545
0 0.934385 0.458585 0.125192 0.136255
0 0.443984 0.363448 0.152921 0.147857
0 0.886384 0.933177 0.195273 0.133646
0 0.691344 0.455751 0.206847 0.228785
0 0.290157 0.119932 0.144717 0.239864
0 0.616935 0.234858 0.151119 0.199442
0 0.251115 0.391786 0.381713 0.486418
0 0.91574 0.252856 0.116283 0.111632
