0 0.627279 0.39231 0.225785 0.220705
0 0.159366 0.0629301 0.13429 0.12586
0 0.586621 0.880786 0.135457 0.238428
0 0.398757 0.430065 0.204547 0.160114
0 0.381166 0.858192 0.194705 0.272111
0 0.417846 0.225901 0.206828 0.226118
0 0.653919 0.404186 0.171039 0.227208
0 0.791484 0.527944 0.288218 0.218473
0 0.552762 0.82847 0.23377 0.343061
0 0.967228 0.729323 0.0655441 0.187192
0 0.322864 0.205516 0.220604 0.183161
0 0.307037 0.192172 0.170318 0.135555
0 0.929823 0.313167 0.134299 0.12294
0 0.70632 0.566678 0.152343 0.147995
0 0.187045 0.159036 0.112441 0.119338
0 0.533773 0.165009 0.108652 0.107759
0 0.0537862 0.140547 0.104703 0.107086
0 0.435386 0.218416 0.157091 0.19383
0 0.199032 0.242604 0.107459 0.0971867
0 0.565303 0.564337 0.128484 0.144258
0 0.344555 0.212306 0.273288 0.218282
0 0.627279 0.39231 0.225785 0.220705
0 0.159366 0.0629301 0.13429 0.12586
0 0.586621 0.880786 0.135457 0.238428
0 0.398757 0.430065 0.204547 0.160114
0 0.381166 0.858192 0.194705 0.272111
0 0.417846 0.225901 0.206828 0.226118
0 0.653919 0.404186 0.171039 0.227208
0 0.791484 0.527944 0.288218 0.218473
0 0.552762 0.82847 0.23377 0.343061
0 0.967228 0.729323 0.0655441 0.187192
0 0.322864 0.205516 0.220604 0.183161
0 0.307037 0.192172 0.170318 0.135555
0 0.929823 0.313167 0.134299 0.12294
0 0.70632 0.566678 0.152343 0.147995
0 0.187045 0.159036 0.112441 0.119338
0 0.533773 0.165009 0.108652 0.107759
0 0.0537862 0.140547 0.104703 0.107086
0 0.435386 0.218416 0.157091 0.19383
0 0.199032 0.242604 0.107459 0.0971867
0 0.565303 0.564337 0.128484 0.144258
0 0.344555 0.212306 0.273288 0.218282
0 0.638604 0.385866 0.187813 0.225354
0 0.405629 0.433 0.19605 0.172448
0 0.320148 0.203191 0.178018 0.155237
0 0.433693 0.222329 0.183006 0.202595
0 0.546311 0.803772 0.279148 0.392457
0 0.922884 0.314595 0.142661 0.123376
0 0.791856 0.518622 0.203429 0.161155
0 0.367359 0.847669 0.190694 0.296438
0 0.629155 0.58594 0.27644 0.205026
0 0.144726 0.0708468 0.167975 0.141694
0 0.967313 0.73658 0.0653746 0.256935
0 0.069748 0.127611 0.0998492 0.12281
0 0.179796 0.162474 0.118621 0.118579
0 0.518362 0.403422 0.0990305 0.0763061
