0 0.562946 0.737779 0.0958069 0.25058
0 0.585034 0.463698 0.0856246 0.175942
0 0.822821 0.835505 0.168196 0.138337
0 0.632752 0.67073 0.106681 0.190662
0 0.299014 0.806338 0.14463 0.344416
0 0.342621 0.535587 0.075773 0.198427
0 0.497196 0.803262 0.119351 0.350309
0 0.50564 0.447098 0.0762579 0.12423
0 0.207312 0.577882 0.12351 0.129476
0 0.918891 0.904872 0.108988 0.190256
0 0.0559116 0.370538 0.111823 0.133468
0 0.30546 0.250932 0.0946122 0.136486
0 0.676859 0.876498 0.114624 0.201122
0 0.402842 0.576626 0.0456514 0.129291
0 0.488662 0.56246 0.112045 0.144806
0 0.80959 0.461133 0.0751946 0.0808667
0 0.169886 0.228077 0.213608 0.192121
0 0.862615 0.583915 0.12665 0.198174
0 0.419363 0.426624 0.0561976 0.136022
0 0.922062 0.646255 0.0799637 0.111273
0 0.489952 0.800077 0.154878 0.399845
0 0.645616 0.789142 0.0660915 0.162504
0 0.562946 0.737779 0.0958069 0.25058
0 0.585034 0.463698 0.0856246 0.175942
0 0.822821 0.835505 0.168196 0.138337
0 0.632752 0.67073 0.106681 0.190662
0 0.299014 0.806338 0.14463 0.344416
0 0.342621 0.535587 0.075773 0.198427
0 0.497196 0.803262 0.119351 0.350309
0 0.50564 0.447098 0.0762579 0.12423
0 0.207312 0.577882 0.12351 0.129476
0 0.918891 0.904872 0.108988 0.190256
0 0.0559116 0.370538 0.111823 0.133468
0 0.30546 0.250932 0.0946122 0.136486
0 0.676859 0.876498 0.114624 0.201122
0 0.402842 0.576626 0.0456514 0.129291
0 0.488662 0.56246 0.112045 0.144806
0 0.80959 0.461133 0.0751946 0.0808667
0 0.169886 0.228077 0.213608 0.192121
0 0.862615 0.583915 0.12665 0.198174
0 0.419363 0.426624 0.0561976 0.136022
0 0.922062 0.646255 0.0799637 0.111273
0 0.489952 0.800077 0.154878 0.399845
0 0.645616 0.789142 0.0660915 0.162504
0 0.624668 0.664246 0.11501 0.177488
0 0.507043 0.445085 0.0772301 0.12005
0 0.815039 0.835278 0.165184 0.150221
0 0.139863 0.200521 0.148764 0.140243
0 0.299145 0.80378 0.1507 0.344658
0 0.343338 0.534256 0.0795129 0.155468
0 0.5816 0.455211 0.0843609 0.159081
0 0.486247 0.564817 0.119091 0.135149
0 0.68597 0.877823 0.0967621 0.176577
0 0.208072 0.582709 0.112956 0.126232
0 0.403447 0.573098 0.0457317 0.106019
0 0.814452 0.467059 0.0819042 0.0821313
0 0.489641 0.800921 0.111657 0.316249
0 0.560997 0.732719 0.0984065 0.250037
0 0.10178 0.104531 0.132942 0.102369
0 0.915518 0.888043 0.127549 0.223915
0 0.306098 0.261361 0.101959 0.138975
0 0.867069 0.586848 0.123827 0.206629
0 0.0544425 0.37917 0.105524 0.107911
0 0.646232 0.768071 0.071012 0.139285
0 0.37563 0.154631 0.0570395 0.0793701
0 0.0566874 0.353832 0.111867 0.170861
0 0.0721312 0.872615 0.131097 0.253113
