0 0.284617 0.39345 0.142964 0.170592
0 0.388491 0.533438 0.105035 0.142758
0 0.111299 0.370027 0.217264 0.21296
0 0.514643 0.439102 0.139357 0.12522
0 0.956183 0.806722 0.0845856 0.191871
0 0.277542 0.0399301 0.10735 0.0798602
0 0.696182 0.234889 0.0926411 0.111338
0 0.499207 0.2072 0.096142 0.0963494
0 0.284617 0.39345 0.142964 0.170592
0 0.388491 0.533438 0.105035 0.142758
0 0.111299 0.370027 0.217264 0.21296
0 0.514643 0.439102 0.139357 0.12522
0 0.956183 0.806722 0.0845856 0.191871
0 0.277542 0.0399301 0.10735 0.0798602
0 0.696182 0.234889 0.0926411 0.111338
0 0.499207 0.2072 0.096142 0.0963494
0 0.125456 0.364805 0.148181 0.224278
0 0.956165 0.807045 0.0818703 0.180034
0 0.695668 0.244381 0.0972166 0.104248
0 0.384054 0.539629 0.0877983 0.134972
0 0.291197 0.399299 0.142195 0.164315
0 0.51998 0.436654 0.128735 0.121156
0 0.0480262 0.371372 0.093065 0.144117
