0 0.135945 0.165754 0.164866 0.145445
0 0.311218 0.126384 0.160216 0.11069
0 0.650712 0.654889 0.184838 0.152265
0 0.892267 0.50418 0.101987 0.167925
0 0.610604 0.217824 0.118188 0.110566
0 0.826507 0.580607 0.113987 0.277589
0 0.440234 0.899027 0.0919236 0.131444
0 0.647452 0.332169 0.111281 0.0962157
0 0.0569131 0.0367807 0.0724032 0.0569894
0 0.323052 0.133886 0.143854 0.0895007
0 0.135945 0.165754 0.164866 0.145445
0 0.311218 0.126384 0.160216 0.11069
0 0.650712 0.654889 0.184838 0.152265
0 0.892267 0.50418 0.101987 0.167925
0 0.610604 0.217824 0.118188 0.110566
0 0.826507 0.580607 0.113987 0.277589
0 0.440234 0.899027 0.0919236 0.131444
0 0.647452 0.332169 0.111281 0.0962157
0 0.0569131 0.0367807 0.0724032 0.0569894
0 0.323052 0.133886 0.143854 0.0895007
0 0.311801 0.125937 0.17749 0.118075
0 0.133614 0.154989 0.155622 0.130758
0 0.644292 0.656891 0.207427 0.174803
0 0.651554 0.33345 0.120683 0.106169
0 0.419401 0.174101 0.153223 0.116531
0 0.604261 0.217162 0.128807 0.105495
0 0.764547 0.221982 0.179996 0.167057
0 0.818185 0.590671 0.0967231 0.255934
0 0.891878 0.50158 0.09849 0.150351
0 0.71486 0.0163608 0.171062 0.0327215
0 0.948477 0.707376 0.103045 0.109233
0 0.864456 0.286811 0.0897327 0.0496507
