0 0.682449 0.472332 0.250086 0.193773
0 0.541879 0.294812 0.148401 0.149997
0 0.501444 0.813005 0.103444 0.272504
0 0.841232 0.289898 0.138572 0.102295
0 0.413431 0.406141 0.103937 0.179146
0 0.682449 0.472332 0.250086 0.193773
0 0.541879 0.294812 0.148401 0.149997
0 0.501444 0.813005 0.103444 0.272504
0 0.841232 0.289898 0.138572 0.102295
0 0.413431 0.406141 0.103937 0.179146
0 0.682869 0.469826 0.248524 0.187671
0 0.50108 0.818401 0.0972047 0.245214
0 0.530913 0.294674 0.147805 0.144507
0 0.839928 0.295776 0.142247 0.107635
0 0.418149 0.403586 0.139539 0.169277
