0 0.813006 0.552325 0.156252 0.200253
0 0.548056 0.656767 0.296876 0.257467
0 0.104483 0.741078 0.208966 0.255595
0 0.881042 0.83998 0.126425 0.310304
0 0.952184 0.764348 0.0956326 0.212369
0 0.093983 0.347067 0.179099 0.214968
0 0.322131 0.452357 0.177326 0.174733
0 0.744469 0.895925 0.166291 0.20815
0 0.0732136 0.545624 0.131496 0.156652
0 0.370399 0.157148 0.114106 0.104548
0 0.405031 0.367599 0.111941 0.135308
0 0.772371 0.386552 0.0849662 0.149885
0 0.680458 0.432535 0.0810555 0.13632
0 0.859831 0.292936 0.109857 0.144727
0 0.4516 0.244296 0.11817 0.094124
0 0.260981 0.0849338 0.105098 0.0836354
0 0.693413 0.260826 0.132458 0.116944
0 0.0251929 0.943073 0.0450798 0.113854
0 0.813006 0.552325 0.156252 0.200253
0 0.548056 0.656767 0.296876 0.257467
0 0.104483 0.741078 0.208966 0.255595
0 0.881042 0.83998 0.126425 0.310304
0 0.952184 0.764348 0.0956326 0.212369
0 0.093983 0.347067 0.179099 0.214968
0 0.322131 0.452357 0.177326 0.174733
0 0.744469 0.895925 0.166291 0.20815
0 0.0732136 0.545624 0.131496 0.156652
0 0.370399 0.157148 0.114106 0.104548
0 0.405031 0.367599 0.111941 0.135308
0 0.772371 0.386552 0.0849662 0.149885
0 0.680458 0.432535 0.0810555 0.13632
0 0.859831 0.292936 0.109857 0.144727
0 0.4516 0.244296 0.11817 0.094124
0 0.260981 0.0849338 0.105098 0.0836354
0 0.693413 0.260826 0.132458 0.116944
0 0.0251929 0.943073 0.0450798 0.113854
0 0.555744 0.662858 0.278273 0.287803
0 0.882182 0.840614 0.140864 0.296508
0 0.0803505 0.537847 0.153389 0.185249
0 0.404159 0.366909 0.128163 0.146321
0 0.747624 0.903788 0.15192 0.192425
0 0.811648 0.557443 0.148028 0.195219
0 0.0936436 0.357408 0.187287 0.227889
0 0.337358 0.453414 0.217292 0.201963
0 0.127455 0.796028 0.254909 0.354133
0 0.706244 0.25218 0.083688 0.105771
0 0.855423 0.30348 0.0927616 0.137702
0 0.0877584 0.331088 0.175517 0.168193
0 0.686557 0.431943 0.0724917 0.120052
0 0.948865 0.760242 0.102271 0.251281
0 0.0352259 0.923585 0.0662863 0.10288
0 0.18103 0.811427 0.342821 0.377145
0 0.454622 0.0358037 0.0708965 0.0716075
0 0.441023 0.252301 0.0741329 0.0778242
