0 0.0825254 0.749919 0.165051 0.300264
0 0.0664827 0.517353 0.132965 0.196315
0 0.834799 0.497845 0.158645 0.124619
0 0.0668954 0.259454 0.133459 0.154693
0 0.801398 0.819634 0.227165 0.24587
0 0.28728 0.219135 0.146148 0.163083
0 0.20929 0.265534 0.122212 0.136168
0 0.564558 0.413785 0.326181 0.278345
0 0.536121 0.852314 0.205693 0.295372
0 0.582062 0.671961 0.0963781 0.128094
0 0.248361 0.163915 0.090454 0.124599
0 0.531667 0.447786 0.405206 0.373153
0 0.949255 0.555623 0.0968479 0.165714
0 0.474051 0.039244 0.104822 0.0724509
0 0.706298 0.525312 0.0377357 0.0898197
0 0.0825254 0.749919 0.165051 0.300264
0 0.0664827 0.517353 0.132965 0.196315
0 0.834799 0.497845 0.158645 0.124619
0 0.0668954 0.259454 0.133459 0.154693
0 0.801398 0.819634 0.227165 0.24587
0 0.28728 0.219135 0.146148 0.163083
0 0.20929 0.265534 0.122212 0.136168
0 0.564558 0.413785 0.326181 0.278345
0 0.536121 0.852314 0.205693 0.295372
0 0.582062 0.671961 0.0963781 0.128094
0 0.248361 0.163915 0.090454 0.124599
0 0.531667 0.447786 0.405206 0.373153
0 0.949255 0.555623 0.0968479 0.165714
0 0.474051 0.039244 0.104822 0.0724509
0 0.706298 0.525312 0.0377357 0.0898197
0 0.473099 0.0393282 0.10145 0.0684622
0 0.828891 0.488343 0.140586 0.105513
0 0.073558 0.524404 0.147116 0.180114
0 0.793362 0.828054 0.21827 0.233558
0 0.284727 0.229085 0.125198 0.151393
0 0.0670764 0.249717 0.133363 0.179881
0 0.94039 0.243358 0.0834858 0.0556703
0 0.0912383 0.742791 0.181289 0.311955
0 0.584406 0.666183 0.0878119 0.111243
0 0.531265 0.850237 0.177548 0.265414
0 0.0621231 0.0305438 0.118422 0.0610876
0 0.552424 0.459393 0.435085 0.421659
0 0.902503 0.943625 0.194993 0.112749
0 0.0742733 0.0304253 0.0923397 0.0513247
0 0.19066 0.265542 0.0842729 0.164599
