0 0.449239 0.525679 0.171406 0.120477
0 0.500659 0.281143 0.112506 0.11166
0 0.797583 0.611805 0.142391 0.1407
0 0.389957 0.877914 0.168131 0.244172
0 0.337922 0.287846 0.0557397 0.125266
0 0.0434873 0.371296 0.0860042 0.189369
0 0.883717 0.504595 0.0832886 0.152171
0 0.0774532 0.148303 0.129543 0.117271
0 0.855457 0.27712 0.133481 0.104757
0 0.970147 0.502768 0.048114 0.153325
0 0.0642959 0.136918 0.115889 0.0956783
0 0.970953 0.787114 0.0579523 0.148009
0 0.259299 0.227612 0.12078 0.113939
0 0.449239 0.525679 0.171406 0.120477
0 0.500659 0.281143 0.112506 0.11166
0 0.797583 0.611805 0.142391 0.1407
0 0.389957 0.877914 0.168131 0.244172
0 0.337922 0.287846 0.0557397 0.125266
0 0.0434873 0.371296 0.0860042 0.189369
0 0.883717 0.504595 0.0832886 0.152171
0 0.0774532 0.148303 0.129543 0.117271
0 0.855457 0.27712 0.133481 0.104757
0 0.970147 0.502768 0.048114 0.153325
0 0.0642959 0.136918 0.115889 0.0956783
0 0.970953 0.787114 0.0579523 0.148009
0 0.259299 0.227612 0.12078 0.113939
0 0.0793679 0.154461 0.158736 0.127009
0 0.796334 0.618645 0.133557 0.132072
0 0.444283 0.52915 0.176388 0.127547
0 0.500559 0.289619 0.119079 0.118193
0 0.853156 0.279272 0.156422 0.119405
0 0.391542 0.874851 0.148074 0.250298
0 0.257647 0.227216 0.114882 0.114549
0 0.692353 0.747592 0.167917 0.229791
0 0.969259 0.509371 0.0567982 0.190882
0 0.0433922 0.365478 0.0819964 0.22899
0 0.978285 0.63956 0.0434294 0.140152
0 0.598823 0.151484 0.0617172 0.0449171
0 0.882283 0.49623 0.0697607 0.133006
0 0.211478 0.90296 0.220964 0.187536
