0 0.908195 0.499883 0.133198 0.131145
0 0.745851 0.425074 0.0940139 0.17014
0 0.442168 0.320978 0.0924486 0.145144
0 0.216467 0.0883704 0.158696 0.11025
0 0.240837 0.302335 0.0911319 0.0865311
0 0.47832 0.147352 0.0857567 0.0701965
0 0.769103 0.779219 0.107373 0.33356
0 0.726518 0.26367 0.0836491 0.0773501
0 0.763077 0.794649 0.148266 0.410702
0 0.14164 0.0943572 0.0890034 0.0638816
0 0.908195 0.499883 0.133198 0.131145
0 0.745851 0.425074 0.0940139 0.17014
0 0.442168 0.320978 0.0924486 0.145144
0 0.216467 0.0883704 0.158696 0.11025
0 0.240837 0.302335 0.0911319 0.0865311
0 0.47832 0.147352 0.0857567 0.0701965
0 0.769103 0.779219 0.107373 0.33356
0 0.726518 0.26367 0.0836491 0.0773501
0 0.763077 0.794649 0.148266 0.410702
0 0.14164 0.0943572 0.0890034 0.0638816
0 0.211786 0.0960364 0.1772 0.116016
0 0.902172 0.495921 0.133558 0.13338
0 0.743774 0.427326 0.0870794 0.161707
0 0.436904 0.320063 0.0893931 0.1314
0 0.242789 0.303485 0.102761 0.069294
0 0.468981 0.146065 0.0588318 0.0636522
0 0.727502 0.267185 0.083807 0.0629546
0 0.773925 0.773076 0.114032 0.377663
0 0.346333 0.184587 0.0672714 0.0847467
0 0.580596 0.10548 0.0674915 0.0579733
