0 0.19188 0.24612 0.135239 0.16653
0 0.313973 0.314651 0.15015 0.119569
0 0.521254 0.356657 0.0921286 0.099474
0 0.969225 0.704011 0.0615496 0.164735
0 0.801279 0.734244 0.106645 0.150318
0 0.419782 0.17654 0.0867941 0.104086
0 0.19188 0.24612 0.135239 0.16653
0 0.313973 0.314651 0.15015 0.119569
0 0.521254 0.356657 0.0921286 0.099474
0 0.969225 0.704011 0.0615496 0.164735
0 0.801279 0.734244 0.106645 0.150318
0 0.419782 0.17654 0.0867941 0.104086
0 0.309411 0.311166 0.166621 0.13033
0 0.201091 0.242578 0.122761 0.157458
0 0.0697919 0.223431 0.139584 0.154942
0 0.969116 0.725565 0.0617674 0.158003
0 0.366833 0.437405 0.0884425 0.101055
0 0.424889 0.175012 0.0947304 0.0911469
