0 0.857192 0.668082 0.134425 0.127345
0 0.599163 0.582867 0.172539 0.128866
0 0.060255 0.401468 0.117745 0.285465
0 0.905832 0.336332 0.137126 0.129096
0 0.373965 0.892197 0.159507 0.215607
0 0.34285 0.342016 0.0713928 0.117913
0 0.967339 0.664696 0.0566223 0.144728
0 0.517675 0.307708 0.0932562 0.125628
0 0.934177 0.836361 0.105488 0.117108
0 0.257253 0.25137 0.10653 0.0839437
0 0.0495657 0.165422 0.0991315 0.120646
0 0.370521 0.251981 0.0715963 0.0680521
0 0.857192 0.668082 0.134425 0.127345
0 0.599163 0.582867 0.172539 0.128866
0 0.060255 0.401468 0.117745 0.285465
0 0.905832 0.336332 0.137126 0.129096
0 0.373965 0.892197 0.159507 0.215607
0 0.34285 0.342016 0.0713928 0.117913
0 0.967339 0.664696 0.0566223 0.144728
0 0.517675 0.307708 0.0932562 0.125628
0 0.934177 0.836361 0.105488 0.117108
0 0.257253 0.25137 0.10653 0.0839437
0 0.0495657 0.165422 0.0991315 0.120646
0 0.370521 0.251981 0.0715963 0.0680521
0 0.899794 0.332386 0.15158 0.123879
0 0.375859 0.890598 0.147526 0.218804
0 0.854323 0.668371 0.137974 0.117488
0 0.258188 0.244899 0.0953311 0.087826
0 0.593103 0.592656 0.170313 0.131691
0 0.0543725 0.419336 0.108745 0.257216
0 0.939137 0.829217 0.113582 0.119337
0 0.505766 0.311568 0.105203 0.124223
0 0.340158 0.343721 0.0656714 0.119084
0 0.0582737 0.167204 0.115649 0.107446
0 0.862855 0.242971 0.0896492 0.0633698
0 0.973334 0.661579 0.04907 0.142615
0 0.93126 0.518663 0.120433 0.173417
0 0.701117 0.746233 0.161198 0.238601
0 0.0673847 0.179676 0.134769 0.133325
