0 0.207916 0.583731 0.297103 0.214679
0 0.39672 0.361179 0.115101 0.122527
0 0.450048 0.642286 0.237814 0.234855
0 0.911342 0.728073 0.0843765 0.136239
0 0.793657 0.824273 0.0741424 0.143826
0 0.510166 0.329905 0.138945 0.165252
0 0.307152 0.766369 0.116383 0.154841
0 0.557353 0.909858 0.0723316 0.180283
0 0.981331 0.746599 0.0373378 0.102248
0 0.410772 0.639994 0.156843 0.233834
0 0.29468 0.778919 0.137507 0.189001
0 0.819219 0.690079 0.0504107 0.0873928
0 0.922203 0.949666 0.0792458 0.100667
0 0.0888914 0.884331 0.108497 0.100354
0 0.207916 0.583731 0.297103 0.214679
0 0.39672 0.361179 0.115101 0.122527
0 0.450048 0.642286 0.237814 0.234855
0 0.911342 0.728073 0.0843765 0.136239
0 0.793657 0.824273 0.0741424 0.143826
0 0.510166 0.329905 0.138945 0.165252
0 0.307152 0.766369 0.116383 0.154841
0 0.557353 0.909858 0.0723316 0.180283
0 0.981331 0.746599 0.0373378 0.102248
0 0.410772 0.639994 0.156843 0.233834
0 0.29468 0.778919 0.137507 0.189001
0 0.819219 0.690079 0.0504107 0.0873928
0 0.922203 0.949666 0.0792458 0.100667
0 0.0888914 0.884331 0.108497 0.100354
0 0.397631 0.363327 0.123451 0.133478
0 0.303059 0.783587 0.14316 0.229838
0 0.522328 0.332062 0.15133 0.171859
0 0.216644 0.58348 0.28006 0.211781
0 0.465186 0.651837 0.307406 0.289235
0 0.551525 0.0780245 0.103981 0.0648918
0 0.797987 0.826801 0.0708431 0.145398
0 0.0516905 0.451063 0.102442 0.184315
0 0.921065 0.948735 0.0966759 0.0990467
0 0.0666937 0.0639854 0.0567502 0.112735
0 0.0521021 0.790612 0.0974333 0.170974
0 0.53718 0.527814 0.0848599 0.216147
0 0.572933 0.765003 0.170657 0.278181
0 0.547162 0.90114 0.075551 0.178623
0 0.250705 0.591381 0.208378 0.217575
0 0.688591 0.919924 0.0614204 0.160152
0 0.020928 0.0463495 0.0418559 0.078603
0 0.87708 0.386755 0.0842297 0.0897347
0 0.502679 0.205071 0.0861617 0.0693099
0 0.747707 0.705602 0.0526791 0.101373
0 0.97954 0.754264 0.0409208 0.107836
