0 0.701801 0.591186 0.199936 0.280364
0 0.841788 0.495587 0.15625 0.159674
0 0.152905 0.679424 0.194113 0.201875
0 0.947329 0.776362 0.104559 0.200875
0 0.180961 0.469937 0.183668 0.196141
0 0.501661 0.443675 0.21372 0.256768
0 0.38593 0.769944 0.391336 0.367038
0 0.8322 0.589808 0.102768 0.111263
0 0.118135 0.441985 0.0925823 0.171202
0 0.885977 0.400917 0.133815 0.121188
0 0.450504 0.806588 0.428274 0.381955
0 0.377832 0.771483 0.505886 0.445527
0 0.523831 0.420942 0.138362 0.168426
0 0.680764 0.817102 0.0706207 0.152172
0 0.379379 0.423831 0.0632596 0.103665
0 0.525854 0.840776 0.402164 0.318448
0 0.701801 0.591186 0.199936 0.280364
0 0.841788 0.495587 0.15625 0.159674
0 0.152905 0.679424 0.194113 0.201875
0 0.947329 0.776362 0.104559 0.200875
0 0.180961 0.469937 0.183668 0.196141
0 0.501661 0.443675 0.21372 0.256768
0 0.38593 0.769944 0.391336 0.367038
0 0.8322 0.589808 0.102768 0.111263
0 0.118135 0.441985 0.0925823 0.171202
0 0.885977 0.400917 0.133815 0.121188
0 0.450504 0.806588 0.428274 0.381955
0 0.377832 0.771483 0.505886 0.445527
0 0.523831 0.420942 0.138362 0.168426
0 0.680764 0.817102 0.0706207 0.152172
0 0.379379 0.423831 0.0632596 0.103665
0 0.525854 0.840776 0.402164 0.318448
0 0.183704 0.482469 0.187533 0.208324
0 0.835823 0.499373 0.161373 0.187324
0 0.489137 0.467734 0.219087 0.255655
0 0.705972 0.605875 0.220488 0.286914
0 0.141842 0.685301 0.207803 0.210164
0 0.116239 0.437128 0.0947588 0.16336
0 0.836764 0.594619 0.0807128 0.0925311
0 0.387847 0.773536 0.382175 0.355914
0 0.0473663 0.463924 0.0947327 0.2146
0 0.955072 0.771457 0.0863045 0.193206
0 0.184321 0.212385 0.0687915 0.0543449
0 0.513558 0.815176 0.391706 0.331561
0 0.459991 0.800791 0.454172 0.392218
