0 0.462047 0.763292 0.184253 0.28199
0 0.522042 0.591454 0.123977 0.229837
0 0.780354 0.861652 0.16592 0.187181
0 0.196357 0.795329 0.193794 0.409342
0 0.272838 0.502192 0.112002 0.138182
0 0.115135 0.364472 0.135854 0.159911
0 0.763135 0.533733 0.0591125 0.124702
0 0.656455 0.638388 0.121768 0.239095
0 0.427338 0.426105 0.0914348 0.10692
0 0.847889 0.488136 0.143556 0.179856
0 0.935411 0.726031 0.129178 0.248995
0 0.530186 0.32501 0.0440504 0.103332
0 0.43473 0.309024 0.137784 0.172393
0 0.396517 0.529886 0.0539893 0.09707
0 0.733549 0.935919 0.105411 0.128162
0 0.257384 0.238446 0.112584 0.146983
0 0.0500989 0.233213 0.0960576 0.122519
0 0.2003 0.637615 0.0818298 0.111793
0 0.462047 0.763292 0.184253 0.28199
0 0.522042 0.591454 0.123977 0.229837
0 0.780354 0.861652 0.16592 0.187181
0 0.196357 0.795329 0.193794 0.409342
0 0.272838 0.502192 0.112002 0.138182
0 0.115135 0.364472 0.135854 0.159911
0 0.763135 0.533733 0.0591125 0.124702
0 0.656455 0.638388 0.121768 0.239095
0 0.427338 0.426105 0.0914348 0.10692
0 0.847889 0.488136 0.143556 0.179856
0 0.935411 0.726031 0.129178 0.248995
0 0.530186 0.32501 0.0440504 0.103332
0 0.43473 0.309024 0.137784 0.172393
0 0.396517 0.529886 0.0539893 0.09707
0 0.733549 0.935919 0.105411 0.128162
0 0.257384 0.238446 0.112584 0.146983
0 0.0500989 0.233213 0.0960576 0.122519
0 0.2003 0.637615 0.0818298 0.111793
0 0.521027 0.59242 0.133699 0.239998
0 0.774709 0.85345 0.157253 0.169285
0 0.646569 0.638823 0.128145 0.218589
0 0.107696 0.373646 0.142888 0.15586
0 0.463419 0.773306 0.178772 0.28093
0 0.936509 0.724541 0.126982 0.24831
0 0.27475 0.503719 0.102428 0.123723
0 0.43343 0.313366 0.122146 0.195205
0 0.43176 0.418928 0.0834463 0.107696
0 0.261225 0.244531 0.114347 0.129513
0 0.187751 0.793888 0.190655 0.365815
0 0.0459469 0.237222 0.0897803 0.121279
0 0.394787 0.529764 0.0777112 0.0972966
0 0.92356 0.573915 0.076532 0.0647951
0 0.757691 0.522117 0.0597816 0.121804
