0 0.237942 0.538366 0.097986 0.230668
0 0.373907 0.389288 0.300442 0.284074
0 0.199256 0.328065 0.138742 0.247263
0 0.413942 0.226162 0.150754 0.168628
0 0.335849 0.0347014 0.105601 0.0694028
0 0.373177 0.391983 0.36594 0.335817
0 0.189153 0.332734 0.117364 0.190882
0 0.762096 0.223862 0.103745 0.0860926
0 0.810093 0.904682 0.116562 0.162407
0 0.237942 0.538366 0.097986 0.230668
0 0.373907 0.389288 0.300442 0.284074
0 0.199256 0.328065 0.138742 0.247263
0 0.413942 0.226162 0.150754 0.168628
0 0.335849 0.0347014 0.105601 0.0694028
0 0.373177 0.391983 0.36594 0.335817
0 0.189153 0.332734 0.117364 0.190882
0 0.762096 0.223862 0.103745 0.0860926
0 0.810093 0.904682 0.116562 0.162407
0 0.202476 0.327035 0.126288 0.234858
0 0.377583 0.389017 0.272919 0.266436
0 0.411452 0.221573 0.161378 0.168579
0 0.767348 0.23157 0.0991819 0.076665
0 0.223064 0.486956 0.114731 0.343256
0 0.880263 0.348378 0.0734203 0.100207
0 0.269593 0.403672 0.143185 0.150515
0 0.228043 0.515409 0.10314 0.235636
0 0.331847 0.0361613 0.0942904 0.0723226
