0 0.784913 0.551852 0.150523 0.2297
0 0.394967 0.427114 0.118965 0.12425
0 0.934943 0.214665 0.130115 0.126387
0 0.544648 0.403273 0.239529 0.319327
0 0.57301 0.438835 0.157685 0.222224
0 0.921609 0.362283 0.137864 0.136228
0 0.836883 0.179503 0.110356 0.0966419
0 0.915897 0.882066 0.168206 0.235868
0 0.644791 0.51326 0.116588 0.227989
0 0.977603 0.557469 0.0405695 0.126959
0 0.887074 0.689528 0.0806947 0.183094
0 0.865149 0.331685 0.113564 0.0863535
0 0.784913 0.551852 0.150523 0.2297
0 0.394967 0.427114 0.118965 0.12425
0 0.934943 0.214665 0.130115 0.126387
0 0.544648 0.403273 0.239529 0.319327
0 0.57301 0.438835 0.157685 0.222224
0 0.921609 0.362283 0.137864 0.136228
0 0.836883 0.179503 0.110356 0.0966419
0 0.915897 0.882066 0.168206 0.235868
0 0.644791 0.51326 0.116588 0.227989
0 0.977603 0.557469 0.0405695 0.126959
0 0.887074 0.689528 0.0806947 0.183094
0 0.865149 0.331685 0.113564 0.0863535
0 0.784189 0.560234 0.156626 0.223534
0 0.137761 0.20014 0.226626 0.222484
0 0.935329 0.207585 0.129341 0.108212
0 0.534722 0.396195 0.204922 0.314499
0 0.906742 0.872463 0.186517 0.255075
0 0.831058 0.181404 0.120358 0.106416
0 0.482032 0.644799 0.240435 0.251948
