0 0.809399 0.175659 0.222155 0.165816
0 0.591138 0.350291 0.121705 0.0976459
0 0.619554 0.194204 0.126308 0.102785
0 0.944189 0.315641 0.111622 0.158227
0 0.641041 0.288265 0.0970134 0.083218
0 0.809399 0.175659 0.222155 0.165816
0 0.591138 0.350291 0.121705 0.0976459
0 0.619554 0.194204 0.126308 0.102785
0 0.944189 0.315641 0.111622 0.158227
0 0.641041 0.288265 0.0970134 0.083218
0 0.583297 0.353415 0.137681 0.103512
0 0.643951 0.293044 0.101075 0.0668089
0 0.822794 0.180584 0.231209 0.174664
0 0.620064 0.189388 0.12376 0.116636
0 0.943509 0.307616 0.112062 0.192971
