0 0.275152 0.55505 0.218617 0.34323
0 0.462408 0.290383 0.144193 0.161794
0 0.120753 0.529708 0.188744 0.214884
0 0.54306 0.753013 0.161261 0.272675
0 0.877035 0.721276 0.0892944 0.124482
0 0.890593 0.934844 0.0649941 0.130313
0 0.748025 0.766868 0.0823625 0.255094
0 0.946988 0.699437 0.0918163 0.172074
0 0.284904 0.714958 0.148056 0.163591
0 0.667985 0.88543 0.0787352 0.217974
0 0.0734256 0.920123 0.10672 0.159753
0 0.525166 0.73248 0.131459 0.194915
0 0.502598 0.903745 0.061203 0.19251
0 0.268167 0.736855 0.171116 0.231531
0 0.79069 0.669269 0.0531509 0.085347
0 0.514903 0.497259 0.0508148 0.162964
0 0.700248 0.583259 0.0731873 0.160254
0 0.275152 0.55505 0.218617 0.34323
0 0.462408 0.290383 0.144193 0.161794
0 0.120753 0.529708 0.188744 0.214884
0 0.54306 0.753013 0.161261 0.272675
0 0.877035 0.721276 0.0892944 0.124482
0 0.890593 0.934844 0.0649941 0.130313
0 0.748025 0.766868 0.0823625 0.255094
0 0.946988 0.699437 0.0918163 0.172074
0 0.284904 0.714958 0.148056 0.163591
0 0.667985 0.88543 0.0787352 0.217974
0 0.0734256 0.920123 0.10672 0.159753
0 0.525166 0.73248 0.131459 0.194915
0 0.502598 0.903745 0.061203 0.19251
0 0.268167 0.736855 0.171116 0.231531
0 0.79069 0.669269 0.0531509 0.085347
0 0.514903 0.497259 0.0508148 0.162964
0 0.700248 0.583259 0.0731873 0.160254
0 0.265351 0.749183 0.133554 0.211675
0 0.471759 0.291869 0.145009 0.168567
0 0.234197 0.562969 0.320842 0.380259
0 0.667334 0.899547 0.0715888 0.200905
0 0.125735 0.55938 0.210737 0.153642
0 0.886275 0.931361 0.0696205 0.126623
0 0.54684 0.757297 0.181327 0.278269
0 0.87722 0.72729 0.0871323 0.112612
0 0.757121 0.797636 0.0683377 0.170242
0 0.274754 0.551988 0.226547 0.356244
0 0.937083 0.67754 0.115844 0.139252
0 0.505798 0.901138 0.0607342 0.186807
0 0.0267664 0.76709 0.0535328 0.0806676
0 0.101478 0.929969 0.071929 0.136574
0 0.792837 0.675075 0.050551 0.0727398
0 0.498194 0.525161 0.0927282 0.210081
