0 0.927013 0.737242 0.145974 0.220154
0 0.760079 0.679465 0.182854 0.256242
0 0.474282 0.311689 0.135562 0.167703
0 0.259542 0.785805 0.0690259 0.261112
0 0.497117 0.836709 0.107728 0.117068
0 0.480146 0.625233 0.123261 0.143059
0 0.69393 0.373955 0.148894 0.16903
0 0.127421 0.911063 0.117039 0.177874
0 0.436415 0.906087 0.112365 0.187825
0 0.246555 0.520605 0.0616223 0.165015
0 0.336915 0.512673 0.105156 0.178524
0 0.214183 0.479064 0.0558324 0.149977
0 0.449843 0.473267 0.0561088 0.097328
0 0.0791698 0.543728 0.0651341 0.219758
0 0.968281 0.568123 0.0596556 0.127153
0 0.0779801 0.135856 0.127503 0.0908577
0 0.239143 0.517655 0.0650876 0.192561
0 0.572383 0.856096 0.0794908 0.160975
0 0.119146 0.337886 0.0985376 0.0778314
0 0.222797 0.502008 0.0688309 0.188169
0 0.232264 0.497056 0.0782702 0.16118
0 0.927013 0.737242 0.145974 0.220154
0 0.760079 0.679465 0.182854 0.256242
0 0.474282 0.311689 0.135562 0.167703
0 0.259542 0.785805 0.0690259 0.261112
0 0.497117 0.836709 0.107728 0.117068
0 0.480146 0.625233 0.123261 0.143059
0 0.69393 0.373955 0.148894 0.16903
0 0.127421 0.911063 0.117039 0.177874
0 0.436415 0.906087 0.112365 0.187825
0 0.246555 0.520605 0.0616223 0.165015
0 0.336915 0.512673 0.105156 0.178524
0 0.214183 0.479064 0.0558324 0.149977
0 0.449843 0.473267 0.0561088 0.097328
0 0.0791698 0.543728 0.0651341 0.219758
0 0.968281 0.568123 0.0596556 0.127153
0 0.0779801 0.135856 0.127503 0.0908577
0 0.239143 0.517655 0.0650876 0.192561
0 0.572383 0.856096 0.0794908 0.160975
0 0.119146 0.337886 0.0985376 0.0778314
0 0.222797 0.502008 0.0688309 0.188169
0 0.232264 0.497056 0.0782702 0.16118
0 0.47425 0.621413 0.126771 0.131873
0 0.928215 0.7419 0.14357 0.251992
0 0.476377 0.31314 0.143784 0.1534
0 0.499833 0.833002 0.118798 0.128157
0 0.763311 0.689272 0.203796 0.265997
0 0.0476767 0.0955685 0.0953534 0.124951
0 0.691535 0.377403 0.164719 0.189341
0 0.732726 0.939401 0.103483 0.119974
0 0.300428 0.466957 0.0529846 0.086014
0 0.449363 0.47016 0.0569119 0.0883067
0 0.26342 0.77537 0.0708552 0.250401
0 0.248716 0.521093 0.0674435 0.147172
0 0.0846733 0.531446 0.0746857 0.238232
0 0.214448 0.476425 0.0578129 0.131446
0 0.347045 0.51424 0.075308 0.171882
0 0.967291 0.559791 0.0654171 0.0791254
0 0.121647 0.897862 0.119452 0.204276
0 0.0638612 0.397776 0.0502067 0.100861
0 0.451539 0.398411 0.0660517 0.0673263
0 0.436767 0.923586 0.0921482 0.15144
0 0.270577 0.329167 0.0556134 0.108623
0 0.113442 0.341551 0.098269 0.0837516
