0 0.72175 0.46525 0.21212 0.29873
0 0.359488 0.378914 0.343305 0.382719
0 0.619406 0.378014 0.115817 0.125847
0 0.360742 0.368914 0.478782 0.446961
0 0.930912 0.373375 0.111228 0.122523
0 0.647898 0.200572 0.121685 0.172
0 0.72175 0.46525 0.21212 0.29873
0 0.359488 0.378914 0.343305 0.382719
0 0.619406 0.378014 0.115817 0.125847
0 0.360742 0.368914 0.478782 0.446961
0 0.930912 0.373375 0.111228 0.122523
0 0.647898 0.200572 0.121685 0.172
0 0.733192 0.476966 0.182764 0.299235
0 0.500306 0.188242 0.132784 0.161966
0 0.360902 0.403434 0.363049 0.490997
0 0.637248 0.185317 0.132127 0.180217
0 0.930603 0.360993 0.0887564 0.0996245
0 0.332288 0.140542 0.188387 0.275718
0 0.0272685 0.216334 0.0534645 0.127978
0 0.476211 0.33017 0.105052 0.14257
