0 0.675023 0.270558 0.155825 0.133452
0 0.473879 0.130299 0.181655 0.160256
0 0.932313 0.832334 0.135375 0.235265
0 0.759679 0.531688 0.124507 0.100706
0 0.144159 0.0388957 0.0903641 0.0737432
0 0.334807 0.0630726 0.116741 0.10138
0 0.602374 0.482421 0.117639 0.189519
0 0.789087 0.245708 0.0921946 0.0938551
0 0.675023 0.270558 0.155825 0.133452
0 0.473879 0.130299 0.181655 0.160256
0 0.932313 0.832334 0.135375 0.235265
0 0.759679 0.531688 0.124507 0.100706
0 0.144159 0.0388957 0.0903641 0.0737432
0 0.334807 0.0630726 0.116741 0.10138
0 0.602374 0.482421 0.117639 0.189519
0 0.789087 0.245708 0.0921946 0.0938551
0 0.476677 0.136916 0.168702 0.176504
0 0.676604 0.277628 0.138761 0.116136
0 0.929044 0.837474 0.139508 0.220462
0 0.767758 0.535317 0.125825 0.0984877
0 0.792741 0.253858 0.0859825 0.0752545
0 0.919465 0.265196 0.124014 0.13335
0 0.141065 0.044181 0.0810874 0.0540817
