0 0.740733 0.399841 0.196279 0.233242
0 0.385392 0.148637 0.165171 0.126814
0 0.111417 0.821087 0.222834 0.304743
0 0.093709 0.519539 0.175067 0.239426
0 0.660048 0.192004 0.17256 0.189387
0 0.334961 0.0585355 0.0841899 0.0702386
0 0.8725 0.459041 0.121565 0.11668
0 0.209351 0.361926 0.214666 0.172583
0 0.278162 0.649594 0.048343 0.145574
0 0.791716 0.858633 0.0704902 0.174387
0 0.644086 0.764737 0.0971514 0.178362
0 0.740733 0.399841 0.196279 0.233242
0 0.385392 0.148637 0.165171 0.126814
0 0.111417 0.821087 0.222834 0.304743
0 0.093709 0.519539 0.175067 0.239426
0 0.660048 0.192004 0.17256 0.189387
0 0.334961 0.0585355 0.0841899 0.0702386
0 0.8725 0.459041 0.121565 0.11668
0 0.209351 0.361926 0.214666 0.172583
0 0.278162 0.649594 0.048343 0.145574
0 0.791716 0.858633 0.0704902 0.174387
0 0.644086 0.764737 0.0971514 0.178362
0 0.384996 0.160778 0.165224 0.143803
0 0.115798 0.83901 0.231595 0.31105
0 0.0896933 0.524112 0.17937 0.244259
0 0.744929 0.405453 0.20062 0.237012
0 0.671121 0.193842 0.151828 0.193323
0 0.792976 0.849344 0.0754187 0.170676
0 0.335893 0.0664228 0.0821427 0.0841083
0 0.214439 0.121328 0.176235 0.191154
0 0.937865 0.0822933 0.124271 0.11216
0 0.324922 0.278886 0.242241 0.200924
0 0.644839 0.787222 0.102245 0.211447
