0 0.848755 0.668376 0.174728 0.304786
0 0.193186 0.451563 0.110167 0.197669
0 0.365247 0.46439 0.0655817 0.190252
0 0.38173 0.687009 0.0553844 0.192479
0 0.42593 0.453962 0.0572453 0.161329
0 0.512879 0.57388 0.113289 0.131929
0 0.206289 0.84077 0.109749 0.31846
0 0.1872 0.0462115 0.141495 0.0924231
0 0.20676 0.82714 0.143337 0.345719
0 0.966974 0.513713 0.0660523 0.126118
0 0.317666 0.436028 0.0343596 0.123546
0 0.770816 0.338278 0.164767 0.167071
0 0.525282 0.443783 0.0625992 0.0914402
0 0.535113 0.878158 0.079085 0.23633
0 0.351694 0.199388 0.107172 0.089084
0 0.232629 0.130042 0.106669 0.0883128
0 0.221339 0.313159 0.071526 0.0811098
0 0.128182 0.390222 0.0609808 0.139637
0 0.377306 0.458431 0.0762425 0.170663
0 0.848755 0.668376 0.174728 0.304786
0 0.193186 0.451563 0.110167 0.197669
0 0.365247 0.46439 0.0655817 0.190252
0 0.38173 0.687009 0.0553844 0.192479
0 0.42593 0.453962 0.0572453 0.161329
0 0.512879 0.57388 0.113289 0.131929
0 0.206289 0.84077 0.109749 0.31846
0 0.1872 0.0462115 0.141495 0.0924231
0 0.20676 0.82714 0.143337 0.345719
0 0.966974 0.513713 0.0660523 0.126118
0 0.317666 0.436028 0.0343596 0.123546
0 0.770816 0.338278 0.164767 0.167071
0 0.525282 0.443783 0.0625992 0.0914402
0 0.535113 0.878158 0.079085 0.23633
0 0.351694 0.199388 0.107172 0.089084
0 0.232629 0.130042 0.106669 0.0883128
0 0.221339 0.313159 0.071526 0.0811098
0 0.128182 0.390222 0.0609808 0.139637
0 0.377306 0.458431 0.0762425 0.170663
0 0.513926 0.578771 0.123946 0.144821
0 0.194642 0.458101 0.11291 0.213671
0 0.850799 0.680176 0.202048 0.281154
0 0.231869 0.133459 0.0956475 0.0883289
0 0.614672 0.851771 0.11189 0.134177
0 0.770859 0.329141 0.138822 0.138741
0 0.426378 0.452561 0.0546807 0.146581
0 0.521548 0.872135 0.102292 0.249806
0 0.383523 0.67619 0.0475802 0.208817
0 0.525043 0.441778 0.0575842 0.0855366
0 0.524207 0.370216 0.090259 0.0733415
0 0.531755 0.260777 0.0986635 0.133249
0 0.186649 0.0490306 0.146625 0.0980612
0 0.359589 0.489385 0.0546623 0.17407
0 0.377747 0.287661 0.0562247 0.0962675
0 0.53213 0.377238 0.075201 0.0617473
0 0.347412 0.198496 0.11479 0.0842483
0 0.596117 0.334195 0.0590654 0.057174
0 0.865615 0.938979 0.0944828 0.113038
0 0.385389 0.476291 0.0368921 0.132666
