0 0.390456 0.815822 0.284172 0.328411
0 0.338187 0.294552 0.179597 0.1992
0 0.715584 0.555237 0.119041 0.185342
0 0.133528 0.758691 0.106937 0.337369
0 0.03578 0.138035 0.07156 0.120557
0 0.754508 0.259891 0.156098 0.100982
0 0.169533 0.19079 0.144482 0.14604
0 0.608399 0.0737539 0.109409 0.0713818
0 0.539442 0.140021 0.0863597 0.102603
0 0.390456 0.815822 0.284172 0.328411
0 0.338187 0.294552 0.179597 0.1992
0 0.715584 0.555237 0.119041 0.185342
0 0.133528 0.758691 0.106937 0.337369
0 0.03578 0.138035 0.07156 0.120557
0 0.754508 0.259891 0.156098 0.100982
0 0.169533 0.19079 0.144482 0.14604
0 0.608399 0.0737539 0.109409 0.0713818
0 0.539442 0.140021 0.0863597 0.102603
0 0.740848 0.264515 0.1539 0.114071
0 0.33563 0.288255 0.155417 0.184441
0 0.355099 0.818517 0.346877 0.308515
0 0.710764 0.548924 0.0992851 0.192424
0 0.126769 0.717121 0.118167 0.351047
0 0.952024 0.355878 0.0904861 0.122488
0 0.0347591 0.135305 0.0678256 0.109485
