0 0.750988 0.554349 0.0850004 0.129045
0 0.199673 0.302047 0.141007 0.110684
0 0.939841 0.817992 0.118982 0.195803
0 0.903931 0.487813 0.138121 0.120276
0 0.649317 0.548587 0.107232 0.189741
0 0.579857 0.423846 0.0375332 0.0967658
0 0.450676 0.573935 0.0713793 0.116275
0 0.613186 0.092434 0.111668 0.0888253
0 0.750988 0.554349 0.0850004 0.129045
0 0.199673 0.302047 0.141007 0.110684
0 0.939841 0.817992 0.118982 0.195803
0 0.903931 0.487813 0.138121 0.120276
0 0.649317 0.548587 0.107232 0.189741
0 0.579857 0.423846 0.0375332 0.0967658
0 0.450676 0.573935 0.0713793 0.116275
0 0.613186 0.092434 0.111668 0.0888253
0 0.20278 0.307371 0.146187 0.107585
0 0.937957 0.810901 0.11815 0.172571
0 0.752243 0.551721 0.0842804 0.118659
0 0.899118 0.48887 0.141768 0.127431
0 0.636431 0.542721 0.0804054 0.164891
0 0.66252 0.587539 0.107965 0.095805
0 0.970629 0.691666 0.0587421 0.165376
0 0.363355 0.19918 0.0859194 0.0991315
0 0.5792 0.421337 0.0469969 0.0954289
0 0.430104 0.295393 0.0890947 0.0556246
