0 0.141929 0.430763 0.144254 0.132225
0 0.138933 0.29155 0.236469 0.203723
0 0.124263 0.856849 0.248526 0.22519
0 0.227997 0.746008 0.194884 0.187207
0 0.708187 0.371918 0.173704 0.14389
0 0.523392 0.670002 0.106496 0.351318
0 0.612548 0.191672 0.0700674 0.0657462
0 0.932288 0.43887 0.117807 0.0993744
0 0.651804 0.315057 0.0663862 0.104742
0 0.281475 0.92827 0.0676681 0.130741
0 0.141929 0.430763 0.144254 0.132225
0 0.138933 0.29155 0.236469 0.203723
0 0.124263 0.856849 0.248526 0.22519
0 0.227997 0.746008 0.194884 0.187207
0 0.708187 0.371918 0.173704 0.14389
0 0.523392 0.670002 0.106496 0.351318
0 0.612548 0.191672 0.0700674 0.0657462
0 0.932288 0.43887 0.117807 0.0993744
0 0.651804 0.315057 0.0663862 0.104742
0 0.281475 0.92827 0.0676681 0.130741
0 0.130974 0.846973 0.26185 0.203412
0 0.697577 0.368967 0.147093 0.135085
0 0.14344 0.430058 0.154202 0.130562
0 0.232477 0.757621 0.197804 0.190078
0 0.14372 0.293423 0.224059 0.188532
0 0.522874 0.649542 0.111649 0.394084
0 0.65765 0.314352 0.0685562 0.106056
