0 0.0600492 0.536816 0.120098 0.160642
0 0.937079 0.896365 0.120837 0.20727
0 0.700324 0.543014 0.138827 0.147054
0 0.449067 0.759126 0.0541182 0.194699
0 0.660166 0.838416 0.0807234 0.140548
0 0.828546 0.882436 0.140162 0.235128
0 0.580261 0.850272 0.0766357 0.128011
0 0.593637 0.665308 0.128893 0.120858
0 0.756614 0.690735 0.0917759 0.0996082
0 0.306602 0.62303 0.0769895 0.131659
0 0.431001 0.603124 0.0442035 0.164437
0 0.613939 0.519034 0.0909306 0.176883
0 0.843943 0.614303 0.102583 0.0782793
0 0.486459 0.580088 0.0537931 0.143304
0 0.21604 0.394858 0.0869768 0.0766562
0 0.302343 0.436469 0.152074 0.162185
0 0.437202 0.613827 0.0508458 0.18423
0 0.0600492 0.536816 0.120098 0.160642
0 0.937079 0.896365 0.120837 0.20727
0 0.700324 0.543014 0.138827 0.147054
0 0.449067 0.759126 0.0541182 0.194699
0 0.660166 0.838416 0.0807234 0.140548
0 0.828546 0.882436 0.140162 0.235128
0 0.580261 0.850272 0.0766357 0.128011
0 0.593637 0.665308 0.128893 0.120858
0 0.756614 0.690735 0.0917759 0.0996082
0 0.306602 0.62303 0.0769895 0.131659
0 0.431001 0.603124 0.0442035 0.164437
0 0.613939 0.519034 0.0909306 0.176883
0 0.843943 0.614303 0.102583 0.0782793
0 0.486459 0.580088 0.0537931 0.143304
0 0.21604 0.394858 0.0869768 0.0766562
0 0.302343 0.436469 0.152074 0.162185
0 0.437202 0.613827 0.0508458 0.18423
0 0.755548 0.695624 0.0944787 0.0801622
0 0.593888 0.673747 0.124884 0.117875
0 0.928405 0.875502 0.143191 0.234949
0 0.0606713 0.540463 0.121343 0.152112
0 0.28485 0.442507 0.135139 0.157581
0 0.698708 0.541341 0.129527 0.135377
0 0.655554 0.834102 0.0762491 0.137109
0 0.61566 0.525154 0.0996777 0.177747
0 0.580371 0.849667 0.0820427 0.133214
0 0.344253 0.197454 0.0748062 0.0522963
0 0.824071 0.874199 0.14059 0.230808
0 0.45233 0.760849 0.0511896 0.173973
0 0.215887 0.401713 0.0927806 0.0656208
0 0.84315 0.613905 0.107071 0.0716502
0 0.571061 0.206717 0.0852953 0.0682633
0 0.203059 0.460783 0.0705969 0.0773863
0 0.304907 0.626265 0.0669769 0.10314
0 0.349025 0.508459 0.0700583 0.057791
0 0.44251 0.636067 0.0614149 0.21861
