0 0.361909 0.2983 0.165564 0.204166
0 0.436362 0.821613 0.264639 0.318379
0 0.736223 0.561832 0.123125 0.18764
0 0.165101 0.779346 0.122018 0.337973
0 0.0525788 0.14471 0.105158 0.116557
0 0.760437 0.260998 0.137222 0.0891562
0 0.175618 0.200603 0.181565 0.180258
0 0.130738 0.365026 0.260939 0.221245
0 0.189851 0.0490252 0.110952 0.0730866
0 0.883461 0.8713 0.121345 0.125787
0 0.361909 0.2983 0.165564 0.204166
0 0.436362 0.821613 0.264639 0.318379
0 0.736223 0.561832 0.123125 0.18764
0 0.165101 0.779346 0.122018 0.337973
0 0.0525788 0.14471 0.105158 0.116557
0 0.760437 0.260998 0.137222 0.0891562
0 0.175618 0.200603 0.181565 0.180258
0 0.130738 0.365026 0.260939 0.221245
0 0.189851 0.0490252 0.110952 0.0730866
0 0.883461 0.8713 0.121345 0.125787
0 0.737224 0.560306 0.111961 0.18478
0 0.360732 0.301473 0.162718 0.189631
0 0.749817 0.268257 0.145419 0.102392
0 0.407005 0.821404 0.308485 0.31481
0 0.0513313 0.145207 0.0983243 0.109901
0 0.151839 0.729063 0.115197 0.340345
0 0.176793 0.0484618 0.141472 0.0955859
0 0.957867 0.358285 0.079216 0.110104
0 0.622402 0.0792812 0.10699 0.0699055
