0 0.430805 0.343844 0.128061 0.142993
0 0.362081 0.675863 0.183599 0.336595
0 0.613224 0.564684 0.101085 0.255118
0 0.745216 0.0751944 0.104897 0.0876875
0 0.533909 0.285521 0.148565 0.176851
0 0.19376 0.393803 0.0667638 0.131777
0 0.467254 0.621252 0.0930229 0.291782
0 0.955498 0.503938 0.0815983 0.134751
0 0.943369 0.363842 0.112575 0.179784
0 0.542936 0.151348 0.115558 0.127423
0 0.676974 0.207204 0.128782 0.118635
0 0.518886 0.28314 0.185665 0.203859
0 0.926161 0.67528 0.136163 0.192608
0 0.430805 0.343844 0.128061 0.142993
0 0.362081 0.675863 0.183599 0.336595
0 0.613224 0.564684 0.101085 0.255118
0 0.745216 0.0751944 0.104897 0.0876875
0 0.533909 0.285521 0.148565 0.176851
0 0.19376 0.393803 0.0667638 0.131777
0 0.467254 0.621252 0.0930229 0.291782
0 0.955498 0.503938 0.0815983 0.134751
0 0.943369 0.363842 0.112575 0.179784
0 0.542936 0.151348 0.115558 0.127423
0 0.676974 0.207204 0.128782 0.118635
0 0.518886 0.28314 0.185665 0.203859
0 0.926161 0.67528 0.136163 0.192608
0 0.536443 0.150937 0.108611 0.116891
0 0.426218 0.340652 0.136716 0.146647
0 0.518046 0.280067 0.156084 0.17082
0 0.680169 0.207634 0.143222 0.12846
0 0.7523 0.0801702 0.100831 0.0739324
0 0.614889 0.557658 0.104411 0.257587
0 0.0407991 0.336371 0.0811756 0.153778
0 0.361028 0.671534 0.17354 0.365001
0 0.470008 0.621477 0.129067 0.306021
0 0.196361 0.399535 0.0676056 0.154659
0 0.950149 0.376121 0.0947868 0.18369
0 0.917383 0.681037 0.144838 0.178825
0 0.167803 0.621338 0.0798776 0.211163
0 0.435427 0.184978 0.0591299 0.0754816
0 0.0997171 0.210329 0.0634684 0.0986237
0 0.0360059 0.147534 0.0720118 0.0927026
