0 0.675786 0.286488 0.149939 0.118295
0 0.747533 0.518153 0.123308 0.0907747
0 0.932698 0.814691 0.134605 0.249427
0 0.495283 0.15786 0.166366 0.190178
0 0.139131 0.0444657 0.0938416 0.0857743
0 0.0507047 0.268146 0.101409 0.143726
0 0.600135 0.48523 0.11294 0.166532
0 0.675786 0.286488 0.149939 0.118295
0 0.747533 0.518153 0.123308 0.0907747
0 0.932698 0.814691 0.134605 0.249427
0 0.495283 0.15786 0.166366 0.190178
0 0.139131 0.0444657 0.0938416 0.0857743
0 0.0507047 0.268146 0.101409 0.143726
0 0.600135 0.48523 0.11294 0.166532
0 0.682316 0.285555 0.138829 0.110408
0 0.492517 0.166663 0.158427 0.193259
0 0.754026 0.524547 0.127929 0.0976879
0 0.929511 0.82196 0.138253 0.213491
0 0.793659 0.266247 0.0984372 0.0856396
0 0.0293997 0.607748 0.0587994 0.181031
