0 0.40685 0.649416 0.204351 0.180889
0 0.909779 0.193887 0.180442 0.206464
0 0.207615 0.307881 0.121653 0.240305
0 0.0797551 0.448875 0.140568 0.230677
0 0.806373 0.492996 0.135078 0.143747
0 0.654033 0.59526 0.364962 0.314193
0 0.450293 0.391287 0.125981 0.142173
0 0.452624 0.199911 0.136157 0.17433
0 0.677174 0.620998 0.435576 0.414899
0 0.0523511 0.543648 0.0984121 0.178388
0 0.955361 0.501465 0.0892779 0.177091
0 0.608727 0.558944 0.404162 0.357146
0 0.592706 0.0459041 0.130299 0.0918082
0 0.40685 0.649416 0.204351 0.180889
0 0.909779 0.193887 0.180442 0.206464
0 0.207615 0.307881 0.121653 0.240305
0 0.0797551 0.448875 0.140568 0.230677
0 0.806373 0.492996 0.135078 0.143747
0 0.654033 0.59526 0.364962 0.314193
0 0.450293 0.391287 0.125981 0.142173
0 0.452624 0.199911 0.136157 0.17433
0 0.677174 0.620998 0.435576 0.414899
0 0.0523511 0.543648 0.0984121 0.178388
0 0.955361 0.501465 0.0892779 0.177091
0 0.608727 0.558944 0.404162 0.357146
0 0.592706 0.0459041 0.130299 0.0918082
0 0.402361 0.64418 0.213353 0.199146
0 0.910472 0.206401 0.179056 0.219603
0 0.0832619 0.442774 0.137088 0.234484
0 0.45585 0.195043 0.14675 0.193765
0 0.817236 0.506489 0.177054 0.210826
0 0.762273 0.703308 0.191754 0.189353
0 0.231614 0.0728217 0.181906 0.119127
0 0.451737 0.402693 0.149838 0.143417
0 0.204725 0.309776 0.135878 0.281679
0 0.517852 0.317314 0.0949661 0.0857046
0 0.600988 0.591623 0.351857 0.373466
0 0.129879 0.683417 0.259758 0.323859
0 0.63386 0.629932 0.455021 0.448204
0 0.58951 0.0434524 0.137864 0.0869047
0 0.541591 0.541435 0.19971 0.256821
