0 0.0794878 0.121336 0.158976 0.242672
0 0.627426 0.552907 0.128335 0.201301
0 0.538047 0.706834 0.128522 0.285272
0 0.823825 0.76864 0.108991 0.240389
0 0.300421 0.386143 0.0568746 0.126321
0 0.0794878 0.121336 0.158976 0.242672
0 0.627426 0.552907 0.128335 0.201301
0 0.538047 0.706834 0.128522 0.285272
0 0.823825 0.76864 0.108991 0.240389
0 0.300421 0.386143 0.0568746 0.126321
0 0.0778585 0.120723 0.155717 0.241445
0 0.620023 0.553044 0.142484 0.216321
0 0.540315 0.699262 0.148473 0.25908
0 0.825213 0.771275 0.103447 0.23017
0 0.852917 0.29825 0.0883443 0.0998138
0 0.743023 0.392029 0.0758273 0.0937281
0 0.398979 0.243916 0.0886122 0.0964589
0 0.486918 0.123168 0.0632729 0.0779444
0 0.299496 0.381999 0.0592327 0.131897
0 0.55312 0.434495 0.0791445 0.0610151
