0 0.483288 0.367877 0.128659 0.149261
0 0.843821 0.154209 0.312358 0.308417
0 0.831685 0.864901 0.336631 0.270198
0 0.232623 0.688608 0.337262 0.252968
0 0.782078 0.61651 0.16399 0.159874
0 0.231079 0.54213 0.143088 0.137699
0 0.294203 0.233852 0.303774 0.277592
0 0.107771 0.143276 0.215542 0.226166
0 0.825434 0.191887 0.349132 0.383774
0 0.774279 0.879709 0.355198 0.240582
0 0.451836 0.903542 0.178288 0.181124
0 0.978369 0.626445 0.0403374 0.17444
0 0.0692517 0.473126 0.125256 0.184242
0 0.483288 0.367877 0.128659 0.149261
0 0.843821 0.154209 0.312358 0.308417
0 0.831685 0.864901 0.336631 0.270198
0 0.232623 0.688608 0.337262 0.252968
0 0.782078 0.61651 0.16399 0.159874
0 0.231079 0.54213 0.143088 0.137699
0 0.294203 0.233852 0.303774 0.277592
0 0.107771 0.143276 0.215542 0.226166
0 0.825434 0.191887 0.349132 0.383774
0 0.774279 0.879709 0.355198 0.240582
0 0.451836 0.903542 0.178288 0.181124
0 0.978369 0.626445 0.0403374 0.17444
0 0.0692517 0.473126 0.125256 0.184242
0 0.771869 0.613531 0.179699 0.153376
0 0.483423 0.376179 0.129126 0.172983
0 0.804726 0.864583 0.390548 0.270835
0 0.450315 0.902244 0.168241 0.194437
0 0.23143 0.542663 0.153377 0.174122
0 0.818085 0.18427 0.363831 0.36854
0 0.197613 0.693904 0.340763 0.261304
0 0.583368 0.364873 0.101948 0.10873
0 0.077609 0.494136 0.155218 0.250154
0 0.281756 0.680563 0.205006 0.251472
0 0.875432 0.535998 0.0914705 0.14844
