0 0.172808 0.536277 0.185048 0.237503
0 0.868383 0.82821 0.209675 0.332127
0 0.566334 0.607897 0.0883741 0.205407
0 0.770501 0.861565 0.168552 0.15103
0 0.493878 0.858588 0.127119 0.282825
0 0.165225 0.0358585 0.094671 0.0715146
0 0.398714 0.47416 0.0847826 0.24601
0 0.494177 0.846478 0.162652 0.307044
0 0.26918 0.23862 0.11876 0.0957412
0 0.602992 0.0966536 0.168224 0.192311
0 0.15727 0.372603 0.113759 0.110647
0 0.172808 0.536277 0.185048 0.237503
0 0.868383 0.82821 0.209675 0.332127
0 0.566334 0.607897 0.0883741 0.205407
0 0.770501 0.861565 0.168552 0.15103
0 0.493878 0.858588 0.127119 0.282825
0 0.165225 0.0358585 0.094671 0.0715146
0 0.398714 0.47416 0.0847826 0.24601
0 0.494177 0.846478 0.162652 0.307044
0 0.26918 0.23862 0.11876 0.0957412
0 0.602992 0.0966536 0.168224 0.192311
0 0.15727 0.372603 0.113759 0.110647
0 0.177995 0.54005 0.191713 0.234508
0 0.162983 0.0336496 0.10445 0.066664
0 0.854379 0.838437 0.252453 0.296323
0 0.568506 0.608398 0.0735486 0.181141
0 0.267842 0.238542 0.103741 0.0992607
0 0.492498 0.855215 0.115299 0.289571
0 0.409381 0.481971 0.0638479 0.252115
0 0.55046 0.335427 0.0510965 0.0900272
0 0.774488 0.858295 0.136948 0.161777
0 0.474005 0.394479 0.129186 0.124667
0 0.260844 0.14445 0.0996105 0.069533
