0 0.649452 0.355299 0.176381 0.130971
0 0.71052 0.303936 0.120167 0.0929498
0 0.283989 0.297329 0.132041 0.191612
0 0.832808 0.419002 0.06406 0.0890579
0 0.957407 0.528608 0.0817535 0.148797
0 0.649452 0.355299 0.176381 0.130971
0 0.71052 0.303936 0.120167 0.0929498
0 0.283989 0.297329 0.132041 0.191612
0 0.832808 0.419002 0.06406 0.0890579
0 0.957407 0.528608 0.0817535 0.148797
0 0.650356 0.364083 0.175825 0.154206
0 0.280449 0.426389 0.0724113 0.0655126
0 0.275183 0.294717 0.0936965 0.235688
0 0.715004 0.30749 0.108879 0.0984724
0 0.917632 0.183321 0.0853516 0.0681479
0 0.564644 0.230174 0.0660192 0.0597815
0 0.442279 0.295359 0.0940768 0.0964528
