0 0.592032 0.524636 0.165117 0.143085
0 0.0544594 0.771182 0.090661 0.200771
0 0.433074 0.659473 0.107407 0.213486
0 0.24242 0.901025 0.0879886 0.19795
0 0.578175 0.909259 0.0876935 0.175281
0 0.757197 0.164593 0.117504 0.0964968
0 0.153482 0.722789 0.0730824 0.233963
0 0.932193 0.725994 0.129958 0.252957
0 0.294439 0.674448 0.0843254 0.279847
0 0.184836 0.318616 0.087435 0.165765
0 0.0510525 0.326039 0.102105 0.134937
0 0.128304 0.477423 0.0474359 0.132992
0 0.852324 0.922579 0.159321 0.154043
0 0.723736 0.373456 0.136372 0.0990228
0 0.376225 0.506343 0.0936777 0.121901
0 0.252662 0.40186 0.0538584 0.126272
0 0.921326 0.502418 0.150009 0.179848
0 0.226461 0.550677 0.104151 0.183399
0 0.0597648 0.21514 0.114895 0.106456
0 0.855627 0.692507 0.10941 0.172852
0 0.592032 0.524636 0.165117 0.143085
0 0.0544594 0.771182 0.090661 0.200771
0 0.433074 0.659473 0.107407 0.213486
0 0.24242 0.901025 0.0879886 0.19795
0 0.578175 0.909259 0.0876935 0.175281
0 0.757197 0.164593 0.117504 0.0964968
0 0.153482 0.722789 0.0730824 0.233963
0 0.932193 0.725994 0.129958 0.252957
0 0.294439 0.674448 0.0843254 0.279847
0 0.184836 0.318616 0.087435 0.165765
0 0.0510525 0.326039 0.102105 0.134937
0 0.128304 0.477423 0.0474359 0.132992
0 0.852324 0.922579 0.159321 0.154043
0 0.723736 0.373456 0.136372 0.0990228
0 0.376225 0.506343 0.0936777 0.121901
0 0.252662 0.40186 0.0538584 0.126272
0 0.921326 0.502418 0.150009 0.179848
0 0.226461 0.550677 0.104151 0.183399
0 0.0597648 0.21514 0.114895 0.106456
0 0.855627 0.692507 0.10941 0.172852
0 0.586062 0.524485 0.184394 0.153199
0 0.435817 0.672067 0.121355 0.295551
0 0.239196 0.889417 0.096121 0.221165
0 0.0684057 0.324056 0.136811 0.167214
0 0.056254 0.773304 0.0819766 0.207949
0 0.28004 0.661531 0.104795 0.255861
0 0.154348 0.713932 0.0794904 0.284383
0 0.724263 0.379608 0.121199 0.0733112
0 0.294622 0.65989 0.0691584 0.251185
0 0.761335 0.166134 0.0936468 0.0790958
0 0.913133 0.498761 0.157713 0.160835
0 0.941424 0.735187 0.105617 0.321101
0 0.575284 0.912562 0.0885359 0.174876
0 0.190967 0.307054 0.108021 0.166351
0 0.268114 0.659467 0.147481 0.295423
0 0.0521491 0.215035 0.101747 0.104224
0 0.0452166 0.586988 0.0898337 0.184919
0 0.0926788 0.225084 0.185358 0.13457
0 0.854944 0.91997 0.151342 0.141391
0 0.676988 0.27916 0.0444042 0.142787
0 0.307248 0.459682 0.0571834 0.110403
