0 0.533966 0.882782 0.20552 0.234436
0 0.557847 0.639834 0.141512 0.209153
0 0.707939 0.669616 0.149124 0.230462
0 0.229164 0.873959 0.126333 0.252083
0 0.838527 0.922665 0.151085 0.154671
0 0.830204 0.582432 0.0559608 0.107185
0 0.260737 0.732798 0.107563 0.122971
0 0.169973 0.478454 0.130693 0.181993
0 0.0517053 0.857703 0.101389 0.284594
0 0.30323 0.571092 0.106119 0.124827
0 0.977526 0.717567 0.0423069 0.147983
0 0.81268 0.766117 0.111857 0.125344
0 0.28361 0.292321 0.15573 0.169073
0 0.485554 0.35807 0.133387 0.172096
0 0.693968 0.856991 0.140638 0.186398
0 0.955413 0.598398 0.0834747 0.0877045
0 0.96316 0.880578 0.0703941 0.157246
0 0.490754 0.491034 0.0969685 0.0935042
0 0.881613 0.527808 0.0944861 0.129024
0 0.969211 0.8904 0.0543339 0.132872
0 0.590221 0.369817 0.0500301 0.118154
0 0.533966 0.882782 0.20552 0.234436
0 0.557847 0.639834 0.141512 0.209153
0 0.707939 0.669616 0.149124 0.230462
0 0.229164 0.873959 0.126333 0.252083
0 0.838527 0.922665 0.151085 0.154671
0 0.830204 0.582432 0.0559608 0.107185
0 0.260737 0.732798 0.107563 0.122971
0 0.169973 0.478454 0.130693 0.181993
0 0.0517053 0.857703 0.101389 0.284594
0 0.30323 0.571092 0.106119 0.124827
0 0.977526 0.717567 0.0423069 0.147983
0 0.81268 0.766117 0.111857 0.125344
0 0.28361 0.292321 0.15573 0.169073
0 0.485554 0.35807 0.133387 0.172096
0 0.693968 0.856991 0.140638 0.186398
0 0.955413 0.598398 0.0834747 0.0877045
0 0.96316 0.880578 0.0703941 0.157246
0 0.490754 0.491034 0.0969685 0.0935042
0 0.881613 0.527808 0.0944861 0.129024
0 0.969211 0.8904 0.0543339 0.132872
0 0.590221 0.369817 0.0500301 0.118154
0 0.7051 0.668206 0.145262 0.218678
0 0.557823 0.639661 0.151726 0.239451
0 0.156976 0.481806 0.152506 0.185169
0 0.530328 0.875404 0.197235 0.249193
0 0.253061 0.738106 0.113706 0.117457
0 0.838634 0.927531 0.15932 0.144938
0 0.304498 0.579727 0.110466 0.136292
0 0.2275 0.859646 0.138878 0.280708
0 0.674725 0.851615 0.169421 0.197721
0 0.285251 0.282856 0.129824 0.131043
0 0.487316 0.353593 0.130001 0.17409
0 0.0662316 0.326277 0.11049 0.15929
0 0.0497293 0.841681 0.0994586 0.316638
0 0.957896 0.599988 0.0831604 0.0677992
0 0.5897 0.371061 0.0427132 0.0943975
0 0.975156 0.720097 0.049689 0.157148
0 0.72122 0.504205 0.0333182 0.0662036
