0 0.648238 0.656047 0.135826 0.232477
0 0.80351 0.248687 0.0839992 0.0615817
0 0.861759 0.455281 0.0820595 0.169062
0 0.157243 0.51326 0.251168 0.268165
0 0.370349 0.503012 0.0880619 0.16232
0 0.437777 0.204859 0.170492 0.167369
0 0.942429 0.729343 0.0966969 0.218268
0 0.893899 0.318784 0.0806446 0.0834963
0 0.486272 0.439857 0.0943233 0.0747581
0 0.693632 0.0935701 0.0828398 0.0838112
0 0.648238 0.656047 0.135826 0.232477
0 0.80351 0.248687 0.0839992 0.0615817
0 0.861759 0.455281 0.0820595 0.169062
0 0.157243 0.51326 0.251168 0.268165
0 0.370349 0.503012 0.0880619 0.16232
0 0.437777 0.204859 0.170492 0.167369
0 0.942429 0.729343 0.0966969 0.218268
0 0.893899 0.318784 0.0806446 0.0834963
0 0.486272 0.439857 0.0943233 0.0747581
0 0.693632 0.0935701 0.0828398 0.0838112
0 0.141422 0.517434 0.260461 0.296916
0 0.645196 0.647367 0.134064 0.243915
0 0.644997 0.377676 0.329076 0.278701
0 0.453098 0.221946 0.212518 0.223094
0 0.615646 0.193638 0.0912305 0.0612254
0 0.86261 0.446721 0.0733418 0.170164
0 0.800843 0.249457 0.0891387 0.0528696
0 0.885752 0.324888 0.106163 0.0694373
0 0.176227 0.0403067 0.166785 0.0785113
