0 0.954919 0.83921 0.0855431 0.196313
0 0.286309 0.340779 0.159183 0.124944
0 0.82815 0.513933 0.157656 0.123096
0 0.653106 0.722841 0.163456 0.250127
0 0.297927 0.197595 0.158372 0.138621
0 0.269169 0.201734 0.214438 0.162792
0 0.883883 0.61951 0.0564446 0.143958
0 0.880584 0.841354 0.120789 0.220158
0 0.310336 0.748161 0.352599 0.265883
0 0.508391 0.0607069 0.109487 0.0893325
0 0.958538 0.626047 0.0530008 0.127625
0 0.801896 0.673431 0.0635193 0.140763
0 0.733575 0.942696 0.109661 0.114609
0 0.531237 0.418426 0.219188 0.176919
0 0.199534 0.675341 0.234909 0.29378
0 0.688273 0.465468 0.0964237 0.0875621
0 0.941962 0.531447 0.0710877 0.120708
0 0.954919 0.83921 0.0855431 0.196313
0 0.286309 0.340779 0.159183 0.124944
0 0.82815 0.513933 0.157656 0.123096
0 0.653106 0.722841 0.163456 0.250127
0 0.297927 0.197595 0.158372 0.138621
0 0.269169 0.201734 0.214438 0.162792
0 0.883883 0.61951 0.0564446 0.143958
0 0.880584 0.841354 0.120789 0.220158
0 0.310336 0.748161 0.352599 0.265883
0 0.508391 0.0607069 0.109487 0.0893325
0 0.958538 0.626047 0.0530008 0.127625
0 0.801896 0.673431 0.0635193 0.140763
0 0.733575 0.942696 0.109661 0.114609
0 0.531237 0.418426 0.219188 0.176919
0 0.199534 0.675341 0.234909 0.29378
0 0.688273 0.465468 0.0964237 0.0875621
0 0.941962 0.531447 0.0710877 0.120708
0 0.293196 0.202292 0.148421 0.169929
0 0.958265 0.833511 0.0781113 0.187564
0 0.635772 0.749237 0.191507 0.252998
0 0.880707 0.838563 0.128633 0.203871
0 0.835927 0.521521 0.158368 0.126137
0 0.288676 0.343412 0.16842 0.135926
0 0.759941 0.762973 0.115304 0.33322
0 0.336939 0.697032 0.378983 0.374224
0 0.884394 0.614946 0.056324 0.121492
0 0.528066 0.406434 0.221263 0.175817
0 0.250706 0.123102 0.165904 0.0617886
0 0.187865 0.0596054 0.117967 0.0953314
