0 0.117679 0.298379 0.188476 0.14551
0 0.206759 0.167487 0.150872 0.126284
0 0.283379 0.488332 0.137726 0.122135
0 0.188821 0.487455 0.141673 0.121675
0 0.910459 0.603749 0.0654799 0.216778
0 0.908022 0.397266 0.0733318 0.133954
0 0.0523038 0.62467 0.104608 0.166246
0 0.97401 0.34405 0.0513693 0.166567
0 0.642463 0.872136 0.337819 0.255729
0 0.117679 0.298379 0.188476 0.14551
0 0.206759 0.167487 0.150872 0.126284
0 0.283379 0.488332 0.137726 0.122135
0 0.188821 0.487455 0.141673 0.121675
0 0.910459 0.603749 0.0654799 0.216778
0 0.908022 0.397266 0.0733318 0.133954
0 0.0523038 0.62467 0.104608 0.166246
0 0.97401 0.34405 0.0513693 0.166567
0 0.642463 0.872136 0.337819 0.255729
0 0.206185 0.166348 0.153208 0.134892
0 0.116703 0.297992 0.202377 0.154362
0 0.178914 0.486437 0.132204 0.105201
0 0.0461815 0.626665 0.0892831 0.162549
0 0.102013 0.393915 0.145646 0.1247
0 0.913335 0.398587 0.0731514 0.121006
0 0.272347 0.484202 0.121783 0.124983
0 0.201217 0.801499 0.402434 0.397001
0 0.912972 0.599866 0.0921936 0.202956
0 0.97672 0.346108 0.0465603 0.143076
