0 0.760943 0.592902 0.165975 0.14309
0 0.730966 0.477114 0.142736 0.131033
0 0.408315 0.202132 0.140731 0.15487
0 0.252726 0.505617 0.306798 0.327851
0 0.459785 0.446974 0.1289 0.0972561
0 0.445285 0.343785 0.121509 0.122019
0 0.233023 0.26662 0.114552 0.125415
0 0.33315 0.571723 0.388149 0.442867
0 0.285852 0.525771 0.379574 0.426923
0 0.448758 0.561335 0.236207 0.162446
0 0.0797159 0.0772328 0.134714 0.14654
0 0.0657857 0.637884 0.123945 0.155512
0 0.648344 0.283808 0.109358 0.0981842
0 0.536044 0.19682 0.120199 0.122852
0 0.681047 0.132458 0.110207 0.0875933
0 0.252397 0.771665 0.0482437 0.154229
0 0.637368 0.528129 0.0839378 0.108722
0 0.76672 0.0886249 0.128604 0.105659
0 0.760943 0.592902 0.165975 0.14309
0 0.730966 0.477114 0.142736 0.131033
0 0.408315 0.202132 0.140731 0.15487
0 0.252726 0.505617 0.306798 0.327851
0 0.459785 0.446974 0.1289 0.0972561
0 0.445285 0.343785 0.121509 0.122019
0 0.233023 0.26662 0.114552 0.125415
0 0.33315 0.571723 0.388149 0.442867
0 0.285852 0.525771 0.379574 0.426923
0 0.448758 0.561335 0.236207 0.162446
0 0.0797159 0.0772328 0.134714 0.14654
0 0.0657857 0.637884 0.123945 0.155512
0 0.648344 0.283808 0.109358 0.0981842
0 0.536044 0.19682 0.120199 0.122852
0 0.681047 0.132458 0.110207 0.0875933
0 0.252397 0.771665 0.0482437 0.154229
0 0.637368 0.528129 0.0839378 0.108722
0 0.76672 0.0886249 0.128604 0.105659
0 0.750442 0.594301 0.181859 0.149198
0 0.411077 0.199744 0.133096 0.178035
0 0.0866295 0.0873058 0.116742 0.173
0 0.452044 0.34733 0.144409 0.195592
0 0.731313 0.486107 0.145957 0.165225
0 0.459603 0.46113 0.144467 0.130536
0 0.0670215 0.639496 0.134043 0.185429
0 0.462081 0.577592 0.190598 0.216501
0 0.91694 0.230878 0.161087 0.23823
0 0.342818 0.609681 0.424133 0.453665
0 0.885399 0.0413432 0.124107 0.0693034
0 0.974368 0.522948 0.0512648 0.157853
0 0.949924 0.905051 0.0967419 0.188074
0 0.278142 0.504235 0.346576 0.449488
