0 0.131917 0.54508 0.184275 0.222389
0 0.541695 0.840933 0.111948 0.276627
0 0.559764 0.472395 0.0940811 0.14982
0 0.624181 0.815079 0.108849 0.254853
0 0.362234 0.850369 0.0930373 0.28669
0 0.255148 0.544583 0.092696 0.100509
0 0.908831 0.849551 0.162437 0.168963
0 0.476264 0.472427 0.084487 0.148972
0 0.457953 0.590535 0.0699593 0.126249
0 0.402145 0.588452 0.069623 0.197129
0 0.74916 0.688356 0.140771 0.179236
0 0.0524177 0.333756 0.104835 0.147572
0 0.1293 0.34987 0.104327 0.105021
0 0.200052 0.403533 0.0770751 0.128516
0 0.959374 0.68668 0.0730932 0.103141
0 0.276723 0.349991 0.0698868 0.145909
0 0.193102 0.149847 0.110249 0.113912
0 0.657156 0.657597 0.0746349 0.228788
0 0.0996757 0.176542 0.062134 0.149968
0 0.856163 0.49708 0.0734335 0.0878972
0 0.885898 0.660721 0.0634449 0.161946
0 0.699481 0.854668 0.072039 0.147607
0 0.499016 0.312438 0.0870933 0.115966
0 0.347063 0.185791 0.111971 0.0747547
0 0.483193 0.400675 0.0696152 0.119369
0 0.362724 0.267602 0.0754159 0.176626
0 0.0197362 0.0876418 0.0375549 0.109665
0 0.108329 0.182102 0.0513314 0.122605
0 0.653938 0.628288 0.0842796 0.227647
0 0.161929 0.922629 0.0619363 0.154742
0 0.736188 0.298612 0.0773494 0.103597
0 0.131917 0.54508 0.184275 0.222389
0 0.541695 0.840933 0.111948 0.276627
0 0.559764 0.472395 0.0940811 0.14982
0 0.624181 0.815079 0.108849 0.254853
0 0.362234 0.850369 0.0930373 0.28669
0 0.255148 0.544583 0.092696 0.100509
0 0.908831 0.849551 0.162437 0.168963
0 0.476264 0.472427 0.084487 0.148972
0 0.457953 0.590535 0.0699593 0.126249
0 0.402145 0.588452 0.069623 0.197129
0 0.74916 0.688356 0.140771 0.179236
0 0.0524177 0.333756 0.104835 0.147572
0 0.1293 0.34987 0.104327 0.105021
0 0.200052 0.403533 0.0770751 0.128516
0 0.959374 0.68668 0.0730932 0.103141
0 0.276723 0.349991 0.0698868 0.145909
0 0.193102 0.149847 0.110249 0.113912
0 0.657156 0.657597 0.0746349 0.228788
0 0.0996757 0.176542 0.062134 0.149968
0 0.856163 0.49708 0.0734335 0.0878972
0 0.885898 0.660721 0.0634449 0.161946
0 0.699481 0.854668 0.072039 0.147607
0 0.499016 0.312438 0.0870933 0.115966
0 0.347063 0.185791 0.111971 0.0747547
0 0.483193 0.400675 0.0696152 0.119369
0 0.362724 0.267602 0.0754159 0.176626
0 0.0197362 0.0876418 0.0375549 0.109665
0 0.108329 0.182102 0.0513314 0.122605
0 0.653938 0.628288 0.0842796 0.227647
0 0.161929 0.922629 0.0619363 0.154742
0 0.736188 0.298612 0.0773494 0.103597
0 0.134318 0.547029 0.184844 0.244071
0 0.256371 0.547257 0.100963 0.104661
0 0.352195 0.268631 0.0925217 0.135188
0 0.75738 0.685912 0.14989 0.176168
0 0.537839 0.846153 0.127745 0.287829
0 0.907047 0.855405 0.174499 0.158566
0 0.560977 0.47241 0.0865985 0.132198
0 0.623699 0.817251 0.107796 0.223254
0 0.962496 0.686228 0.0727528 0.0954624
0 0.343887 0.190782 0.117104 0.0752726
0 0.460843 0.589743 0.0670757 0.111777
0 0.475369 0.471495 0.0870278 0.159322
0 0.49542 0.307075 0.0792715 0.0922717
0 0.382268 0.831689 0.132442 0.336622
0 0.887438 0.667139 0.0694101 0.183099
0 0.703437 0.845376 0.0720163 0.15824
0 0.654537 0.636802 0.0825006 0.276324
0 0.068933 0.338379 0.137866 0.131029
0 0.194729 0.164354 0.122527 0.105841
0 0.192898 0.402101 0.0756916 0.113544
0 0.271543 0.373026 0.0925252 0.200055
0 0.858247 0.499079 0.0794804 0.0801338
0 0.0970422 0.166405 0.0687642 0.137595
0 0.485642 0.399627 0.0664885 0.100433
0 0.0302163 0.0913999 0.0604327 0.1828
0 0.400666 0.614763 0.0966869 0.231362
