0 0.613305 0.433375 0.20929 0.29037
0 0.874198 0.64765 0.251605 0.327642
0 0.413071 0.321199 0.119485 0.142957
0 0.718478 0.412866 0.0817846 0.164387
0 0.471021 0.0556362 0.127744 0.0984952
0 0.940903 0.341903 0.114284 0.156231
0 0.613305 0.433375 0.20929 0.29037
0 0.874198 0.64765 0.251605 0.327642
0 0.413071 0.321199 0.119485 0.142957
0 0.718478 0.412866 0.0817846 0.164387
0 0.471021 0.0556362 0.127744 0.0984952
0 0.940903 0.341903 0.114284 0.156231
0 0.881628 0.670483 0.236744 0.380872
0 0.898856 0.439479 0.191299 0.152072
0 0.625078 0.449798 0.200452 0.285945
0 0.412905 0.318435 0.133303 0.138037
0 0.723875 0.409066 0.0663457 0.149931
0 0.555216 0.709204 0.0597506 0.0859501
0 0.957643 0.254651 0.0817062 0.0950317
0 0.132379 0.824858 0.0982535 0.11848
0 0.92149 0.11628 0.135062 0.0966548
0 0.942526 0.33506 0.111848 0.163991
0 0.463824 0.0641548 0.112487 0.10872
