0 0.631187 0.374367 0.206056 0.265321
0 0.437751 0.431622 0.100292 0.0940662
0 0.585048 0.511025 0.255291 0.191939
0 0.385657 0.460235 0.148586 0.122028
0 0.860084 0.365659 0.140678 0.107208
0 0.189997 0.339001 0.259243 0.23374
0 0.514422 0.188868 0.113149 0.143637
0 0.108774 0.788381 0.16692 0.423238
0 0.129503 0.0885706 0.08434 0.0568299
0 0.460874 0.236616 0.0684866 0.0712244
0 0.431193 0.297719 0.0818538 0.105883
0 0.769555 0.29447 0.120474 0.101951
0 0.939807 0.504356 0.11196 0.156285
0 0.631187 0.374367 0.206056 0.265321
0 0.437751 0.431622 0.100292 0.0940662
0 0.585048 0.511025 0.255291 0.191939
0 0.385657 0.460235 0.148586 0.122028
0 0.860084 0.365659 0.140678 0.107208
0 0.189997 0.339001 0.259243 0.23374
0 0.514422 0.188868 0.113149 0.143637
0 0.108774 0.788381 0.16692 0.423238
0 0.129503 0.0885706 0.08434 0.0568299
0 0.460874 0.236616 0.0684866 0.0712244
0 0.431193 0.297719 0.0818538 0.105883
0 0.769555 0.29447 0.120474 0.101951
0 0.939807 0.504356 0.11196 0.156285
0 0.389763 0.467174 0.150052 0.122629
0 0.190759 0.342755 0.251654 0.217612
0 0.632831 0.380452 0.201494 0.266804
0 0.588921 0.523977 0.2514 0.19818
0 0.516806 0.184796 0.124176 0.143134
0 0.430342 0.300465 0.0886928 0.106721
0 0.441261 0.433489 0.101956 0.0869969
0 0.456882 0.235256 0.0761927 0.0714024
0 0.126452 0.0858193 0.0772254 0.0511243
0 0.861934 0.371413 0.139394 0.10045
0 0.772445 0.290432 0.10536 0.0953172
0 0.118294 0.78129 0.188205 0.422815
