0 0.199672 0.155995 0.226588 0.235029
0 0.709466 0.574794 0.143549 0.216419
0 0.681685 0.767669 0.152768 0.328644
0 0.943845 0.840762 0.106432 0.264006
0 0.368788 0.410798 0.0463401 0.159511
0 0.399074 0.172509 0.0881782 0.0958081
0 0.304478 0.427844 0.061361 0.0996435
0 0.830469 0.396786 0.0890136 0.0917157
0 0.942152 0.295029 0.115197 0.100321
0 0.199672 0.155995 0.226588 0.235029
0 0.709466 0.574794 0.143549 0.216419
0 0.681685 0.767669 0.152768 0.328644
0 0.943845 0.840762 0.106432 0.264006
0 0.368788 0.410798 0.0463401 0.159511
0 0.399074 0.172509 0.0881782 0.0958081
0 0.304478 0.427844 0.061361 0.0996435
0 0.830469 0.396786 0.0890136 0.0917157
0 0.942152 0.295029 0.115197 0.100321
0 0.714773 0.577605 0.143466 0.184184
0 0.683427 0.768514 0.145654 0.289177
0 0.940355 0.297834 0.118722 0.099252
0 0.194559 0.167692 0.239706 0.267688
0 0.830733 0.40176 0.092642 0.0940325
0 0.939814 0.839978 0.106113 0.264772
0 0.370729 0.413271 0.0457028 0.145132
0 0.451182 0.0489156 0.0605581 0.0591525
0 0.0760414 0.365537 0.0810373 0.0451877
