0 0.918195 0.774417 0.155834 0.254764
0 0.868517 0.918226 0.158458 0.163548
0 0.752425 0.802094 0.11726 0.190687
0 0.623273 0.898841 0.0902031 0.20036
0 0.495841 0.512828 0.109942 0.237251
0 0.350849 0.781002 0.0616226 0.144646
0 0.356106 0.957081 0.127422 0.0858387
0 0.589769 0.619539 0.115961 0.134684
0 0.66083 0.490278 0.15085 0.182599
0 0.212787 0.46171 0.08304 0.213024
0 0.0556532 0.491119 0.103805 0.173878
0 0.339212 0.485544 0.0858985 0.191789
0 0.474017 0.813761 0.0539317 0.157531
0 0.180039 0.294276 0.149643 0.12252
0 0.585116 0.510085 0.10904 0.129023
0 0.735877 0.578289 0.0657817 0.129066
0 0.56691 0.725965 0.0650107 0.111849
0 0.657966 0.514468 0.214627 0.243005
0 0.961534 0.453737 0.0723763 0.130666
0 0.189534 0.552735 0.115737 0.15517
0 0.918195 0.774417 0.155834 0.254764
0 0.868517 0.918226 0.158458 0.163548
0 0.752425 0.802094 0.11726 0.190687
0 0.623273 0.898841 0.0902031 0.20036
0 0.495841 0.512828 0.109942 0.237251
0 0.350849 0.781002 0.0616226 0.144646
0 0.356106 0.957081 0.127422 0.0858387
0 0.589769 0.619539 0.115961 0.134684
0 0.66083 0.490278 0.15085 0.182599
0 0.212787 0.46171 0.08304 0.213024
0 0.0556532 0.491119 0.103805 0.173878
0 0.339212 0.485544 0.0858985 0.191789
0 0.474017 0.813761 0.0539317 0.157531
0 0.180039 0.294276 0.149643 0.12252
0 0.585116 0.510085 0.10904 0.129023
0 0.735877 0.578289 0.0657817 0.129066
0 0.56691 0.725965 0.0650107 0.111849
0 0.657966 0.514468 0.214627 0.243005
0 0.961534 0.453737 0.0723763 0.130666
0 0.189534 0.552735 0.115737 0.15517
0 0.359728 0.777767 0.070727 0.129232
0 0.656143 0.484764 0.135434 0.149282
0 0.346376 0.956351 0.133447 0.0872987
0 0.74989 0.802649 0.105131 0.179412
0 0.617179 0.896982 0.0719353 0.202143
0 0.493274 0.501666 0.0944548 0.198685
0 0.609119 0.549612 0.171352 0.202351
0 0.873053 0.927299 0.150869 0.145403
0 0.210341 0.453826 0.0958316 0.248543
0 0.168463 0.29219 0.11451 0.112997
0 0.95801 0.447653 0.0793232 0.140846
0 0.736499 0.575651 0.0697496 0.113284
0 0.0381495 0.331983 0.0729181 0.0871762
0 0.910435 0.757066 0.125787 0.169046
0 0.0522698 0.492178 0.101699 0.184343
0 0.106921 0.393205 0.128399 0.102527
0 0.205778 0.476806 0.112864 0.326626
0 0.919055 0.774583 0.146355 0.219705
0 0.595456 0.619818 0.106945 0.0913505
0 0.346518 0.512302 0.0583935 0.089241
0 0.570931 0.727256 0.0896975 0.0896244
