0 0.33223 0.313459 0.148847 0.227368
0 0.540286 0.295372 0.139815 0.152727
0 0.306255 0.632273 0.159934 0.157109
0 0.226911 0.687946 0.214561 0.156083
0 0.847544 0.755118 0.304912 0.269707
0 0.784248 0.431864 0.102309 0.169072
0 0.258845 0.398822 0.041956 0.122151
0 0.853499 0.451324 0.0807987 0.135817
0 0.270522 0.113943 0.121537 0.124431
0 0.0896513 0.183332 0.0591707 0.0730844
0 0.0733309 0.0498594 0.0755279 0.0780458
0 0.556131 0.129184 0.0998043 0.0832598
0 0.505337 0.0565549 0.103146 0.0816008
0 0.0424326 0.214741 0.0800473 0.109566
0 0.213224 0.0830222 0.0689227 0.0639855
0 0.019213 0.652505 0.037009 0.109311
0 0.33223 0.313459 0.148847 0.227368
0 0.540286 0.295372 0.139815 0.152727
0 0.306255 0.632273 0.159934 0.157109
0 0.226911 0.687946 0.214561 0.156083
0 0.847544 0.755118 0.304912 0.269707
0 0.784248 0.431864 0.102309 0.169072
0 0.258845 0.398822 0.041956 0.122151
0 0.853499 0.451324 0.0807987 0.135817
0 0.270522 0.113943 0.121537 0.124431
0 0.0896513 0.183332 0.0591707 0.0730844
0 0.0733309 0.0498594 0.0755279 0.0780458
0 0.556131 0.129184 0.0998043 0.0832598
0 0.505337 0.0565549 0.103146 0.0816008
0 0.0424326 0.214741 0.0800473 0.109566
0 0.213224 0.0830222 0.0689227 0.0639855
0 0.019213 0.652505 0.037009 0.109311
0 0.339024 0.313923 0.158573 0.225175
0 0.536549 0.294645 0.142601 0.150201
0 0.842454 0.752793 0.315091 0.262587
0 0.309898 0.633748 0.159373 0.159782
0 0.226236 0.694758 0.223862 0.165787
0 0.271258 0.120307 0.111293 0.128864
0 0.787324 0.439063 0.0952594 0.162243
0 0.688792 0.132872 0.0881744 0.0584807
0 0.503581 0.0590943 0.100762 0.0736103
0 0.0883128 0.183338 0.0640389 0.0767968
0 0.0726767 0.0465367 0.0780628 0.0798597
0 0.85771 0.454691 0.0919815 0.124711
0 0.261821 0.396606 0.0427972 0.104508
0 0.0510742 0.215642 0.0615385 0.0855813
