0 0.504723 0.730833 0.131091 0.175801
0 0.257809 0.503647 0.188441 0.164059
0 0.808017 0.75069 0.0612598 0.140311
0 0.360252 0.243882 0.1335 0.13875
0 0.498372 0.181125 0.17966 0.135459
0 0.611103 0.685536 0.078207 0.157798
0 0.804314 0.539899 0.0860966 0.136409
0 0.665504 0.434905 0.0969377 0.245325
0 0.116117 0.0456023 0.169275 0.0912046
0 0.0483169 0.167832 0.0966338 0.106636
0 0.739334 0.305393 0.118209 0.152177
0 0.875232 0.596209 0.108565 0.131525
0 0.260377 0.24008 0.0600513 0.183383
0 0.907728 0.365764 0.106385 0.107586
0 0.201664 0.174506 0.0902656 0.122187
0 0.504723 0.730833 0.131091 0.175801
0 0.257809 0.503647 0.188441 0.164059
0 0.808017 0.75069 0.0612598 0.140311
0 0.360252 0.243882 0.1335 0.13875
0 0.498372 0.181125 0.17966 0.135459
0 0.611103 0.685536 0.078207 0.157798
0 0.804314 0.539899 0.0860966 0.136409
0 0.665504 0.434905 0.0969377 0.245325
0 0.116117 0.0456023 0.169275 0.0912046
0 0.0483169 0.167832 0.0966338 0.106636
0 0.739334 0.305393 0.118209 0.152177
0 0.875232 0.596209 0.108565 0.131525
0 0.260377 0.24008 0.0600513 0.183383
0 0.907728 0.365764 0.106385 0.107586
0 0.201664 0.174506 0.0902656 0.122187
0 0.258565 0.509726 0.178347 0.167018
0 0.50696 0.185606 0.18979 0.14215
0 0.815235 0.75017 0.0782218 0.147129
0 0.361255 0.259058 0.131268 0.148877
0 0.510675 0.733787 0.140125 0.160331
0 0.619175 0.69883 0.0774539 0.169249
0 0.114098 0.0478493 0.179727 0.0956986
0 0.889916 0.373799 0.135428 0.126283
0 0.798583 0.54111 0.0744509 0.137642
0 0.661924 0.437087 0.0964581 0.249536
0 0.042584 0.144079 0.085168 0.150341
0 0.142771 0.725315 0.0458427 0.0536333
0 0.044153 0.352058 0.0854739 0.195967
0 0.365027 0.129316 0.149468 0.207589
0 0.138823 0.157354 0.0647025 0.0546905
