0 0.932542 0.38185 0.133121 0.128747
0 0.777182 0.499421 0.297421 0.288644
0 0.539737 0.267581 0.332715 0.320965
0 0.395672 0.240426 0.118558 0.163235
0 0.709297 0.168596 0.0932779 0.0721359
0 0.932542 0.38185 0.133121 0.128747
0 0.777182 0.499421 0.297421 0.288644
0 0.539737 0.267581 0.332715 0.320965
0 0.395672 0.240426 0.118558 0.163235
0 0.709297 0.168596 0.0932779 0.0721359
0 0.9295 0.39006 0.141001 0.152011
0 0.548747 0.283037 0.282632 0.325892
0 0.764723 0.504961 0.338798 0.312232
0 0.429398 0.141632 0.113139 0.110341
0 0.385089 0.23827 0.128123 0.188913
0 0.753402 0.311192 0.115894 0.13267
0 0.0297688 0.272322 0.0595377 0.194554
0 0.709671 0.170027 0.0975784 0.0705025
