0 0.483313 0.547956 0.163566 0.121744
0 0.817052 0.63374 0.127776 0.137889
0 0.334785 0.313009 0.0676981 0.129475
0 0.889516 0.514959 0.100584 0.159457
0 0.390035 0.886173 0.176047 0.227654
0 0.875007 0.302079 0.14075 0.114162
0 0.506603 0.296481 0.110724 0.111353
0 0.0434451 0.377697 0.0853778 0.225016
0 0.963086 0.800547 0.0738287 0.136931
0 0.0587183 0.144593 0.108815 0.0869822
0 0.261355 0.235348 0.106147 0.107538
0 0.970811 0.508563 0.0490414 0.144533
0 0.757793 0.0930089 0.0806924 0.0793659
0 0.974601 0.655748 0.0507984 0.147466
0 0.0508205 0.406552 0.0955748 0.15397
0 0.483313 0.547956 0.163566 0.121744
0 0.817052 0.63374 0.127776 0.137889
0 0.334785 0.313009 0.0676981 0.129475
0 0.889516 0.514959 0.100584 0.159457
0 0.390035 0.886173 0.176047 0.227654
0 0.875007 0.302079 0.14075 0.114162
0 0.506603 0.296481 0.110724 0.111353
0 0.0434451 0.377697 0.0853778 0.225016
0 0.963086 0.800547 0.0738287 0.136931
0 0.0587183 0.144593 0.108815 0.0869822
0 0.261355 0.235348 0.106147 0.107538
0 0.970811 0.508563 0.0490414 0.144533
0 0.757793 0.0930089 0.0806924 0.0793659
0 0.974601 0.655748 0.0507984 0.147466
0 0.0508205 0.406552 0.0955748 0.15397
0 0.0797925 0.163606 0.159585 0.119575
0 0.476758 0.548083 0.17231 0.130417
0 0.812133 0.632148 0.133357 0.127061
0 0.867603 0.301648 0.152335 0.118451
0 0.499682 0.301399 0.11948 0.124193
0 0.385885 0.878379 0.142157 0.243241
0 0.880986 0.503497 0.0728932 0.135456
0 0.260326 0.239132 0.106878 0.103387
0 0.96298 0.505483 0.0667797 0.159935
0 0.0393922 0.38292 0.0752517 0.234074
0 0.334525 0.311509 0.0620794 0.122326
0 0.591228 0.166407 0.0547136 0.0457267
0 0.238446 0.171065 0.06253 0.0762732
