0 0.512365 0.283778 0.132423 0.147593
0 0.299272 0.646505 0.16121 0.159532
0 0.306767 0.331294 0.151965 0.190204
0 0.209327 0.707383 0.216339 0.154537
0 0.824262 0.789416 0.307026 0.264051
0 0.771954 0.433642 0.102966 0.176825
0 0.242198 0.105278 0.121604 0.132886
0 0.0573094 0.0477447 0.0956942 0.0808326
0 0.845218 0.449584 0.0879115 0.140276
0 0.677643 0.129847 0.0857372 0.0681837
0 0.0657912 0.178006 0.0553772 0.0848067
0 0.242712 0.415659 0.0349603 0.0923564
0 0.235393 0.0967308 0.0986913 0.105023
0 0.0623103 0.184344 0.0645284 0.106927
0 0.813958 0.803232 0.372084 0.311835
0 0.504856 0.0506651 0.101502 0.0835098
0 0.512365 0.283778 0.132423 0.147593
0 0.299272 0.646505 0.16121 0.159532
0 0.306767 0.331294 0.151965 0.190204
0 0.209327 0.707383 0.216339 0.154537
0 0.824262 0.789416 0.307026 0.264051
0 0.771954 0.433642 0.102966 0.176825
0 0.242198 0.105278 0.121604 0.132886
0 0.0573094 0.0477447 0.0956942 0.0808326
0 0.845218 0.449584 0.0879115 0.140276
0 0.677643 0.129847 0.0857372 0.0681837
0 0.0657912 0.178006 0.0553772 0.0848067
0 0.242712 0.415659 0.0349603 0.0923564
0 0.235393 0.0967308 0.0986913 0.105023
0 0.0623103 0.184344 0.0645284 0.106927
0 0.813958 0.803232 0.372084 0.311835
0 0.504856 0.0506651 0.101502 0.0835098
0 0.24468 0.110995 0.128225 0.129048
0 0.215978 0.712322 0.224485 0.172178
0 0.508068 0.285999 0.150527 0.152564
0 0.830837 0.797626 0.338326 0.265308
0 0.298611 0.646704 0.163577 0.165992
0 0.314132 0.317719 0.144648 0.216464
0 0.679072 0.128048 0.0936487 0.0611919
0 0.778508 0.435026 0.0905373 0.164585
0 0.0653105 0.176059 0.0625104 0.0898514
0 0.501514 0.0527833 0.100467 0.0728151
0 0.0589485 0.0474756 0.0900535 0.0857644
0 0.84368 0.449503 0.0854778 0.124903
0 0.03278 0.20247 0.0655601 0.0949969
0 0.0521519 0.185987 0.0865253 0.0962527
