0 0.441234 0.221469 0.14762 0.130783
0 0.131178 0.651152 0.262357 0.257348
0 0.431919 0.508293 0.22755 0.21235
0 0.681874 0.374802 0.272853 0.215708
0 0.190884 0.333204 0.249563 0.179572
0 0.379957 0.414344 0.13364 0.129138
0 0.487317 0.371976 0.105901 0.159773
0 0.848632 0.377973 0.110416 0.147279
0 0.846346 0.868616 0.307309 0.262768
0 0.2066 0.195532 0.173262 0.134271
0 0.195133 0.130615 0.189718 0.245653
0 0.200381 0.170053 0.186835 0.18033
0 0.441234 0.221469 0.14762 0.130783
0 0.131178 0.651152 0.262357 0.257348
0 0.431919 0.508293 0.22755 0.21235
0 0.681874 0.374802 0.272853 0.215708
0 0.190884 0.333204 0.249563 0.179572
0 0.379957 0.414344 0.13364 0.129138
0 0.487317 0.371976 0.105901 0.159773
0 0.848632 0.377973 0.110416 0.147279
0 0.846346 0.868616 0.307309 0.262768
0 0.2066 0.195532 0.173262 0.134271
0 0.195133 0.130615 0.189718 0.245653
0 0.200381 0.170053 0.186835 0.18033
0 0.441307 0.220395 0.141817 0.131835
0 0.695772 0.391617 0.282062 0.23438
0 0.118021 0.647411 0.225185 0.276539
0 0.427104 0.524467 0.210157 0.229205
0 0.843392 0.386266 0.129794 0.179109
0 0.188926 0.334818 0.232904 0.191185
0 0.385019 0.414211 0.148677 0.140755
0 0.490095 0.373658 0.107085 0.174854
0 0.444805 0.651977 0.146154 0.212176
0 0.191134 0.194703 0.215049 0.167652
