0 0.877011 0.412935 0.228847 0.301813
0 0.772896 0.516216 0.10515 0.0998606
0 0.914757 0.242667 0.15607 0.191923
0 0.675882 0.236529 0.120282 0.153938
0 0.920346 0.701728 0.0817959 0.210844
0 0.546813 0.0978686 0.110512 0.136342
0 0.759443 0.179345 0.0698252 0.0804561
0 0.0543061 0.862811 0.108612 0.249699
0 0.877011 0.412935 0.228847 0.301813
0 0.772896 0.516216 0.10515 0.0998606
0 0.914757 0.242667 0.15607 0.191923
0 0.675882 0.236529 0.120282 0.153938
0 0.920346 0.701728 0.0817959 0.210844
0 0.546813 0.0978686 0.110512 0.136342
0 0.759443 0.179345 0.0698252 0.0804561
0 0.0543061 0.862811 0.108612 0.249699
0 0.884227 0.409027 0.22258 0.293987
0 0.909911 0.230766 0.171312 0.211761
0 0.780477 0.518193 0.102703 0.0904287
0 0.676971 0.240115 0.123331 0.150831
0 0.547201 0.0994331 0.0975734 0.114411
0 0.222477 0.914038 0.128233 0.165874
0 0.112969 0.924371 0.200016 0.151258
0 0.200771 0.61149 0.0570565 0.0755356
0 0.292504 0.862265 0.0954535 0.144909
0 0.309935 0.621087 0.0612464 0.0561849
