0 0.902761 0.921578 0.191283 0.156843
0 0.111855 0.38413 0.223709 0.322305
0 0.782617 0.263475 0.115356 0.119037
0 0.0914187 0.152632 0.182837 0.217468
0 0.70876 0.431384 0.0639969 0.186007
0 0.933694 0.471784 0.132613 0.174763
0 0.548346 0.113207 0.204219 0.218422
0 0.789939 0.47098 0.0868179 0.152375
0 0.345204 0.257044 0.139986 0.154265
0 0.832084 0.0707671 0.137919 0.1295
0 0.495376 0.0352963 0.109056 0.0705927
0 0.0545786 0.576468 0.104335 0.177664
0 0.59887 0.296135 0.119214 0.1144
0 0.902761 0.921578 0.191283 0.156843
0 0.111855 0.38413 0.223709 0.322305
0 0.782617 0.263475 0.115356 0.119037
0 0.0914187 0.152632 0.182837 0.217468
0 0.70876 0.431384 0.0639969 0.186007
0 0.933694 0.471784 0.132613 0.174763
0 0.548346 0.113207 0.204219 0.218422
0 0.789939 0.47098 0.0868179 0.152375
0 0.345204 0.257044 0.139986 0.154265
0 0.832084 0.0707671 0.137919 0.1295
0 0.495376 0.0352963 0.109056 0.0705927
0 0.0545786 0.576468 0.104335 0.177664
0 0.59887 0.296135 0.119214 0.1144
0 0.906406 0.913818 0.180915 0.172364
0 0.119558 0.387256 0.232969 0.291787
0 0.78207 0.268294 0.101824 0.114897
0 0.594711 0.295705 0.109026 0.10767
0 0.340369 0.257119 0.138238 0.148149
0 0.82906 0.0642675 0.12307 0.128535
0 0.91993 0.465564 0.159085 0.172786
0 0.69758 0.423416 0.088071 0.184295
0 0.0994507 0.139172 0.198901 0.177989
0 0.566797 0.135076 0.159327 0.208529
0 0.379954 0.144848 0.13268 0.174747
0 0.120301 0.168647 0.240602 0.228229
0 0.0608725 0.264822 0.116815 0.0752317
