0 0.632765 0.351066 0.122402 0.124809
0 0.377193 0.273873 0.141313 0.110866
0 0.147214 0.0452869 0.155933 0.0905738
0 0.773737 0.430442 0.121063 0.16472
0 0.555618 0.195889 0.0793556 0.0678048
0 0.40253 0.120886 0.0945616 0.0729816
0 0.292031 0.169045 0.0780344 0.0801813
0 0.635996 0.803875 0.145894 0.39225
0 0.203139 0.262428 0.0806994 0.0705395
0 0.504308 0.0614426 0.103473 0.0789565
0 0.648611 0.20274 0.0808799 0.0738112
0 0.632765 0.351066 0.122402 0.124809
0 0.377193 0.273873 0.141313 0.110866
0 0.147214 0.0452869 0.155933 0.0905738
0 0.773737 0.430442 0.121063 0.16472
0 0.555618 0.195889 0.0793556 0.0678048
0 0.40253 0.120886 0.0945616 0.0729816
0 0.292031 0.169045 0.0780344 0.0801813
0 0.635996 0.803875 0.145894 0.39225
0 0.203139 0.262428 0.0806994 0.0705395
0 0.504308 0.0614426 0.103473 0.0789565
0 0.648611 0.20274 0.0808799 0.0738112
0 0.371163 0.274232 0.134632 0.115241
0 0.627837 0.347952 0.117152 0.122819
0 0.76827 0.42891 0.126927 0.183951
0 0.139895 0.0522689 0.183879 0.104538
0 0.561617 0.194951 0.0819537 0.0649141
0 0.29161 0.168724 0.0732474 0.0778411
0 0.499459 0.0674787 0.0938937 0.0769868
0 0.649725 0.208313 0.0913494 0.0673028
0 0.402909 0.11958 0.0832201 0.0632887
0 0.213888 0.257274 0.103818 0.0650577
0 0.643969 0.813663 0.128048 0.372674
0 0.114586 0.0481034 0.186594 0.0855801
