0 0.545414 0.43684 0.213036 0.159479
0 0.341132 0.259987 0.246165 0.204961
0 0.304513 0.35655 0.150859 0.122873
0 0.904525 0.647761 0.080097 0.151025
0 0.63124 0.780806 0.125313 0.200488
0 0.279402 0.670209 0.359902 0.263139
0 0.798215 0.503827 0.133788 0.112694
0 0.802929 0.696923 0.0825123 0.169185
0 0.83903 0.602564 0.0567419 0.0998281
0 0.907413 0.850215 0.159615 0.244888
0 0.958016 0.609325 0.0407726 0.109715
0 0.965818 0.856852 0.0650097 0.164716
0 0.759489 0.913447 0.0440872 0.139667
0 0.373398 0.263477 0.161762 0.187569
0 0.702688 0.484524 0.096534 0.0886625
0 0.545414 0.43684 0.213036 0.159479
0 0.341132 0.259987 0.246165 0.204961
0 0.304513 0.35655 0.150859 0.122873
0 0.904525 0.647761 0.080097 0.151025
0 0.63124 0.780806 0.125313 0.200488
0 0.279402 0.670209 0.359902 0.263139
0 0.798215 0.503827 0.133788 0.112694
0 0.802929 0.696923 0.0825123 0.169185
0 0.83903 0.602564 0.0567419 0.0998281
0 0.907413 0.850215 0.159615 0.244888
0 0.958016 0.609325 0.0407726 0.109715
0 0.965818 0.856852 0.0650097 0.164716
0 0.759489 0.913447 0.0440872 0.139667
0 0.373398 0.263477 0.161762 0.187569
0 0.702688 0.484524 0.096534 0.0886625
0 0.539124 0.433721 0.211962 0.172109
0 0.904345 0.64502 0.0845783 0.13309
0 0.287387 0.701785 0.374733 0.309036
0 0.792712 0.509837 0.172567 0.129323
0 0.966869 0.866249 0.0662615 0.194588
0 0.891451 0.833803 0.131843 0.167105
0 0.629358 0.778255 0.145004 0.183699
0 0.311124 0.35334 0.142707 0.120008
0 0.271051 0.674026 0.328388 0.236262
0 0.759181 0.787746 0.0753784 0.307129
0 0.805405 0.699188 0.0700312 0.156707
0 0.36421 0.250169 0.134526 0.152986
0 0.236942 0.222941 0.0944198 0.0838779
0 0.593155 0.849268 0.250047 0.301463
0 0.0327171 0.319882 0.062047 0.128462
