0 0.558198 0.390204 0.150598 0.147216
0 0.354741 0.293618 0.125846 0.103167
0 0.112723 0.063894 0.175179 0.110784
0 0.913477 0.554825 0.173046 0.128898
0 0.860478 0.897717 0.194828 0.204566
0 0.698198 0.461877 0.115398 0.198929
0 0.366983 0.151586 0.100143 0.0783316
0 0.480007 0.0952701 0.107521 0.0801057
0 0.525595 0.213882 0.0799481 0.0582512
0 0.188809 0.284904 0.0808199 0.0672549
0 0.612838 0.212936 0.0882088 0.0675292
0 0.558198 0.390204 0.150598 0.147216
0 0.354741 0.293618 0.125846 0.103167
0 0.112723 0.063894 0.175179 0.110784
0 0.913477 0.554825 0.173046 0.128898
0 0.860478 0.897717 0.194828 0.204566
0 0.698198 0.461877 0.115398 0.198929
0 0.366983 0.151586 0.100143 0.0783316
0 0.480007 0.0952701 0.107521 0.0801057
0 0.525595 0.213882 0.0799481 0.0582512
0 0.188809 0.284904 0.0808199 0.0672549
0 0.612838 0.212936 0.0882088 0.0675292
0 0.10495 0.0634393 0.179412 0.116102
0 0.353576 0.295139 0.13095 0.108867
0 0.914022 0.554434 0.171956 0.134796
0 0.699911 0.475164 0.117388 0.20432
0 0.55491 0.388695 0.138833 0.142225
0 0.865932 0.895276 0.209602 0.209448
0 0.371346 0.15329 0.0945228 0.0719895
0 0.528982 0.212975 0.0766884 0.0581057
0 0.473516 0.100589 0.0858225 0.074972
0 0.256125 0.206127 0.0868607 0.067299
0 0.616057 0.220366 0.085331 0.0638062
0 0.95673 0.327083 0.0865404 0.132501
0 0.1982 0.280012 0.0951051 0.0618417
