0 0.612253 0.405097 0.211949 0.291252
0 0.873571 0.625987 0.252857 0.346127
0 0.418177 0.302719 0.129692 0.152714
0 0.722629 0.387715 0.0761843 0.150018
0 0.368638 0.17251 0.105121 0.128784
0 0.493538 0.231701 0.0986489 0.101356
0 0.932607 0.103326 0.121627 0.123111
0 0.295995 0.679112 0.0883645 0.121829
0 0.724021 0.0867847 0.181696 0.155735
0 0.949722 0.328334 0.100557 0.169714
0 0.612253 0.405097 0.211949 0.291252
0 0.873571 0.625987 0.252857 0.346127
0 0.418177 0.302719 0.129692 0.152714
0 0.722629 0.387715 0.0761843 0.150018
0 0.368638 0.17251 0.105121 0.128784
0 0.493538 0.231701 0.0986489 0.101356
0 0.932607 0.103326 0.121627 0.123111
0 0.295995 0.679112 0.0883645 0.121829
0 0.724021 0.0867847 0.181696 0.155735
0 0.949722 0.328334 0.100557 0.169714
0 0.88068 0.644109 0.23864 0.370088
0 0.627293 0.41561 0.207042 0.291451
0 0.901516 0.41402 0.18722 0.148056
0 0.728854 0.388452 0.0654547 0.150912
0 0.417581 0.300359 0.125688 0.140854
0 0.96179 0.220195 0.0747227 0.0869499
0 0.820884 0.184562 0.0842494 0.103801
0 0.46827 0.0495281 0.123428 0.0990561
