0 0.430335 0.172982 0.130655 0.136167
0 0.583092 0.716345 0.172748 0.181026
0 0.331759 0.142464 0.131538 0.133541
0 0.794566 0.86222 0.153824 0.275559
0 0.451485 0.36539 0.107954 0.118442
0 0.3641 0.376075 0.266603 0.216788
0 0.0788875 0.0480019 0.157775 0.0960038
0 0.560086 0.139771 0.108173 0.101348
0 0.431488 0.57009 0.045575 0.185772
0 0.843027 0.216658 0.105426 0.120878
0 0.555088 0.904845 0.0549034 0.177484
0 0.0590782 0.235477 0.118156 0.163121
0 0.267659 0.367234 0.0783699 0.0913142
0 0.912052 0.617646 0.113185 0.224121
0 0.430335 0.172982 0.130655 0.136167
0 0.583092 0.716345 0.172748 0.181026
0 0.331759 0.142464 0.131538 0.133541
0 0.794566 0.86222 0.153824 0.275559
0 0.451485 0.36539 0.107954 0.118442
0 0.3641 0.376075 0.266603 0.216788
0 0.0788875 0.0480019 0.157775 0.0960038
0 0.560086 0.139771 0.108173 0.101348
0 0.431488 0.57009 0.045575 0.185772
0 0.843027 0.216658 0.105426 0.120878
0 0.555088 0.904845 0.0549034 0.177484
0 0.0590782 0.235477 0.118156 0.163121
0 0.267659 0.367234 0.0783699 0.0913142
0 0.912052 0.617646 0.113185 0.224121
0 0.798547 0.868802 0.144676 0.262397
0 0.433752 0.162922 0.155743 0.158043
0 0.580691 0.706826 0.158817 0.222252
0 0.268974 0.373146 0.0743898 0.100256
0 0.553427 0.143599 0.138368 0.107314
0 0.436608 0.566005 0.0487921 0.179366
0 0.403057 0.364967 0.223742 0.207874
0 0.082455 0.0583893 0.16491 0.116779
0 0.0605485 0.229491 0.119245 0.179285
0 0.263217 0.244708 0.0639811 0.107562
0 0.198346 0.20679 0.0933323 0.157432
0 0.0389036 0.879849 0.0778073 0.195093
0 0.0371038 0.68418 0.0720845 0.19503
0 0.0967552 0.0456633 0.17856 0.0911221
0 0.102119 0.459433 0.0523493 0.058974
