0 0.382008 0.481628 0.179179 0.239779
0 0.533055 0.447264 0.173444 0.232948
0 0.590275 0.859314 0.269355 0.281372
0 0.106165 0.610433 0.21233 0.253427
0 0.65487 0.467898 0.118644 0.11835
0 0.322832 0.633055 0.236278 0.153432
0 0.829373 0.671295 0.156657 0.196532
0 0.888176 0.881936 0.223648 0.236128
0 0.371057 0.216486 0.107931 0.113286
0 0.405152 0.0890092 0.103949 0.0844346
0 0.208695 0.364086 0.0929655 0.125741
0 0.134563 0.409584 0.122472 0.170483
0 0.382008 0.481628 0.179179 0.239779
0 0.533055 0.447264 0.173444 0.232948
0 0.590275 0.859314 0.269355 0.281372
0 0.106165 0.610433 0.21233 0.253427
0 0.65487 0.467898 0.118644 0.11835
0 0.322832 0.633055 0.236278 0.153432
0 0.829373 0.671295 0.156657 0.196532
0 0.888176 0.881936 0.223648 0.236128
0 0.371057 0.216486 0.107931 0.113286
0 0.405152 0.0890092 0.103949 0.0844346
0 0.208695 0.364086 0.0929655 0.125741
0 0.134563 0.409584 0.122472 0.170483
0 0.603746 0.855139 0.29606 0.289721
0 0.539604 0.455719 0.190685 0.248137
0 0.388305 0.488283 0.164602 0.233343
0 0.881648 0.878521 0.228654 0.242958
0 0.349856 0.629841 0.202743 0.166677
0 0.657618 0.480297 0.141408 0.134171
0 0.821747 0.669095 0.136727 0.181113
0 0.0993028 0.103259 0.136833 0.106252
0 0.107849 0.643227 0.215698 0.320925
0 0.141863 0.405987 0.156316 0.20385
0 0.378364 0.220848 0.121928 0.112435
0 0.401003 0.0911818 0.112126 0.0906504
0 0.202873 0.362705 0.0888036 0.122522
0 0.271995 0.610782 0.146004 0.104499
