0 0.422804 0.41676 0.231561 0.182033
0 0.689935 0.532325 0.315348 0.26072
0 0.639653 0.327442 0.15067 0.196668
0 0.142322 0.385211 0.284645 0.317993
0 0.209643 0.0761309 0.169552 0.152262
0 0.56775 0.0600157 0.148497 0.101819
0 0.320214 0.145524 0.0963702 0.0945445
0 0.815232 0.408796 0.161884 0.140274
0 0.548247 0.149634 0.105487 0.0847835
0 0.928601 0.299946 0.135892 0.128393
0 0.843867 0.942797 0.121125 0.109928
0 0.422804 0.41676 0.231561 0.182033
0 0.689935 0.532325 0.315348 0.26072
0 0.639653 0.327442 0.15067 0.196668
0 0.142322 0.385211 0.284645 0.317993
0 0.209643 0.0761309 0.169552 0.152262
0 0.56775 0.0600157 0.148497 0.101819
0 0.320214 0.145524 0.0963702 0.0945445
0 0.815232 0.408796 0.161884 0.140274
0 0.548247 0.149634 0.105487 0.0847835
0 0.928601 0.299946 0.135892 0.128393
0 0.843867 0.942797 0.121125 0.109928
0 0.453501 0.217945 0.162183 0.193628
0 0.420784 0.405622 0.177713 0.15777
0 0.633988 0.31527 0.168778 0.210904
0 0.81748 0.406335 0.16179 0.145602
0 0.696481 0.536399 0.236259 0.249656
0 0.328118 0.16886 0.121744 0.144174
0 0.926862 0.29729 0.134668 0.122807
0 0.168548 0.423977 0.337097 0.404033
0 0.209992 0.078407 0.158786 0.156814
0 0.215545 0.196455 0.178443 0.170106
