0 0.238394 0.258044 0.104715 0.181053
0 0.183014 0.574383 0.103717 0.158764
0 0.855583 0.451691 0.088995 0.132578
0 0.884241 0.311271 0.0795082 0.151346
0 0.544316 0.953591 0.136549 0.0888632
0 0.238394 0.258044 0.104715 0.181053
0 0.183014 0.574383 0.103717 0.158764
0 0.855583 0.451691 0.088995 0.132578
0 0.884241 0.311271 0.0795082 0.151346
0 0.544316 0.953591 0.136549 0.0888632
0 0.551122 0.954214 0.157939 0.0915729
0 0.192719 0.586977 0.0994733 0.25125
0 0.857245 0.451337 0.0851433 0.110201
0 0.483745 0.0516551 0.0617146 0.10331
