0 0.750023 0.232599 0.179017 0.219561
0 0.767178 0.491127 0.098274 0.117077
0 0.595332 0.0669523 0.137278 0.112386
0 0.865747 0.327222 0.0907232 0.156774
0 0.792057 0.1047 0.240658 0.209401
0 0.947527 0.0540483 0.102955 0.0785533
0 0.833363 0.116235 0.137586 0.195752
0 0.936054 0.578969 0.122095 0.200907
0 0.628068 0.160909 0.107325 0.149908
0 0.750023 0.232599 0.179017 0.219561
0 0.767178 0.491127 0.098274 0.117077
0 0.595332 0.0669523 0.137278 0.112386
0 0.865747 0.327222 0.0907232 0.156774
0 0.792057 0.1047 0.240658 0.209401
0 0.947527 0.0540483 0.102955 0.0785533
0 0.833363 0.116235 0.137586 0.195752
0 0.936054 0.578969 0.122095 0.200907
0 0.628068 0.160909 0.107325 0.149908
0 0.753597 0.232611 0.187728 0.233928
0 0.772108 0.499878 0.0933535 0.0837541
0 0.632279 0.174818 0.109042 0.156326
0 0.602429 0.0859884 0.144877 0.0906828
0 0.839155 0.109438 0.148313 0.218877
0 0.928865 0.57627 0.134626 0.179789
0 0.16105 0.615407 0.0612324 0.0851492
0 0.167629 0.934861 0.146979 0.130277
0 0.240217 0.896239 0.0930718 0.164037
