0 0.790132 0.825513 0.164205 0.308921
0 0.273702 0.160953 0.246552 0.25787
0 0.771314 0.594253 0.143037 0.195708
0 0.417665 0.416769 0.0460115 0.117087
0 0.639079 0.339222 0.110131 0.0947725
0 0.0960592 0.306843 0.0966301 0.0772932
0 0.420253 0.432943 0.042507 0.114761
0 0.790132 0.825513 0.164205 0.308921
0 0.273702 0.160953 0.246552 0.25787
0 0.771314 0.594253 0.143037 0.195708
0 0.417665 0.416769 0.0460115 0.117087
0 0.639079 0.339222 0.110131 0.0947725
0 0.0960592 0.306843 0.0966301 0.0772932
0 0.420253 0.432943 0.042507 0.114761
0 0.776137 0.597895 0.140974 0.182697
0 0.87902 0.397093 0.0942211 0.0879959
0 0.789509 0.831303 0.167354 0.280951
0 0.272573 0.163031 0.223586 0.236418
0 0.415874 0.417504 0.0419859 0.143259
0 0.644365 0.353908 0.133381 0.112605
0 0.148602 0.355839 0.0589339 0.0470786
0 0.630236 0.414259 0.0737686 0.0602378
0 0.974582 0.834165 0.0508368 0.184815
0 0.0901672 0.803808 0.165457 0.227076
