0 0.405858 0.0620119 0.187212 0.124024
0 0.513852 0.113527 0.126978 0.161307
0 0.296261 0.129757 0.0607252 0.0979975
0 0.641747 0.574356 0.198951 0.242919
0 0.405858 0.0620119 0.187212 0.124024
0 0.513852 0.113527 0.126978 0.161307
0 0.296261 0.129757 0.0607252 0.0979975
0 0.641747 0.574356 0.198951 0.242919
0 0.817413 0.606325 0.103016 0.107543
0 0.395998 0.0626682 0.194784 0.125336
0 0.523577 0.1237 0.118199 0.152491
0 0.880582 0.545153 0.0897263 0.12694
0 0.828841 0.840908 0.0584111 0.0487047
0 0.0377027 0.0739306 0.0742959 0.055214
