0 0.804692 0.427823 0.144891 0.176344
0 0.264151 0.62012 0.131782 0.249243
0 0.402441 0.297964 0.0918204 0.0956917
0 0.827252 0.140195 0.143203 0.123784
0 0.675049 0.698507 0.177171 0.209146
0 0.732043 0.876453 0.206453 0.247093
0 0.956883 0.469227 0.083296 0.121544
0 0.110358 0.851659 0.114358 0.296682
0 0.570299 0.426208 0.168705 0.207573
0 0.825733 0.739908 0.100339 0.208604
0 0.704822 0.394272 0.0734814 0.119389
0 0.551627 0.406054 0.133859 0.14924
0 0.889779 0.528796 0.144112 0.17724
0 0.61434 0.473367 0.0594578 0.166592
0 0.271117 0.325868 0.0703931 0.136914
0 0.948357 0.352396 0.097419 0.0944439
0 0.649879 0.207596 0.098244 0.0940135
0 0.0400143 0.0468487 0.0800286 0.0691574
0 0.804692 0.427823 0.144891 0.176344
0 0.264151 0.62012 0.131782 0.249243
0 0.402441 0.297964 0.0918204 0.0956917
0 0.827252 0.140195 0.143203 0.123784
0 0.675049 0.698507 0.177171 0.209146
0 0.732043 0.876453 0.206453 0.247093
0 0.956883 0.469227 0.083296 0.121544
0 0.110358 0.851659 0.114358 0.296682
0 0.570299 0.426208 0.168705 0.207573
0 0.825733 0.739908 0.100339 0.208604
0 0.704822 0.394272 0.0734814 0.119389
0 0.551627 0.406054 0.133859 0.14924
0 0.889779 0.528796 0.144112 0.17724
0 0.61434 0.473367 0.0594578 0.166592
0 0.271117 0.325868 0.0703931 0.136914
0 0.948357 0.352396 0.097419 0.0944439
0 0.649879 0.207596 0.098244 0.0940135
0 0.0400143 0.0468487 0.0800286 0.0691574
0 0.806062 0.429694 0.136529 0.177245
0 0.261032 0.623294 0.113516 0.217525
0 0.539029 0.402055 0.11967 0.109458
0 0.717911 0.812857 0.249261 0.374286
0 0.948582 0.364977 0.0854225 0.0671051
0 0.894544 0.528501 0.147425 0.188662
0 0.104051 0.867979 0.0963259 0.250387
0 0.39965 0.296257 0.0882943 0.091437
0 0.961613 0.473936 0.0751621 0.106471
0 0.707754 0.402061 0.0711408 0.0913768
0 0.832429 0.743436 0.113923 0.213638
0 0.616481 0.481048 0.0679447 0.158737
0 0.269635 0.325814 0.058256 0.13099
0 0.830415 0.140818 0.14319 0.113893
0 0.664891 0.348478 0.138032 0.214863
0 0.91363 0.862677 0.17274 0.274646
0 0.807417 0.138351 0.0995529 0.104408
