0 0.598888 0.909378 0.185267 0.181244
0 0.18538 0.720469 0.105193 0.171785
0 0.700034 0.354168 0.139791 0.10867
0 0.420897 0.668737 0.254524 0.20303
0 0.920993 0.689318 0.156859 0.197889
0 0.391261 0.817117 0.077924 0.172353
0 0.584499 0.441267 0.105772 0.0867611
0 0.772099 0.790273 0.0734121 0.124006
0 0.286405 0.402244 0.107721 0.0727936
0 0.500568 0.461367 0.128523 0.110975
0 0.598888 0.909378 0.185267 0.181244
0 0.18538 0.720469 0.105193 0.171785
0 0.700034 0.354168 0.139791 0.10867
0 0.420897 0.668737 0.254524 0.20303
0 0.920993 0.689318 0.156859 0.197889
0 0.391261 0.817117 0.077924 0.172353
0 0.584499 0.441267 0.105772 0.0867611
0 0.772099 0.790273 0.0734121 0.124006
0 0.286405 0.402244 0.107721 0.0727936
0 0.500568 0.461367 0.128523 0.110975
0 0.190145 0.719936 0.110737 0.171457
0 0.690395 0.356996 0.149451 0.0984638
0 0.606268 0.902717 0.182134 0.178441
0 0.913245 0.69001 0.173509 0.212616
0 0.428107 0.665712 0.273762 0.226577
0 0.392909 0.811419 0.0788451 0.179274
0 0.287999 0.399059 0.0994004 0.064015
0 0.156195 0.279326 0.0744376 0.0732698
0 0.769072 0.794905 0.0968102 0.117871
