0 0.175071 0.152022 0.131229 0.131581
0 0.854724 0.112666 0.215569 0.225333
0 0.193434 0.591224 0.349831 0.27581
0 0.86752 0.227871 0.231108 0.251471
0 0.520729 0.278283 0.28003 0.278269
0 0.514839 0.113594 0.153707 0.11697
0 0.105684 0.291855 0.211369 0.239072
0 0.861768 0.184684 0.249262 0.369369
0 0.926283 0.477348 0.133602 0.0910484
0 0.916193 0.618081 0.167613 0.139761
0 0.556964 0.0431706 0.105936 0.0851801
0 0.550406 0.415375 0.0913538 0.116177
0 0.577724 0.347194 0.312147 0.301124
0 0.175071 0.152022 0.131229 0.131581
0 0.854724 0.112666 0.215569 0.225333
0 0.193434 0.591224 0.349831 0.27581
0 0.86752 0.227871 0.231108 0.251471
0 0.520729 0.278283 0.28003 0.278269
0 0.514839 0.113594 0.153707 0.11697
0 0.105684 0.291855 0.211369 0.239072
0 0.861768 0.184684 0.249262 0.369369
0 0.926283 0.477348 0.133602 0.0910484
0 0.916193 0.618081 0.167613 0.139761
0 0.556964 0.0431706 0.105936 0.0851801
0 0.550406 0.415375 0.0913538 0.116177
0 0.577724 0.347194 0.312147 0.301124
0 0.91267 0.48399 0.159821 0.115791
0 0.903506 0.61549 0.153076 0.127193
0 0.562293 0.321182 0.365588 0.347961
0 0.882097 0.244321 0.192808 0.317714
0 0.860546 0.111567 0.219331 0.223133
0 0.117051 0.327329 0.228504 0.338048
0 0.311542 0.241168 0.279835 0.391313
0 0.766576 0.923496 0.210823 0.153007
0 0.488818 0.266057 0.220911 0.249055
0 0.640873 0.816849 0.451864 0.366303
0 0.676517 0.827298 0.435406 0.312779
0 0.610816 0.687273 0.19172 0.169622
0 0.205255 0.655693 0.382825 0.405706
