0 0.0947442 0.835119 0.189488 0.307711
0 0.744488 0.415028 0.20663 0.219931
0 0.0839295 0.52838 0.167859 0.253762
0 0.368849 0.15741 0.185887 0.140299
0 0.664439 0.191873 0.186994 0.19574
0 0.937973 0.582942 0.113177 0.20154
0 0.170457 0.355807 0.144735 0.127908
0 0.640446 0.774216 0.0962614 0.146495
0 0.337609 0.0618425 0.0799866 0.0624061
0 0.87868 0.468007 0.1171 0.121097
0 0.228173 0.101474 0.160746 0.114828
0 0.975146 0.809616 0.0497076 0.232857
0 0.193778 0.362517 0.197486 0.158057
0 0.0947442 0.835119 0.189488 0.307711
0 0.744488 0.415028 0.20663 0.219931
0 0.0839295 0.52838 0.167859 0.253762
0 0.368849 0.15741 0.185887 0.140299
0 0.664439 0.191873 0.186994 0.19574
0 0.937973 0.582942 0.113177 0.20154
0 0.170457 0.355807 0.144735 0.127908
0 0.640446 0.774216 0.0962614 0.146495
0 0.337609 0.0618425 0.0799866 0.0624061
0 0.87868 0.468007 0.1171 0.121097
0 0.228173 0.101474 0.160746 0.114828
0 0.975146 0.809616 0.0497076 0.232857
0 0.193778 0.362517 0.197486 0.158057
0 0.671284 0.190953 0.15896 0.187424
0 0.0848873 0.538152 0.169775 0.249283
0 0.373218 0.165499 0.171936 0.150454
0 0.744905 0.420364 0.213161 0.248894
0 0.101862 0.849582 0.203724 0.259908
0 0.801061 0.86295 0.0818641 0.160685
0 0.855799 0.22486 0.15238 0.18932
0 0.206297 0.112916 0.172352 0.154301
0 0.027239 0.157534 0.0544781 0.0868101
0 0.975124 0.815608 0.0497517 0.208358
0 0.336563 0.0709151 0.0737913 0.0684005
