0 0.69071 0.436219 0.195818 0.25627
0 0.308873 0.338816 0.336376 0.379058
0 0.471745 0.338416 0.121698 0.155868
0 0.335615 0.363352 0.552637 0.467614
0 0.326897 0.110579 0.16646 0.221159
0 0.589517 0.394195 0.120222 0.144144
0 0.69071 0.436219 0.195818 0.25627
0 0.308873 0.338816 0.336376 0.379058
0 0.471745 0.338416 0.121698 0.155868
0 0.335615 0.363352 0.552637 0.467614
0 0.326897 0.110579 0.16646 0.221159
0 0.589517 0.394195 0.120222 0.144144
0 0.914537 0.897257 0.16832 0.139258
0 0.462005 0.345716 0.138049 0.177639
0 0.322858 0.124174 0.153675 0.248349
0 0.701431 0.450159 0.163145 0.276369
0 0.491352 0.186087 0.134497 0.166187
0 0.326124 0.39752 0.427562 0.483933
0 0.615244 0.174232 0.156513 0.239629
0 0.932979 0.372072 0.0841518 0.0896993
0 0.584668 0.383465 0.124627 0.135684
