0 0.401714 0.667497 0.114018 0.258375
0 0.556933 0.522867 0.158108 0.143846
0 0.906495 0.714147 0.132549 0.259338
0 0.0325317 0.782638 0.0642011 0.222277
0 0.20368 0.887762 0.094224 0.224475
0 0.552139 0.915199 0.0795599 0.169603
0 0.248522 0.651853 0.0854839 0.265566
0 0.109434 0.703582 0.0732776 0.203262
0 0.2225 0.403217 0.0595276 0.13182
0 0.697227 0.378644 0.135294 0.0940706
0 0.0918748 0.480392 0.0610806 0.111182
0 0.190348 0.554725 0.114176 0.203228
0 0.0869743 0.491199 0.0605615 0.144258
0 0.826925 0.926628 0.147883 0.133143
0 0.154471 0.312124 0.0753675 0.138928
0 0.162231 0.300117 0.100848 0.127115
0 0.401714 0.667497 0.114018 0.258375
0 0.556933 0.522867 0.158108 0.143846
0 0.906495 0.714147 0.132549 0.259338
0 0.0325317 0.782638 0.0642011 0.222277
0 0.20368 0.887762 0.094224 0.224475
0 0.552139 0.915199 0.0795599 0.169603
0 0.248522 0.651853 0.0854839 0.265566
0 0.109434 0.703582 0.0732776 0.203262
0 0.2225 0.403217 0.0595276 0.13182
0 0.697227 0.378644 0.135294 0.0940706
0 0.0918748 0.480392 0.0610806 0.111182
0 0.190348 0.554725 0.114176 0.203228
0 0.0869743 0.491199 0.0605615 0.144258
0 0.826925 0.926628 0.147883 0.133143
0 0.154471 0.312124 0.0753675 0.138928
0 0.162231 0.300117 0.100848 0.127115
0 0.555295 0.523832 0.181986 0.145491
0 0.16622 0.302059 0.106445 0.154735
0 0.236054 0.655581 0.113349 0.259135
0 0.402322 0.674051 0.112952 0.29703
0 0.692714 0.377126 0.122785 0.0873314
0 0.915121 0.72473 0.119155 0.300336
0 0.0367801 0.783161 0.0721815 0.239313
0 0.197876 0.886864 0.0929865 0.215095
0 0.0742002 0.220723 0.1484 0.119048
0 0.0498906 0.320951 0.0997812 0.178378
0 0.222414 0.392849 0.0594881 0.107756
0 0.548788 0.913785 0.0935626 0.17243
0 0.353214 0.252919 0.0762993 0.0700584
0 0.120374 0.710289 0.0863032 0.297431
0 0.97313 0.763057 0.0537397 0.182154
0 0.192583 0.544203 0.0769893 0.175754
