0 0.554992 0.366156 0.18577 0.274029
0 0.439819 0.545857 0.284479 0.226696
0 0.723027 0.324743 0.128225 0.11019
0 0.848655 0.425736 0.144822 0.103912
0 0.317238 0.498376 0.0990234 0.114264
0 0.376646 0.315888 0.0864501 0.108712
0 0.469054 0.191802 0.110767 0.132171
0 0.111652 0.397338 0.223304 0.253623
0 0.14705 0.108223 0.071224 0.0663989
0 0.718907 0.0620299 0.136658 0.0914651
0 0.406789 0.249695 0.0795948 0.0773994
0 0.225737 0.19807 0.0745947 0.0691429
0 0.920438 0.531372 0.126468 0.154653
0 0.554992 0.366156 0.18577 0.274029
0 0.439819 0.545857 0.284479 0.226696
0 0.723027 0.324743 0.128225 0.11019
0 0.848655 0.425736 0.144822 0.103912
0 0.317238 0.498376 0.0990234 0.114264
0 0.376646 0.315888 0.0864501 0.108712
0 0.469054 0.191802 0.110767 0.132171
0 0.111652 0.397338 0.223304 0.253623
0 0.14705 0.108223 0.071224 0.0663989
0 0.718907 0.0620299 0.136658 0.0914651
0 0.406789 0.249695 0.0795948 0.0773994
0 0.225737 0.19807 0.0745947 0.0691429
0 0.920438 0.531372 0.126468 0.154653
0 0.848519 0.426878 0.153416 0.102162
0 0.557719 0.375296 0.191387 0.278508
0 0.115195 0.40286 0.23039 0.271923
0 0.462486 0.554816 0.246949 0.231462
0 0.379207 0.317983 0.0911896 0.103025
0 0.717699 0.325343 0.127821 0.109192
0 0.471163 0.198506 0.144716 0.150995
0 0.713305 0.0657165 0.121619 0.0892287
0 0.407509 0.253105 0.0730685 0.0741215
0 0.304435 0.506742 0.0899177 0.120464
0 0.745717 0.162153 0.0651022 0.0468231
0 0.194122 0.796322 0.388244 0.407356
0 0.362698 0.0289603 0.0824335 0.0518844
