0 0.889366 0.682568 0.221269 0.276337
0 0.83293 0.474382 0.126544 0.135792
0 0.650802 0.166307 0.176721 0.176288
0 0.109353 0.445276 0.12123 0.188916
0 0.395285 0.184416 0.1105 0.103832
0 0.265371 0.331705 0.306088 0.238632
0 0.710826 0.378673 0.222573 0.181605
0 0.622518 0.601121 0.083101 0.195151
0 0.0801222 0.208443 0.142286 0.105983
0 0.95586 0.611659 0.0610218 0.161437
0 0.730605 0.349129 0.130323 0.133634
0 0.741754 0.609477 0.142525 0.12418
0 0.892445 0.258383 0.103135 0.110961
0 0.889366 0.682568 0.221269 0.276337
0 0.83293 0.474382 0.126544 0.135792
0 0.650802 0.166307 0.176721 0.176288
0 0.109353 0.445276 0.12123 0.188916
0 0.395285 0.184416 0.1105 0.103832
0 0.265371 0.331705 0.306088 0.238632
0 0.710826 0.378673 0.222573 0.181605
0 0.622518 0.601121 0.083101 0.195151
0 0.0801222 0.208443 0.142286 0.105983
0 0.95586 0.611659 0.0610218 0.161437
0 0.730605 0.349129 0.130323 0.133634
0 0.741754 0.609477 0.142525 0.12418
0 0.892445 0.258383 0.103135 0.110961
0 0.841012 0.475115 0.147517 0.137942
0 0.891106 0.680686 0.217789 0.245883
0 0.675243 0.392186 0.138722 0.164136
0 0.736363 0.338375 0.125519 0.113241
0 0.898106 0.853061 0.148162 0.130799
0 0.285113 0.31789 0.326282 0.244368
0 0.74014 0.616778 0.149995 0.137754
0 0.641902 0.162504 0.185734 0.166056
0 0.621532 0.600409 0.0775427 0.163441
0 0.104811 0.445008 0.126196 0.165472
0 0.0817139 0.213843 0.158238 0.11082
0 0.813158 0.766088 0.057988 0.127334
0 0.101178 0.931078 0.100699 0.133303
0 0.511919 0.450275 0.069366 0.148333
