0 0.695459 0.251593 0.148721 0.100769
0 0.936832 0.150709 0.126336 0.156293
0 0.433591 0.356728 0.128234 0.160081
0 0.564323 0.2466 0.125591 0.0927205
0 0.309685 0.089601 0.113082 0.0910515
0 0.101273 0.85605 0.197933 0.287899
0 0.946487 0.799016 0.107026 0.323493
0 0.790577 0.296471 0.143359 0.123394
0 0.196183 0.0844343 0.0914658 0.0650824
0 0.504555 0.515361 0.0538597 0.106965
0 0.0458113 0.255988 0.0916226 0.147582
0 0.695459 0.251593 0.148721 0.100769
0 0.936832 0.150709 0.126336 0.156293
0 0.433591 0.356728 0.128234 0.160081
0 0.564323 0.2466 0.125591 0.0927205
0 0.309685 0.089601 0.113082 0.0910515
0 0.101273 0.85605 0.197933 0.287899
0 0.946487 0.799016 0.107026 0.323493
0 0.790577 0.296471 0.143359 0.123394
0 0.196183 0.0844343 0.0914658 0.0650824
0 0.504555 0.515361 0.0538597 0.106965
0 0.0458113 0.255988 0.0916226 0.147582
0 0.436002 0.354426 0.111452 0.157247
0 0.562586 0.251567 0.115278 0.0986186
0 0.692571 0.253543 0.148876 0.0878704
0 0.935766 0.149896 0.124592 0.149059
0 0.311533 0.0925559 0.110068 0.0954435
0 0.941517 0.769293 0.1145 0.300732
0 0.782739 0.302628 0.108918 0.120473
0 0.883984 0.0580919 0.145524 0.0945651
0 0.778724 0.0313278 0.110568 0.0589501
0 0.0238917 0.772969 0.0477834 0.204611
