0 0.900616 0.505946 0.184637 0.209869
0 0.683368 0.724371 0.144264 0.214328
0 0.798457 0.545633 0.179064 0.228545
0 0.644319 0.511685 0.115944 0.236648
0 0.50251 0.726597 0.0973888 0.126983
0 0.330973 0.287631 0.109592 0.166518
0 0.355493 0.60343 0.148359 0.307812
0 0.944812 0.883914 0.110376 0.232171
0 0.270505 0.0691366 0.134283 0.138273
0 0.213337 0.337144 0.252783 0.24827
0 0.469159 0.342256 0.0810408 0.132567
0 0.555519 0.40895 0.0810577 0.158967
0 0.311999 0.435002 0.0819036 0.107895
0 0.298587 0.160635 0.0919594 0.0758106
0 0.232873 0.675979 0.122284 0.112077
0 0.344661 0.572034 0.120212 0.216829
0 0.124189 0.858831 0.248378 0.282338
0 0.513208 0.252544 0.0621759 0.138365
0 0.875198 0.618993 0.0969566 0.136773
0 0.0173328 0.272139 0.0346656 0.0855447
0 0.739626 0.208492 0.0886679 0.115466
0 0.0676715 0.675424 0.127255 0.28934
0 0.900616 0.505946 0.184637 0.209869
0 0.683368 0.724371 0.144264 0.214328
0 0.798457 0.545633 0.179064 0.228545
0 0.644319 0.511685 0.115944 0.236648
0 0.50251 0.726597 0.0973888 0.126983
0 0.330973 0.287631 0.109592 0.166518
0 0.355493 0.60343 0.148359 0.307812
0 0.944812 0.883914 0.110376 0.232171
0 0.270505 0.0691366 0.134283 0.138273
0 0.213337 0.337144 0.252783 0.24827
0 0.469159 0.342256 0.0810408 0.132567
0 0.555519 0.40895 0.0810577 0.158967
0 0.311999 0.435002 0.0819036 0.107895
0 0.298587 0.160635 0.0919594 0.0758106
0 0.232873 0.675979 0.122284 0.112077
0 0.344661 0.572034 0.120212 0.216829
0 0.124189 0.858831 0.248378 0.282338
0 0.513208 0.252544 0.0621759 0.138365
0 0.875198 0.618993 0.0969566 0.136773
0 0.0173328 0.272139 0.0346656 0.0855447
0 0.739626 0.208492 0.0886679 0.115466
0 0.0676715 0.675424 0.127255 0.28934
0 0.903715 0.515888 0.192569 0.209566
0 0.464603 0.338313 0.0790283 0.123332
0 0.264087 0.0871653 0.191972 0.174331
0 0.501444 0.716611 0.08424 0.122482
0 0.0656846 0.825668 0.128437 0.0859105
0 0.357927 0.587312 0.18202 0.348945
0 0.201653 0.314256 0.214496 0.237522
0 0.329619 0.280925 0.125091 0.17881
0 0.0956638 0.901951 0.191328 0.175931
0 0.816082 0.557837 0.182398 0.241052
0 0.675745 0.713116 0.156128 0.248832
0 0.553882 0.414533 0.0988813 0.165146
