0 0.059562 0.472667 0.115414 0.222119
0 0.575975 0.788898 0.160204 0.195759
0 0.0886788 0.216136 0.170988 0.161194
0 0.782528 0.596476 0.239155 0.20507
0 0.50228 0.208665 0.36644 0.360313
0 0.569476 0.660581 0.157427 0.213477
0 0.254236 0.124228 0.102392 0.0975719
0 0.793793 0.381847 0.123733 0.0997814
0 0.388331 0.382979 0.183504 0.211827
0 0.934367 0.471749 0.127077 0.209921
0 0.197591 0.687955 0.111198 0.295836
0 0.846359 0.706864 0.307283 0.305933
0 0.831663 0.668421 0.319923 0.403094
0 0.91229 0.125168 0.0946688 0.0749477
0 0.839625 0.0374267 0.0753555 0.0661136
0 0.485052 0.24649 0.511546 0.481623
0 0.85393 0.245757 0.133945 0.147598
0 0.059562 0.472667 0.115414 0.222119
0 0.575975 0.788898 0.160204 0.195759
0 0.0886788 0.216136 0.170988 0.161194
0 0.782528 0.596476 0.239155 0.20507
0 0.50228 0.208665 0.36644 0.360313
0 0.569476 0.660581 0.157427 0.213477
0 0.254236 0.124228 0.102392 0.0975719
0 0.793793 0.381847 0.123733 0.0997814
0 0.388331 0.382979 0.183504 0.211827
0 0.934367 0.471749 0.127077 0.209921
0 0.197591 0.687955 0.111198 0.295836
0 0.846359 0.706864 0.307283 0.305933
0 0.831663 0.668421 0.319923 0.403094
0 0.91229 0.125168 0.0946688 0.0749477
0 0.839625 0.0374267 0.0753555 0.0661136
0 0.485052 0.24649 0.511546 0.481623
0 0.85393 0.245757 0.133945 0.147598
0 0.0886237 0.232448 0.177247 0.205421
0 0.791736 0.380193 0.121265 0.0990556
0 0.57644 0.790074 0.158451 0.185699
0 0.566517 0.667371 0.142674 0.211894
0 0.0588224 0.487026 0.114119 0.209844
0 0.395177 0.402862 0.165091 0.183938
0 0.191048 0.678581 0.134123 0.243907
0 0.777773 0.602861 0.23638 0.222204
0 0.908828 0.129837 0.0825253 0.0566675
0 0.846575 0.744641 0.288132 0.334323
0 0.549554 0.559214 0.109441 0.105763
0 0.93322 0.481544 0.119933 0.232648
0 0.832798 0.257481 0.0789747 0.090864
0 0.488566 0.215049 0.410021 0.417758
0 0.289451 0.164444 0.11932 0.0727376
0 0.789612 0.640356 0.256198 0.311367
0 0.557605 0.398644 0.14368 0.222772
0 0.821804 0.676818 0.296886 0.469563
0 0.41962 0.20401 0.390275 0.40802
