0 0.452358 0.289543 0.152662 0.187712
0 0.221867 0.517658 0.221794 0.360551
0 0.528442 0.7696 0.176726 0.301878
0 0.0513079 0.910328 0.102616 0.179345
0 0.49429 0.460142 0.140899 0.166424
0 0.686857 0.556678 0.0634403 0.143848
0 0.288368 0.332064 0.147563 0.134931
0 0.89008 0.928035 0.0633881 0.13884
0 0.24692 0.7312 0.117253 0.259494
0 0.741115 0.749358 0.0779132 0.226397
0 0.669444 0.886562 0.0746407 0.226877
0 0.949198 0.693767 0.0993847 0.162711
0 0.78602 0.66323 0.0591324 0.0948196
0 0.872803 0.720176 0.0844418 0.114856
0 0.814726 0.807695 0.0782212 0.11669
0 0.247102 0.713428 0.105643 0.188719
0 0.72046 0.515654 0.0555342 0.100833
0 0.975469 0.948645 0.0490627 0.102709
0 0.0806403 0.524389 0.110928 0.174694
0 0.956653 0.57981 0.0723705 0.0885634
0 0.452358 0.289543 0.152662 0.187712
0 0.221867 0.517658 0.221794 0.360551
0 0.528442 0.7696 0.176726 0.301878
0 0.0513079 0.910328 0.102616 0.179345
0 0.49429 0.460142 0.140899 0.166424
0 0.686857 0.556678 0.0634403 0.143848
0 0.288368 0.332064 0.147563 0.134931
0 0.89008 0.928035 0.0633881 0.13884
0 0.24692 0.7312 0.117253 0.259494
0 0.741115 0.749358 0.0779132 0.226397
0 0.669444 0.886562 0.0746407 0.226877
0 0.949198 0.693767 0.0993847 0.162711
0 0.78602 0.66323 0.0591324 0.0948196
0 0.872803 0.720176 0.0844418 0.114856
0 0.814726 0.807695 0.0782212 0.11669
0 0.247102 0.713428 0.105643 0.188719
0 0.72046 0.515654 0.0555342 0.100833
0 0.975469 0.948645 0.0490627 0.102709
0 0.0806403 0.524389 0.110928 0.174694
0 0.956653 0.57981 0.0723705 0.0885634
0 0.455398 0.289819 0.156732 0.18153
0 0.493121 0.448231 0.102362 0.132006
0 0.668878 0.882338 0.0877263 0.234746
0 0.886086 0.925051 0.0672466 0.141256
0 0.869826 0.722289 0.0825937 0.0952201
0 0.185222 0.514074 0.314076 0.405124
0 0.296645 0.106761 0.0679592 0.104814
0 0.750387 0.784726 0.0661705 0.164253
0 0.068786 0.908895 0.135501 0.174454
0 0.494844 0.911903 0.0819722 0.163444
0 0.937314 0.68902 0.124355 0.16392
0 0.535504 0.752639 0.198796 0.244359
0 0.683257 0.351163 0.0542393 0.0893583
0 0.242915 0.753522 0.107858 0.251375
0 0.0213973 0.768526 0.0427947 0.0677112
0 0.435606 0.361217 0.0651217 0.125331
