0 0.830023 0.508737 0.188736 0.217568
0 0.929519 0.490621 0.140962 0.194263
0 0.214504 0.30537 0.161244 0.258977
0 0.236719 0.814243 0.338153 0.370086
0 0.543744 0.432427 0.296853 0.264573
0 0.358424 0.248855 0.141232 0.151833
0 0.951121 0.235035 0.094249 0.124028
0 0.367817 0.261648 0.170881 0.190934
0 0.742174 0.912552 0.138754 0.147539
0 0.768101 0.368826 0.123417 0.115197
0 0.260846 0.633929 0.120618 0.109605
0 0.482749 0.674754 0.108019 0.147677
0 0.940706 0.814782 0.118588 0.24238
0 0.725247 0.0761531 0.11717 0.114201
0 0.806639 0.163633 0.121736 0.105254
0 0.821924 0.495257 0.166764 0.171376
0 0.346534 0.429658 0.0569114 0.152147
0 0.393695 0.534464 0.126421 0.176617
0 0.830023 0.508737 0.188736 0.217568
0 0.929519 0.490621 0.140962 0.194263
0 0.214504 0.30537 0.161244 0.258977
0 0.236719 0.814243 0.338153 0.370086
0 0.543744 0.432427 0.296853 0.264573
0 0.358424 0.248855 0.141232 0.151833
0 0.951121 0.235035 0.094249 0.124028
0 0.367817 0.261648 0.170881 0.190934
0 0.742174 0.912552 0.138754 0.147539
0 0.768101 0.368826 0.123417 0.115197
0 0.260846 0.633929 0.120618 0.109605
0 0.482749 0.674754 0.108019 0.147677
0 0.940706 0.814782 0.118588 0.24238
0 0.725247 0.0761531 0.11717 0.114201
0 0.806639 0.163633 0.121736 0.105254
0 0.821924 0.495257 0.166764 0.171376
0 0.346534 0.429658 0.0569114 0.152147
0 0.393695 0.534464 0.126421 0.176617
0 0.367872 0.260926 0.168141 0.197832
0 0.398276 0.539016 0.120631 0.198208
0 0.213311 0.318109 0.128978 0.250542
0 0.230909 0.853831 0.284961 0.233883
0 0.860783 0.52405 0.241061 0.240835
0 0.57608 0.461215 0.378102 0.320408
0 0.800249 0.161173 0.10938 0.106738
0 0.954521 0.227756 0.0842215 0.122234
0 0.0414206 0.718497 0.0828412 0.128543
0 0.281337 0.870719 0.173707 0.225852
