0 0.393004 0.523355 0.105051 0.138787
0 0.537099 0.427529 0.135643 0.132906
0 0.8617 0.878901 0.140238 0.130264
0 0.316869 0.378243 0.149033 0.156317
0 0.0339372 0.229029 0.0678744 0.167946
0 0.974871 0.768088 0.0502588 0.184421
0 0.493207 0.211732 0.0998879 0.100171
0 0.0806693 0.323104 0.116923 0.115064
0 0.176496 0.348596 0.0959795 0.182022
0 0.393004 0.523355 0.105051 0.138787
0 0.537099 0.427529 0.135643 0.132906
0 0.8617 0.878901 0.140238 0.130264
0 0.316869 0.378243 0.149033 0.156317
0 0.0339372 0.229029 0.0678744 0.167946
0 0.974871 0.768088 0.0502588 0.184421
0 0.493207 0.211732 0.0998879 0.100171
0 0.0806693 0.323104 0.116923 0.115064
0 0.176496 0.348596 0.0959795 0.182022
0 0.389327 0.530062 0.113721 0.123728
0 0.858103 0.882019 0.144151 0.13531
0 0.325868 0.388714 0.157507 0.147091
0 0.172654 0.349439 0.0954271 0.196965
0 0.548215 0.417167 0.123533 0.110367
0 0.080934 0.328482 0.122108 0.123613
0 0.976508 0.781705 0.0469835 0.173785
0 0.0266168 0.905444 0.0532335 0.11273
