0 0.0977029 0.76059 0.195266 0.238844
0 0.838939 0.711761 0.0970945 0.14386
0 0.204021 0.964221 0.192805 0.0715577
0 0.513656 0.689486 0.0624203 0.153273
0 0.176509 0.0968228 0.101604 0.0768356
0 0.69306 0.809696 0.117209 0.129037
0 0.974616 0.531589 0.0507685 0.0985078
0 0.30793 0.44348 0.0996064 0.111648
0 0.0977029 0.76059 0.195266 0.238844
0 0.838939 0.711761 0.0970945 0.14386
0 0.204021 0.964221 0.192805 0.0715577
0 0.513656 0.689486 0.0624203 0.153273
0 0.176509 0.0968228 0.101604 0.0768356
0 0.69306 0.809696 0.117209 0.129037
0 0.974616 0.531589 0.0507685 0.0985078
0 0.30793 0.44348 0.0996064 0.111648
0 0.838046 0.707965 0.0936821 0.14168
0 0.17344 0.0990272 0.105856 0.0711454
0 0.0921264 0.764276 0.184253 0.229384
0 0.475475 0.593816 0.0575845 0.129283
0 0.315714 0.313513 0.101782 0.102289
0 0.512957 0.699953 0.0586353 0.167384
0 0.475364 0.294098 0.0689247 0.0599834
0 0.475004 0.589309 0.0445665 0.153926
0 0.160187 0.241376 0.0632408 0.0489898
0 0.508427 0.434789 0.10306 0.0712201
