0 0.530311 0.72761 0.136611 0.205449
0 0.760647 0.586297 0.136535 0.272477
0 0.156958 0.840389 0.110074 0.284587
0 0.124321 0.28963 0.130122 0.130908
0 0.290273 0.476263 0.141959 0.133028
0 0.131993 0.27908 0.150824 0.164227
0 0.332376 0.603898 0.0739121 0.156346
0 0.157282 0.842008 0.16433 0.315983
0 0.209249 0.469404 0.0544848 0.178346
0 0.530311 0.72761 0.136611 0.205449
0 0.760647 0.586297 0.136535 0.272477
0 0.156958 0.840389 0.110074 0.284587
0 0.124321 0.28963 0.130122 0.130908
0 0.290273 0.476263 0.141959 0.133028
0 0.131993 0.27908 0.150824 0.164227
0 0.332376 0.603898 0.0739121 0.156346
0 0.157282 0.842008 0.16433 0.315983
0 0.209249 0.469404 0.0544848 0.178346
0 0.533535 0.725108 0.136908 0.189656
0 0.757719 0.589378 0.150279 0.258244
0 0.29913 0.486287 0.124867 0.13759
0 0.921452 0.942887 0.157096 0.114226
0 0.164204 0.844794 0.129605 0.295815
0 0.12612 0.21005 0.0953334 0.0658111
0 0.210702 0.472862 0.0480031 0.191776
0 0.118789 0.298193 0.10867 0.115654
0 0.283213 0.290493 0.063689 0.0612154
0 0.0410084 0.0974411 0.0820168 0.0757707
0 0.140798 0.295776 0.156363 0.12746
0 0.345128 0.605469 0.05414 0.161742
0 0.11821 0.0774196 0.121943 0.130506
