0 0.105483 0.4126 0.21095 0.215793
0 0.9146 0.802376 0.170801 0.283271
0 0.0794353 0.523975 0.131474 0.100856
0 0.636181 0.432362 0.196096 0.175759
0 0.775421 0.513779 0.13689 0.138541
0 0.822092 0.658132 0.0950054 0.0830112
0 0.547966 0.68393 0.0671755 0.1884
0 0.673784 0.65011 0.1262 0.111819
0 0.559122 0.562069 0.13273 0.193147
0 0.105483 0.4126 0.21095 0.215793
0 0.9146 0.802376 0.170801 0.283271
0 0.0794353 0.523975 0.131474 0.100856
0 0.636181 0.432362 0.196096 0.175759
0 0.775421 0.513779 0.13689 0.138541
0 0.822092 0.658132 0.0950054 0.0830112
0 0.547966 0.68393 0.0671755 0.1884
0 0.673784 0.65011 0.1262 0.111819
0 0.559122 0.562069 0.13273 0.193147
0 0.660895 0.650456 0.135509 0.120197
0 0.912044 0.800304 0.175041 0.285354
0 0.77719 0.516315 0.134009 0.128235
0 0.109186 0.40851 0.218372 0.168419
0 0.820723 0.662513 0.101588 0.0867629
0 0.568652 0.496676 0.0662626 0.065742
0 0.0819752 0.524314 0.144171 0.124211
0 0.403008 0.389387 0.112483 0.173114
0 0.547647 0.686522 0.0615526 0.159672
0 0.62618 0.462033 0.10977 0.157218
0 0.698425 0.451165 0.0820702 0.164377
0 0.415214 0.572793 0.0366606 0.131846
