0 0.60933 0.394907 0.224594 0.282632
0 0.864899 0.602536 0.267672 0.33314
0 0.420166 0.300823 0.126179 0.147275
0 0.731328 0.382955 0.0661649 0.150077
0 0.493151 0.229999 0.0978384 0.111465
0 0.833714 0.178033 0.0535246 0.107209
0 0.203009 0.355967 0.118384 0.1374
0 0.46598 0.0546021 0.144764 0.102243
0 0.692718 0.202089 0.0895104 0.0814656
0 0.60933 0.394907 0.224594 0.282632
0 0.864899 0.602536 0.267672 0.33314
0 0.420166 0.300823 0.126179 0.147275
0 0.731328 0.382955 0.0661649 0.150077
0 0.493151 0.229999 0.0978384 0.111465
0 0.833714 0.178033 0.0535246 0.107209
0 0.203009 0.355967 0.118384 0.1374
0 0.46598 0.0546021 0.144764 0.102243
0 0.692718 0.202089 0.0895104 0.0814656
0 0.88014 0.629832 0.23972 0.356136
0 0.417298 0.302865 0.127965 0.141822
0 0.624411 0.41461 0.203718 0.296503
0 0.905648 0.41313 0.180536 0.150575
0 0.734949 0.384718 0.0674861 0.149727
0 0.469849 0.0489268 0.121874 0.0978537
0 0.96464 0.21257 0.0707208 0.0862744
0 0.628244 0.449945 0.221658 0.396023
0 0.524947 0.150501 0.138934 0.1097
