0 0.806974 0.888821 0.143478 0.222358
0 0.932062 0.882149 0.131258 0.197458
0 0.577715 0.673025 0.121575 0.120738
0 0.42534 0.77064 0.0533101 0.174743
0 0.277307 0.638015 0.090645 0.137584
0 0.639789 0.855069 0.078535 0.153056
0 0.741862 0.690632 0.0839478 0.0860063
0 0.0527628 0.542289 0.105526 0.162374
0 0.554187 0.85518 0.0676065 0.136534
0 0.680877 0.540959 0.129734 0.145467
0 0.272578 0.452731 0.137238 0.156354
0 0.606484 0.537854 0.117167 0.184094
0 0.715393 0.432257 0.109241 0.149737
0 0.817289 0.603058 0.0943882 0.0733396
0 0.350868 0.446988 0.0868016 0.0943323
0 0.594599 0.349689 0.0961385 0.0894819
0 0.337061 0.51257 0.0822145 0.0836131
0 0.418373 0.615051 0.0432249 0.158175
0 0.518531 0.550876 0.0557673 0.118381
0 0.424201 0.633981 0.038806 0.119667
0 0.806974 0.888821 0.143478 0.222358
0 0.932062 0.882149 0.131258 0.197458
0 0.577715 0.673025 0.121575 0.120738
0 0.42534 0.77064 0.0533101 0.174743
0 0.277307 0.638015 0.090645 0.137584
0 0.639789 0.855069 0.078535 0.153056
0 0.741862 0.690632 0.0839478 0.0860063
0 0.0527628 0.542289 0.105526 0.162374
0 0.554187 0.85518 0.0676065 0.136534
0 0.680877 0.540959 0.129734 0.145467
0 0.272578 0.452731 0.137238 0.156354
0 0.606484 0.537854 0.117167 0.184094
0 0.715393 0.432257 0.109241 0.149737
0 0.817289 0.603058 0.0943882 0.0733396
0 0.350868 0.446988 0.0868016 0.0943323
0 0.594599 0.349689 0.0961385 0.0894819
0 0.337061 0.51257 0.0822145 0.0836131
0 0.418373 0.615051 0.0432249 0.158175
0 0.518531 0.550876 0.0557673 0.118381
0 0.424201 0.633981 0.038806 0.119667
0 0.741587 0.698168 0.0908733 0.0682777
0 0.92463 0.877068 0.150739 0.241687
0 0.0535794 0.547169 0.107159 0.152225
0 0.262077 0.457595 0.142563 0.164176
0 0.80896 0.878168 0.146034 0.239959
0 0.641093 0.848944 0.0745796 0.15467
0 0.579172 0.674025 0.122172 0.117487
0 0.556839 0.853656 0.0705173 0.134055
0 0.684214 0.544419 0.139879 0.148793
0 0.331442 0.205922 0.0821251 0.0646277
0 0.193831 0.405726 0.0977523 0.0604943
0 0.271304 0.634446 0.0780889 0.111981
0 0.902744 0.549927 0.0669294 0.0733251
0 0.423438 0.773837 0.0569065 0.178422
0 0.603118 0.540856 0.0966437 0.181903
0 0.17937 0.466581 0.0769605 0.0844689
0 0.373749 0.462133 0.0331209 0.095842
0 0.545614 0.213542 0.0906246 0.0719067
