0 0.0939142 0.30191 0.187828 0.202015
0 0.638735 0.577886 0.134258 0.242466
0 0.0462277 0.830656 0.0924553 0.307172
0 0.132711 0.483981 0.0678044 0.207042
0 0.239245 0.514555 0.123996 0.105988
0 0.0475372 0.0817195 0.0950743 0.111812
0 0.822275 0.938803 0.125456 0.122395
0 0.425476 0.738503 0.118378 0.184471
0 0.22945 0.317933 0.0875417 0.0824442
0 0.0939142 0.30191 0.187828 0.202015
0 0.638735 0.577886 0.134258 0.242466
0 0.0462277 0.830656 0.0924553 0.307172
0 0.132711 0.483981 0.0678044 0.207042
0 0.239245 0.514555 0.123996 0.105988
0 0.0475372 0.0817195 0.0950743 0.111812
0 0.822275 0.938803 0.125456 0.122395
0 0.425476 0.738503 0.118378 0.184471
0 0.22945 0.317933 0.0875417 0.0824442
0 0.641682 0.583441 0.150327 0.247484
0 0.428085 0.732523 0.117096 0.173601
0 0.243198 0.524733 0.125138 0.123309
0 0.135455 0.48546 0.0670925 0.195754
0 0.832046 0.940992 0.149548 0.118016
0 0.0500694 0.847682 0.100139 0.304635
0 0.0956796 0.231824 0.132879 0.084661
0 0.73684 0.589409 0.0601963 0.067818
0 0.0465922 0.0813547 0.0931844 0.122611
0 0.118743 0.296913 0.230156 0.217834
