0 0.512821 0.0794584 0.177426 0.158917
0 0.746439 0.520824 0.103575 0.101205
0 0.925711 0.921882 0.125436 0.156235
0 0.863584 0.0605837 0.144362 0.105765
0 0.0528634 0.33624 0.102191 0.0929187
0 0.975536 0.834323 0.048929 0.236419
0 0.946741 0.454182 0.106517 0.181327
0 0.512821 0.0794584 0.177426 0.158917
0 0.746439 0.520824 0.103575 0.101205
0 0.925711 0.921882 0.125436 0.156235
0 0.863584 0.0605837 0.144362 0.105765
0 0.0528634 0.33624 0.102191 0.0929187
0 0.975536 0.834323 0.048929 0.236419
0 0.946741 0.454182 0.106517 0.181327
0 0.51149 0.0784573 0.188877 0.156915
0 0.750214 0.527834 0.105185 0.104566
0 0.921044 0.440716 0.0963409 0.151502
0 0.122414 0.815602 0.0591187 0.109527
0 0.774643 0.337508 0.0823537 0.0575372
0 0.749682 0.710321 0.0533418 0.0453847
0 0.856443 0.0625472 0.13041 0.101898
0 0.0607221 0.335577 0.0835559 0.0502215
0 0.0760328 0.336433 0.0554515 0.0482817
