0 0.140741 0.842107 0.111297 0.276831
0 0.514413 0.729953 0.132075 0.197107
0 0.743912 0.582281 0.153342 0.290099
0 0.314375 0.603053 0.084612 0.153344
0 0.109021 0.309493 0.119578 0.124955
0 0.281993 0.296427 0.0852192 0.0879664
0 0.136914 0.226459 0.153305 0.125965
0 0.140474 0.270139 0.178307 0.213099
0 0.140741 0.842107 0.111297 0.276831
0 0.514413 0.729953 0.132075 0.197107
0 0.743912 0.582281 0.153342 0.290099
0 0.314375 0.603053 0.084612 0.153344
0 0.109021 0.309493 0.119578 0.124955
0 0.281993 0.296427 0.0852192 0.0879664
0 0.136914 0.226459 0.153305 0.125965
0 0.140474 0.270139 0.178307 0.213099
0 0.515678 0.726903 0.136519 0.188861
0 0.73982 0.589115 0.152422 0.259897
0 0.290855 0.493524 0.11497 0.117721
0 0.142367 0.849484 0.124419 0.301032
0 0.909476 0.939802 0.1573 0.120395
0 0.0379229 0.101413 0.0758458 0.0766251
0 0.201745 0.469805 0.0477912 0.195868
0 0.80756 0.589133 0.0605474 0.0741425
0 0.123786 0.213548 0.105874 0.0661672
