0 0.439803 0.0877637 0.219545 0.175527
0 0.779469 0.594903 0.100826 0.104853
0 0.0599143 0.494214 0.11267 0.170968
0 0.976972 0.478625 0.046057 0.192107
0 0.439803 0.0877637 0.219545 0.175527
0 0.779469 0.594903 0.100826 0.104853
0 0.0599143 0.494214 0.11267 0.170968
0 0.976972 0.478625 0.046057 0.192107
0 0.442438 0.0867278 0.217545 0.173456
0 0.786617 0.601215 0.101029 0.112308
0 0.898814 0.114564 0.124148 0.103222
0 0.166565 0.114417 0.072351 0.0882143
0 0.791636 0.808518 0.0609751 0.0481217
0 0.788602 0.418739 0.0918255 0.0588118
