0 0.77636 0.539307 0.190154 0.234056
0 0.109685 0.735279 0.105912 0.280675
0 0.183834 0.3141 0.170597 0.162675
0 0.956862 0.546862 0.0851469 0.164655
0 0.584785 0.809221 0.125285 0.136999
0 0.345617 0.532353 0.0529476 0.183635
0 0.519337 0.732284 0.0764923 0.220549
0 0.866652 0.85311 0.243617 0.293779
0 0.299595 0.347433 0.0810449 0.161172
0 0.454441 0.491891 0.116112 0.141736
0 0.308763 0.160591 0.104966 0.0956359
0 0.0671114 0.102153 0.126456 0.113767
0 0.706023 0.258403 0.103163 0.117773
0 0.478226 0.187563 0.095999 0.138282
0 0.0539736 0.294853 0.099129 0.134481
0 0.381302 0.321871 0.0495139 0.114902
0 0.522704 0.498754 0.0548364 0.145376
0 0.0408612 0.90433 0.079628 0.191341
0 0.478618 0.366903 0.0485345 0.0885898
0 0.238005 0.0849578 0.0893057 0.0775271
0 0.468542 0.503363 0.123865 0.150286
0 0.77636 0.539307 0.190154 0.234056
0 0.109685 0.735279 0.105912 0.280675
0 0.183834 0.3141 0.170597 0.162675
0 0.956862 0.546862 0.0851469 0.164655
0 0.584785 0.809221 0.125285 0.136999
0 0.345617 0.532353 0.0529476 0.183635
0 0.519337 0.732284 0.0764923 0.220549
0 0.866652 0.85311 0.243617 0.293779
0 0.299595 0.347433 0.0810449 0.161172
0 0.454441 0.491891 0.116112 0.141736
0 0.308763 0.160591 0.104966 0.0956359
0 0.0671114 0.102153 0.126456 0.113767
0 0.706023 0.258403 0.103163 0.117773
0 0.478226 0.187563 0.095999 0.138282
0 0.0539736 0.294853 0.099129 0.134481
0 0.381302 0.321871 0.0495139 0.114902
0 0.522704 0.498754 0.0548364 0.145376
0 0.0408612 0.90433 0.079628 0.191341
0 0.478618 0.366903 0.0485345 0.0885898
0 0.238005 0.0849578 0.0893057 0.0775271
0 0.468542 0.503363 0.123865 0.150286
0 0.187734 0.319184 0.174731 0.188863
0 0.866421 0.852646 0.255553 0.294708
0 0.445869 0.493477 0.109417 0.152614
0 0.586242 0.810941 0.151194 0.151634
0 0.308732 0.161509 0.101435 0.08611
0 0.476748 0.189229 0.0840646 0.11957
0 0.520488 0.732073 0.0946915 0.250423
0 0.956502 0.553754 0.0851902 0.186362
0 0.0658112 0.283682 0.078139 0.123448
0 0.704903 0.262456 0.111482 0.114979
0 0.109068 0.742882 0.109024 0.257296
0 0.524624 0.490794 0.0586995 0.120801
0 0.348621 0.528239 0.0508038 0.173718
0 0.555432 0.276966 0.0512029 0.0602549
0 0.300481 0.354037 0.0749006 0.162937
0 0.048263 0.892197 0.0948953 0.215606
0 0.782727 0.549406 0.187252 0.26824
0 0.0590021 0.0925048 0.106185 0.0848529
0 0.37982 0.308799 0.0498703 0.135636
0 0.462181 0.570051 0.0682793 0.0434266
0 0.837403 0.570813 0.317471 0.319998
