0 0.665649 0.64472 0.241219 0.348509
0 0.123876 0.762658 0.244245 0.218443
0 0.661091 0.264297 0.147487 0.122556
0 0.465136 0.38049 0.195615 0.173203
0 0.522592 0.126221 0.144078 0.127575
0 0.726547 0.470598 0.112697 0.112011
0 0.834462 0.131768 0.113034 0.082966
0 0.0689531 0.063555 0.0933041 0.0827464
0 0.921501 0.407667 0.156999 0.196961
0 0.251007 0.504516 0.115769 0.258457
0 0.514972 0.50947 0.147046 0.143141
0 0.686175 0.119238 0.171653 0.171105
0 0.209171 0.128875 0.260256 0.21057
0 0.9782 0.705783 0.043601 0.184694
0 0.257287 0.493405 0.0912941 0.205814
0 0.439834 0.778029 0.119913 0.207553
0 0.665649 0.64472 0.241219 0.348509
0 0.123876 0.762658 0.244245 0.218443
0 0.661091 0.264297 0.147487 0.122556
0 0.465136 0.38049 0.195615 0.173203
0 0.522592 0.126221 0.144078 0.127575
0 0.726547 0.470598 0.112697 0.112011
0 0.834462 0.131768 0.113034 0.082966
0 0.0689531 0.063555 0.0933041 0.0827464
0 0.921501 0.407667 0.156999 0.196961
0 0.251007 0.504516 0.115769 0.258457
0 0.514972 0.50947 0.147046 0.143141
0 0.686175 0.119238 0.171653 0.171105
0 0.209171 0.128875 0.260256 0.21057
0 0.9782 0.705783 0.043601 0.184694
0 0.257287 0.493405 0.0912941 0.205814
0 0.439834 0.778029 0.119913 0.207553
0 0.664834 0.269453 0.165179 0.1249
0 0.66392 0.651242 0.253331 0.351427
0 0.828763 0.136671 0.125456 0.0785095
0 0.469873 0.392343 0.183087 0.190474
0 0.134382 0.749628 0.250571 0.19573
0 0.223061 0.114062 0.204429 0.15526
0 0.669866 0.104937 0.141804 0.117765
0 0.261939 0.517736 0.132889 0.31151
0 0.733469 0.477143 0.107883 0.105843
0 0.90803 0.411324 0.179581 0.210827
0 0.44563 0.758854 0.138166 0.290634
0 0.521206 0.138153 0.132623 0.112794
0 0.190331 0.122559 0.269487 0.194162
0 0.140121 0.124227 0.157854 0.176242
