0 0.390357 0.671986 0.113555 0.235068
0 0.554484 0.548119 0.208364 0.167528
0 0.823062 0.92633 0.154071 0.132922
0 0.1918 0.894158 0.0997368 0.211683
0 0.237551 0.644135 0.076707 0.244974
0 0.54687 0.912451 0.0815384 0.175097
0 0.175428 0.548825 0.0981817 0.182274
0 0.0272911 0.778749 0.0545822 0.191863
0 0.892471 0.717459 0.116729 0.287817
0 0.339251 0.501852 0.092767 0.143262
0 0.0948787 0.708091 0.060916 0.197291
0 0.142034 0.319031 0.0632694 0.13503
0 0.683732 0.386245 0.135888 0.103096
0 0.216135 0.399439 0.061388 0.134603
0 0.0450169 0.281811 0.0877098 0.0979761
0 0.967917 0.411543 0.0618851 0.0935599
0 0.152274 0.312031 0.0887205 0.13384
0 0.0803711 0.49429 0.0531897 0.140551
0 0.536016 0.525398 0.170618 0.12242
0 0.390357 0.671986 0.113555 0.235068
0 0.554484 0.548119 0.208364 0.167528
0 0.823062 0.92633 0.154071 0.132922
0 0.1918 0.894158 0.0997368 0.211683
0 0.237551 0.644135 0.076707 0.244974
0 0.54687 0.912451 0.0815384 0.175097
0 0.175428 0.548825 0.0981817 0.182274
0 0.0272911 0.778749 0.0545822 0.191863
0 0.892471 0.717459 0.116729 0.287817
0 0.339251 0.501852 0.092767 0.143262
0 0.0948787 0.708091 0.060916 0.197291
0 0.142034 0.319031 0.0632694 0.13503
0 0.683732 0.386245 0.135888 0.103096
0 0.216135 0.399439 0.061388 0.134603
0 0.0450169 0.281811 0.0877098 0.0979761
0 0.967917 0.411543 0.0618851 0.0935599
0 0.152274 0.312031 0.0887205 0.13384
0 0.0803711 0.49429 0.0531897 0.140551
0 0.536016 0.525398 0.170618 0.12242
0 0.540095 0.53314 0.179359 0.140226
0 0.225291 0.651481 0.100878 0.239441
0 0.393109 0.678106 0.121497 0.287792
0 0.679893 0.38231 0.131174 0.0996098
0 0.905804 0.727834 0.118269 0.281636
0 0.213777 0.395821 0.0589097 0.112775
0 0.158022 0.298633 0.110616 0.141856
0 0.182611 0.887456 0.0860361 0.213913
0 0.0456295 0.331533 0.0912591 0.200038
0 0.179212 0.550155 0.0697718 0.173602
0 0.0304414 0.784455 0.0588131 0.233956
0 0.961194 0.418134 0.0776121 0.0864114
0 0.822225 0.930237 0.162163 0.13659
0 0.103726 0.710154 0.0730303 0.315748
