0 0.733774 0.80626 0.14467 0.132525
0 0.54187 0.84054 0.103634 0.19272
0 0.814932 0.954194 0.152205 0.0916115
0 0.808309 0.341391 0.12912 0.0966217
0 0.264368 0.719833 0.0643357 0.146604
0 0.281441 0.715708 0.0909548 0.133166
0 0.843839 0.778686 0.0696262 0.104092
0 0.618225 0.475669 0.132256 0.115159
0 0.0484586 0.405433 0.0966873 0.0922128
0 0.306118 0.711455 0.0529197 0.090716
0 0.946512 0.948769 0.106395 0.102463
0 0.619641 0.600981 0.224529 0.201605
0 0.293901 0.710402 0.077047 0.120098
0 0.733774 0.80626 0.14467 0.132525
0 0.54187 0.84054 0.103634 0.19272
0 0.814932 0.954194 0.152205 0.0916115
0 0.808309 0.341391 0.12912 0.0966217
0 0.264368 0.719833 0.0643357 0.146604
0 0.281441 0.715708 0.0909548 0.133166
0 0.843839 0.778686 0.0696262 0.104092
0 0.618225 0.475669 0.132256 0.115159
0 0.0484586 0.405433 0.0966873 0.0922128
0 0.306118 0.711455 0.0529197 0.090716
0 0.946512 0.948769 0.106395 0.102463
0 0.619641 0.600981 0.224529 0.201605
0 0.293901 0.710402 0.077047 0.120098
0 0.729888 0.80877 0.145018 0.133348
0 0.542421 0.839453 0.101854 0.177295
0 0.0524401 0.411218 0.10488 0.104873
0 0.808649 0.349156 0.125536 0.0939697
0 0.84379 0.774446 0.0720429 0.109202
0 0.325078 0.55252 0.0677068 0.0915919
0 0.260983 0.729916 0.0529061 0.161005
0 0.398684 0.580727 0.0496092 0.0730869
0 0.0309585 0.516031 0.061917 0.0610983
0 0.276128 0.581091 0.0592446 0.0630628
0 0.809719 0.959719 0.153743 0.0803663
0 0.355189 0.600893 0.050757 0.0503432
0 0.607558 0.609521 0.207 0.198251
0 0.0816954 0.659575 0.145517 0.126839
0 0.439163 0.56334 0.047204 0.0675343
0 0.305794 0.706897 0.05391 0.0958221
0 0.184564 0.476189 0.0850525 0.0725241
0 0.331301 0.563695 0.075103 0.0939597
