0 0.427187 0.182022 0.137394 0.158921
0 0.237564 0.529969 0.190159 0.160193
0 0.598858 0.219139 0.139381 0.124858
0 0.359042 0.24961 0.167403 0.153543
0 0.152826 0.047844 0.171074 0.095688
0 0.591709 0.771844 0.126455 0.167611
0 0.770927 0.909041 0.0799294 0.181919
0 0.580668 0.134894 0.122808 0.0928007
0 0.736246 0.297252 0.104836 0.149648
0 0.835258 0.459809 0.129127 0.113149
0 0.112794 0.489182 0.0831236 0.184417
0 0.066426 0.327173 0.132852 0.167978
0 0.0463913 0.180087 0.0911445 0.143494
0 0.950896 0.51392 0.0835674 0.182149
0 0.389514 0.448576 0.089728 0.130457
0 0.234325 0.932022 0.0839636 0.135957
0 0.427187 0.182022 0.137394 0.158921
0 0.237564 0.529969 0.190159 0.160193
0 0.598858 0.219139 0.139381 0.124858
0 0.359042 0.24961 0.167403 0.153543
0 0.152826 0.047844 0.171074 0.095688
0 0.591709 0.771844 0.126455 0.167611
0 0.770927 0.909041 0.0799294 0.181919
0 0.580668 0.134894 0.122808 0.0928007
0 0.736246 0.297252 0.104836 0.149648
0 0.835258 0.459809 0.129127 0.113149
0 0.112794 0.489182 0.0831236 0.184417
0 0.066426 0.327173 0.132852 0.167978
0 0.0463913 0.180087 0.0911445 0.143494
0 0.950896 0.51392 0.0835674 0.182149
0 0.389514 0.448576 0.089728 0.130457
0 0.234325 0.932022 0.0839636 0.135957
0 0.231848 0.528671 0.184935 0.168828
0 0.850493 0.352013 0.137523 0.150922
0 0.642943 0.13702 0.0602913 0.0510044
0 0.730022 0.292256 0.0990652 0.137851
0 0.759871 0.909521 0.0803214 0.180959
0 0.601416 0.747386 0.127209 0.229658
0 0.134115 0.0457742 0.181137 0.0915485
0 0.0604672 0.335569 0.117292 0.173674
0 0.433863 0.184855 0.117227 0.157158
0 0.048425 0.166474 0.0950019 0.157259
0 0.573855 0.139638 0.101709 0.0940598
0 0.926207 0.642194 0.112987 0.121382
0 0.605205 0.220808 0.16612 0.108464
0 0.57817 0.358103 0.0661102 0.0985756
0 0.669164 0.41357 0.124595 0.23098
0 0.854035 0.765636 0.0460387 0.112805
0 0.156145 0.0520799 0.195526 0.10416
0 0.366687 0.269279 0.148988 0.140229
0 0.24578 0.942521 0.102421 0.114958
0 0.194689 0.21455 0.0553753 0.0430873
0 0.157395 0.157138 0.0613122 0.0537867
0 0.612252 0.742648 0.096116 0.193326
