0 0.428554 0.346342 0.174829 0.157138
0 0.55426 0.291543 0.157756 0.164398
0 0.646437 0.570797 0.114514 0.244499
0 0.436639 0.712638 0.199255 0.411848
0 0.0529884 0.317061 0.105977 0.126149
0 0.749032 0.077448 0.0966263 0.0833749
0 0.153192 0.499709 0.0597224 0.230611
0 0.959048 0.375461 0.0819045 0.170484
0 0.210173 0.394874 0.0580929 0.123066
0 0.96507 0.522476 0.0698602 0.127489
0 0.917199 0.644801 0.108162 0.199209
0 0.547788 0.158577 0.113303 0.115102
0 0.0458846 0.158745 0.0917692 0.0991422
0 0.686882 0.210061 0.101338 0.11207
0 0.428554 0.346342 0.174829 0.157138
0 0.55426 0.291543 0.157756 0.164398
0 0.646437 0.570797 0.114514 0.244499
0 0.436639 0.712638 0.199255 0.411848
0 0.0529884 0.317061 0.105977 0.126149
0 0.749032 0.077448 0.0966263 0.0833749
0 0.153192 0.499709 0.0597224 0.230611
0 0.959048 0.375461 0.0819045 0.170484
0 0.210173 0.394874 0.0580929 0.123066
0 0.96507 0.522476 0.0698602 0.127489
0 0.917199 0.644801 0.108162 0.199209
0 0.547788 0.158577 0.113303 0.115102
0 0.0458846 0.158745 0.0917692 0.0991422
0 0.686882 0.210061 0.101338 0.11207
0 0.421705 0.339981 0.151221 0.140125
0 0.548388 0.291935 0.164371 0.172587
0 0.5445 0.152342 0.124037 0.111125
0 0.644825 0.557022 0.110873 0.241811
0 0.0527548 0.32499 0.103008 0.151917
0 0.754524 0.0851906 0.0916438 0.0856968
0 0.691926 0.211654 0.12514 0.117324
0 0.0463583 0.156138 0.0923119 0.0913687
0 0.154968 0.494529 0.0573123 0.215127
0 0.208444 0.408118 0.0616406 0.140989
0 0.965726 0.516988 0.0685471 0.106801
0 0.760821 0.364439 0.0683168 0.104805
0 0.442388 0.699051 0.239577 0.418991
0 0.478924 0.801093 0.277895 0.397815
0 0.959551 0.373946 0.0790321 0.188729
0 0.448071 0.197684 0.0553467 0.0869747
