0 0.0915448 0.553452 0.18309 0.308073
0 0.897814 0.645436 0.175179 0.107991
0 0.374865 0.90004 0.206336 0.19992
0 0.881124 0.497377 0.138744 0.177612
0 0.90345 0.878684 0.091732 0.188576
0 0.0876319 0.178569 0.169264 0.124043
0 0.388395 0.468581 0.0591762 0.168821
0 0.953614 0.372592 0.0927725 0.125777
0 0.55662 0.335574 0.109462 0.10857
0 0.6238 0.169775 0.0836538 0.0652325
0 0.768712 0.205022 0.0840933 0.0728555
0 0.949024 0.390203 0.101263 0.130592
0 0.0915448 0.553452 0.18309 0.308073
0 0.897814 0.645436 0.175179 0.107991
0 0.374865 0.90004 0.206336 0.19992
0 0.881124 0.497377 0.138744 0.177612
0 0.90345 0.878684 0.091732 0.188576
0 0.0876319 0.178569 0.169264 0.124043
0 0.388395 0.468581 0.0591762 0.168821
0 0.953614 0.372592 0.0927725 0.125777
0 0.55662 0.335574 0.109462 0.10857
0 0.6238 0.169775 0.0836538 0.0652325
0 0.768712 0.205022 0.0840933 0.0728555
0 0.949024 0.390203 0.101263 0.130592
0 0.885352 0.650118 0.19339 0.130974
0 0.559006 0.343481 0.107981 0.105474
0 0.895148 0.479043 0.169876 0.160278
0 0.36563 0.906505 0.180175 0.18699
0 0.0788268 0.562175 0.157654 0.283077
0 0.912813 0.862843 0.110006 0.164486
0 0.0845777 0.183195 0.169155 0.113742
0 0.622028 0.170549 0.0785427 0.0642105
0 0.361431 0.254011 0.059633 0.0793951
0 0.392166 0.461127 0.0646033 0.157548
0 0.955889 0.367255 0.0882221 0.107658
0 0.87031 0.246194 0.0971144 0.0583126
