0 0.450708 0.259018 0.121076 0.122025
0 0.0916456 0.149975 0.150473 0.122651
0 0.722829 0.1704 0.144203 0.109303
0 0.408824 0.827954 0.159663 0.29113
0 0.652964 0.535842 0.209897 0.162174
0 0.541668 0.0831798 0.100656 0.0741065
0 0.863793 0.439107 0.123259 0.175923
0 0.419305 0.158703 0.0919811 0.0936503
0 0.320304 0.16979 0.0812735 0.148773
0 0.834103 0.161957 0.120109 0.0823253
0 0.066352 0.415523 0.130549 0.122408
0 0.667161 0.528803 0.17635 0.122504
0 0.738035 0.179744 0.130639 0.0872316
0 0.450708 0.259018 0.121076 0.122025
0 0.0916456 0.149975 0.150473 0.122651
0 0.722829 0.1704 0.144203 0.109303
0 0.408824 0.827954 0.159663 0.29113
0 0.652964 0.535842 0.209897 0.162174
0 0.541668 0.0831798 0.100656 0.0741065
0 0.863793 0.439107 0.123259 0.175923
0 0.419305 0.158703 0.0919811 0.0936503
0 0.320304 0.16979 0.0812735 0.148773
0 0.834103 0.161957 0.120109 0.0823253
0 0.066352 0.415523 0.130549 0.122408
0 0.667161 0.528803 0.17635 0.122504
0 0.738035 0.179744 0.130639 0.0872316
0 0.726376 0.176563 0.155127 0.0939494
0 0.654042 0.534732 0.160388 0.134056
0 0.402473 0.82734 0.141301 0.273587
0 0.113126 0.18042 0.225948 0.185766
0 0.861619 0.438559 0.112433 0.138397
0 0.836589 0.161724 0.112635 0.0658252
0 0.450014 0.265185 0.12854 0.126893
0 0.0626232 0.414172 0.125246 0.140234
0 0.539752 0.0834792 0.102694 0.0724524
0 0.320198 0.173633 0.0754327 0.140521
0 0.101749 0.932171 0.203497 0.135657
0 0.0966177 0.154813 0.178439 0.128906
