0 0.442108 0.565231 0.223549 0.198314
0 0.84283 0.750222 0.147281 0.111822
0 0.289307 0.0605098 0.141128 0.113854
0 0.613242 0.333492 0.166857 0.112859
0 0.86177 0.388216 0.27646 0.311901
0 0.558225 0.180738 0.153205 0.12131
0 0.184603 0.891897 0.119599 0.167409
0 0.442108 0.565231 0.223549 0.198314
0 0.84283 0.750222 0.147281 0.111822
0 0.289307 0.0605098 0.141128 0.113854
0 0.613242 0.333492 0.166857 0.112859
0 0.86177 0.388216 0.27646 0.311901
0 0.558225 0.180738 0.153205 0.12131
0 0.184603 0.891897 0.119599 0.167409
0 0.611997 0.331127 0.165176 0.122552
0 0.836364 0.757307 0.134305 0.119556
0 0.295714 0.0743341 0.174955 0.13654
0 0.438335 0.57942 0.218153 0.224981
0 0.773255 0.480916 0.170795 0.312333
0 0.536666 0.189908 0.151604 0.133076
0 0.883075 0.420429 0.23385 0.351617
