0 0.484596 0.842319 0.191905 0.279907
0 0.529657 0.612409 0.127098 0.234102
0 0.66162 0.643313 0.14389 0.229914
0 0.785144 0.897362 0.192916 0.205276
0 0.217421 0.694291 0.107162 0.11768
0 0.192377 0.842406 0.162984 0.315189
0 0.256535 0.266237 0.139612 0.160525
0 0.790268 0.554287 0.057666 0.113851
0 0.129554 0.439316 0.140604 0.18323
0 0.926767 0.581582 0.0836596 0.0835771
0 0.95298 0.729063 0.0807057 0.203686
0 0.75816 0.732724 0.111393 0.123492
0 0.843113 0.499221 0.102731 0.119112
0 0.451073 0.333091 0.123407 0.168854
0 0.44883 0.463277 0.0995737 0.11203
0 0.634642 0.814807 0.146054 0.19129
0 0.159979 0.0641013 0.0995656 0.0829097
0 0.304099 0.181611 0.0992877 0.14249
0 0.278396 0.542414 0.0864388 0.141094
0 0.434199 0.562114 0.0742457 0.0983943
0 0.484596 0.842319 0.191905 0.279907
0 0.529657 0.612409 0.127098 0.234102
0 0.66162 0.643313 0.14389 0.229914
0 0.785144 0.897362 0.192916 0.205276
0 0.217421 0.694291 0.107162 0.11768
0 0.192377 0.842406 0.162984 0.315189
0 0.256535 0.266237 0.139612 0.160525
0 0.790268 0.554287 0.057666 0.113851
0 0.129554 0.439316 0.140604 0.18323
0 0.926767 0.581582 0.0836596 0.0835771
0 0.95298 0.729063 0.0807057 0.203686
0 0.75816 0.732724 0.111393 0.123492
0 0.843113 0.499221 0.102731 0.119112
0 0.451073 0.333091 0.123407 0.168854
0 0.44883 0.463277 0.0995737 0.11203
0 0.634642 0.814807 0.146054 0.19129
0 0.159979 0.0641013 0.0995656 0.0829097
0 0.304099 0.181611 0.0992877 0.14249
0 0.278396 0.542414 0.0864388 0.141094
0 0.434199 0.562114 0.0742457 0.0983943
0 0.527504 0.616003 0.139028 0.238554
0 0.66004 0.641644 0.146268 0.222707
0 0.121172 0.442082 0.162965 0.182399
0 0.794788 0.907275 0.160105 0.18545
0 0.484835 0.848375 0.180813 0.29333
0 0.269102 0.546109 0.0995973 0.126443
0 0.194333 0.851764 0.170347 0.296471
0 0.258707 0.263499 0.130821 0.141566
0 0.215446 0.700707 0.105303 0.118404
0 0.452857 0.331498 0.139495 0.178459
0 0.43365 0.565251 0.0693121 0.0778447
0 0.950866 0.719088 0.0982681 0.186054
0 0.0502096 0.146987 0.0915688 0.0680528
0 0.0423533 0.286937 0.0829286 0.153221
0 0.44745 0.467218 0.0842215 0.101116
0 0.789924 0.552999 0.0527191 0.10233
0 0.633595 0.797754 0.164144 0.1821
0 0.552297 0.351282 0.0410877 0.102875
0 0.927543 0.581205 0.0869457 0.0724263
0 0.135107 0.523594 0.0863045 0.0522623
0 0.760953 0.726677 0.130952 0.108469
