0 0.567299 0.518248 0.165749 0.139483
0 0.335929 0.399251 0.121454 0.131899
0 0.524706 0.418038 0.141431 0.0991486
0 0.947056 0.18694 0.105889 0.117838
0 0.71365 0.762941 0.302611 0.399361
0 0.914303 0.390183 0.121896 0.106054
0 0.733681 0.5289 0.0964512 0.187994
0 0.310585 0.287495 0.109936 0.214694
0 0.114928 0.130002 0.229857 0.260003
0 0.783608 0.158695 0.117164 0.116759
0 0.846862 0.873769 0.266177 0.252462
0 0.574648 0.308216 0.113282 0.139764
0 0.820977 0.656392 0.103016 0.179637
0 0.567299 0.518248 0.165749 0.139483
0 0.335929 0.399251 0.121454 0.131899
0 0.524706 0.418038 0.141431 0.0991486
0 0.947056 0.18694 0.105889 0.117838
0 0.71365 0.762941 0.302611 0.399361
0 0.914303 0.390183 0.121896 0.106054
0 0.733681 0.5289 0.0964512 0.187994
0 0.310585 0.287495 0.109936 0.214694
0 0.114928 0.130002 0.229857 0.260003
0 0.783608 0.158695 0.117164 0.116759
0 0.846862 0.873769 0.266177 0.252462
0 0.574648 0.308216 0.113282 0.139764
0 0.820977 0.656392 0.103016 0.179637
0 0.558878 0.52564 0.13015 0.149471
0 0.0794284 0.143501 0.158857 0.215426
0 0.947824 0.194189 0.104353 0.103031
0 0.16797 0.0713404 0.213133 0.142681
0 0.338285 0.402883 0.117247 0.133606
0 0.761985 0.78179 0.365471 0.436419
0 0.778353 0.161282 0.124401 0.116645
0 0.822792 0.859806 0.354415 0.280388
0 0.796678 0.829498 0.406643 0.341004
0 0.646207 0.415059 0.0697238 0.108545
0 0.684315 0.349185 0.0764416 0.0436486
0 0.562627 0.321218 0.0841038 0.179345
0 0.152443 0.0584633 0.193481 0.116927
0 0.440642 0.650566 0.247883 0.223116
0 0.351516 0.0940156 0.0954639 0.0689576
0 0.300388 0.276663 0.132345 0.208643
0 0.841834 0.654991 0.0688473 0.212391
