0 0.907506 0.678497 0.122963 0.115484
0 0.706628 0.609353 0.172809 0.116359
0 0.91027 0.49003 0.144389 0.14975
0 0.929791 0.349573 0.133631 0.123497
0 0.366509 0.896016 0.205059 0.207967
0 0.0648424 0.46326 0.129685 0.304123
0 0.531808 0.314278 0.0959967 0.127291
0 0.349917 0.375932 0.0546121 0.129959
0 0.859952 0.228465 0.107233 0.0751777
0 0.967767 0.662463 0.0584644 0.157039
0 0.623424 0.550651 0.0646295 0.09986
0 0.30472 0.198533 0.0646022 0.0816188
0 0.541106 0.74497 0.0996561 0.126549
0 0.907506 0.678497 0.122963 0.115484
0 0.706628 0.609353 0.172809 0.116359
0 0.91027 0.49003 0.144389 0.14975
0 0.929791 0.349573 0.133631 0.123497
0 0.366509 0.896016 0.205059 0.207967
0 0.0648424 0.46326 0.129685 0.304123
0 0.531808 0.314278 0.0959967 0.127291
0 0.349917 0.375932 0.0546121 0.129959
0 0.859952 0.228465 0.107233 0.0751777
0 0.967767 0.662463 0.0584644 0.157039
0 0.623424 0.550651 0.0646295 0.09986
0 0.30472 0.198533 0.0646022 0.0816188
0 0.541106 0.74497 0.0996561 0.126549
0 0.903696 0.680937 0.128796 0.106386
0 0.899517 0.489305 0.128135 0.154136
0 0.926904 0.349333 0.144839 0.120915
0 0.701425 0.61627 0.172856 0.121523
0 0.364535 0.896892 0.168343 0.206217
0 0.0662529 0.461903 0.132506 0.259234
0 0.528339 0.317496 0.0920189 0.112855
0 0.0525024 0.184216 0.105005 0.106202
0 0.863867 0.240601 0.088253 0.0637596
0 0.602687 0.144009 0.0695131 0.0622519
0 0.971581 0.660519 0.052503 0.150625
0 0.351618 0.372726 0.0511156 0.126465
0 0.910348 0.834503 0.0558914 0.153199
0 0.304947 0.204466 0.0649131 0.0782228
