0 0.865431 0.792062 0.243775 0.250881
0 0.827555 0.945571 0.183644 0.108858
0 0.515348 0.83769 0.259156 0.2664
0 0.335641 0.479165 0.27342 0.192708
0 0.430336 0.103694 0.186366 0.168925
0 0.320391 0.838959 0.340632 0.322082
0 0.387016 0.46376 0.171612 0.126635
0 0.289848 0.782207 0.362757 0.425264
0 0.0884916 0.315123 0.09351 0.298954
0 0.86416 0.173632 0.158133 0.103124
0 0.947248 0.392228 0.0762207 0.198611
0 0.676789 0.242339 0.12515 0.0982143
0 0.569756 0.292203 0.124731 0.0912756
0 0.244355 0.729951 0.371955 0.451098
0 0.249391 0.112611 0.101006 0.0743738
0 0.865431 0.792062 0.243775 0.250881
0 0.827555 0.945571 0.183644 0.108858
0 0.515348 0.83769 0.259156 0.2664
0 0.335641 0.479165 0.27342 0.192708
0 0.430336 0.103694 0.186366 0.168925
0 0.320391 0.838959 0.340632 0.322082
0 0.387016 0.46376 0.171612 0.126635
0 0.289848 0.782207 0.362757 0.425264
0 0.0884916 0.315123 0.09351 0.298954
0 0.86416 0.173632 0.158133 0.103124
0 0.947248 0.392228 0.0762207 0.198611
0 0.676789 0.242339 0.12515 0.0982143
0 0.569756 0.292203 0.124731 0.0912756
0 0.244355 0.729951 0.371955 0.451098
0 0.249391 0.112611 0.101006 0.0743738
0 0.428173 0.105545 0.164077 0.184792
0 0.861968 0.790245 0.245392 0.229736
0 0.828682 0.941934 0.200426 0.116132
0 0.513732 0.844179 0.253632 0.281207
0 0.369815 0.478793 0.196538 0.196304
0 0.673667 0.240804 0.11638 0.0940085
0 0.870922 0.183274 0.144496 0.0870966
0 0.873334 0.299706 0.10733 0.0735565
0 0.568101 0.116669 0.10624 0.0766957
0 0.313303 0.817105 0.441741 0.365789
0 0.56171 0.312058 0.10716 0.135653
0 0.872882 0.469128 0.141244 0.258899
0 0.16846 0.679371 0.315604 0.361797
0 0.510349 0.443253 0.0886263 0.0941043
0 0.247925 0.818948 0.427068 0.362104
0 0.375277 0.845787 0.431828 0.308425
0 0.298192 0.129709 0.111973 0.118332
0 0.483875 0.272217 0.102718 0.115755
