0 0.270829 0.0776636 0.102195 0.10041
0 0.951088 0.561211 0.0978247 0.155127
0 0.29044 0.198883 0.0875583 0.176395
0 0.308293 0.855229 0.0786046 0.256456
0 0.971471 0.424941 0.0562765 0.176888
0 0.650155 0.111865 0.120044 0.082573
0 0.978294 0.434219 0.042384 0.13676
0 0.0323949 0.883173 0.0616335 0.233654
0 0.836766 0.0563144 0.0863472 0.0736085
0 0.880569 0.226528 0.0943167 0.0876984
0 0.270829 0.0776636 0.102195 0.10041
0 0.951088 0.561211 0.0978247 0.155127
0 0.29044 0.198883 0.0875583 0.176395
0 0.308293 0.855229 0.0786046 0.256456
0 0.971471 0.424941 0.0562765 0.176888
0 0.650155 0.111865 0.120044 0.082573
0 0.978294 0.434219 0.042384 0.13676
0 0.0323949 0.883173 0.0616335 0.233654
0 0.836766 0.0563144 0.0863472 0.0736085
0 0.880569 0.226528 0.0943167 0.0876984
0 0.95427 0.560128 0.0876572 0.1476
0 0.289222 0.196819 0.0808235 0.173584
0 0.969986 0.430042 0.0589226 0.187589
0 0.648403 0.114327 0.124676 0.0732128
0 0.97017 0.408316 0.0596607 0.125713
0 0.558678 0.177353 0.0660407 0.188117
0 0.31638 0.842749 0.0835615 0.314501
0 0.841601 0.053001 0.0772535 0.0659407
0 0.268222 0.0862095 0.100304 0.103658
0 0.0571887 0.190388 0.114377 0.139624
0 0.16246 0.385948 0.0561965 0.0652191
