0 0.616628 0.469493 0.131371 0.0944906
0 0.475028 0.31618 0.134691 0.185726
0 0.921123 0.86885 0.151773 0.2623
0 0.838844 0.446714 0.105044 0.0785523
0 0.641311 0.335302 0.0913502 0.14694
0 0.855596 0.660199 0.124598 0.304842
0 0.108479 0.917281 0.196168 0.165439
0 0.268302 0.125781 0.11285 0.0881974
0 0.479457 0.43526 0.107708 0.128347
0 0.0404231 0.0445335 0.0808462 0.0879386
0 0.616628 0.469493 0.131371 0.0944906
0 0.475028 0.31618 0.134691 0.185726
0 0.921123 0.86885 0.151773 0.2623
0 0.838844 0.446714 0.105044 0.0785523
0 0.641311 0.335302 0.0913502 0.14694
0 0.855596 0.660199 0.124598 0.304842
0 0.108479 0.917281 0.196168 0.165439
0 0.268302 0.125781 0.11285 0.0881974
0 0.479457 0.43526 0.107708 0.128347
0 0.0404231 0.0445335 0.0808462 0.0879386
0 0.623166 0.469766 0.121227 0.0870183
0 0.839444 0.453367 0.102942 0.0688623
0 0.473504 0.312783 0.134029 0.168942
0 0.914404 0.866649 0.165705 0.266702
0 0.0382412 0.0371311 0.0764824 0.0742622
0 0.919927 0.663254 0.137751 0.201178
0 0.633279 0.327355 0.0767331 0.117238
0 0.262079 0.127446 0.110085 0.0762593
0 0.897491 0.668994 0.177696 0.218278
