0 0.0964306 0.118214 0.192861 0.213074
0 0.521202 0.144333 0.208413 0.206705
0 0.944156 0.539594 0.111688 0.180085
0 0.813587 0.583447 0.0600138 0.196709
0 0.882686 0.878592 0.234629 0.225161
0 0.612069 0.370051 0.0704667 0.123836
0 0.479289 0.41407 0.0401003 0.150301
0 0.051253 0.674492 0.102506 0.24332
0 0.252667 0.560238 0.0948271 0.200329
0 0.526552 0.801895 0.0764454 0.223597
0 0.97991 0.275935 0.0362087 0.133794
0 0.710934 0.379533 0.0788969 0.0998962
0 0.0964306 0.118214 0.192861 0.213074
0 0.521202 0.144333 0.208413 0.206705
0 0.944156 0.539594 0.111688 0.180085
0 0.813587 0.583447 0.0600138 0.196709
0 0.882686 0.878592 0.234629 0.225161
0 0.612069 0.370051 0.0704667 0.123836
0 0.479289 0.41407 0.0401003 0.150301
0 0.051253 0.674492 0.102506 0.24332
0 0.252667 0.560238 0.0948271 0.200329
0 0.526552 0.801895 0.0764454 0.223597
0 0.97991 0.275935 0.0362087 0.133794
0 0.710934 0.379533 0.0788969 0.0998962
0 0.0925124 0.124007 0.185025 0.210868
0 0.945606 0.549089 0.105204 0.161031
0 0.815081 0.581932 0.0608662 0.189851
0 0.532029 0.149075 0.216988 0.215604
0 0.707455 0.385126 0.0775466 0.0787082
0 0.667226 0.437248 0.10077 0.0839447
0 0.884076 0.8783 0.231849 0.229399
0 0.549 0.193126 0.274024 0.311211
0 0.742494 0.0827596 0.0803898 0.0536403
