0 0.293099 0.55356 0.197993 0.221221
0 0.443823 0.682486 0.101465 0.15379
0 0.73462 0.417862 0.0910495 0.156225
0 0.553085 0.642138 0.107773 0.0814657
0 0.197678 0.491669 0.177404 0.144769
0 0.272926 0.553586 0.252485 0.254199
0 0.955474 0.935396 0.0804592 0.129208
0 0.522516 0.567724 0.121096 0.188416
0 0.195671 0.510139 0.203942 0.186386
0 0.624933 0.293 0.0945872 0.09735
0 0.679314 0.136112 0.101124 0.0940091
0 0.293099 0.55356 0.197993 0.221221
0 0.443823 0.682486 0.101465 0.15379
0 0.73462 0.417862 0.0910495 0.156225
0 0.553085 0.642138 0.107773 0.0814657
0 0.197678 0.491669 0.177404 0.144769
0 0.272926 0.553586 0.252485 0.254199
0 0.955474 0.935396 0.0804592 0.129208
0 0.522516 0.567724 0.121096 0.188416
0 0.195671 0.510139 0.203942 0.186386
0 0.624933 0.293 0.0945872 0.09735
0 0.679314 0.136112 0.101124 0.0940091
0 0.196111 0.502444 0.180789 0.159573
0 0.439431 0.685941 0.0819103 0.148922
0 0.29607 0.578809 0.194315 0.189965
0 0.55344 0.644736 0.0942715 0.0700452
0 0.136635 0.467132 0.0606507 0.153748
0 0.0606411 0.125401 0.118125 0.0785226
0 0.734526 0.415869 0.0845882 0.147325
0 0.85226 0.90771 0.151407 0.153369
0 0.518772 0.130672 0.0614764 0.0690591
0 0.622971 0.294431 0.0808626 0.0752151
0 0.954724 0.93206 0.0869274 0.135879
