0 0.433584 0.327004 0.218682 0.215613
0 0.109943 0.481802 0.211529 0.168261
0 0.101938 0.684558 0.17666 0.288161
0 0.790208 0.591962 0.164157 0.197438
0 0.381291 0.785894 0.244576 0.428212
0 0.739552 0.37974 0.150003 0.136067
0 0.832791 0.505771 0.103526 0.0785851
0 0.810508 0.831501 0.359343 0.336998
0 0.673304 0.5557 0.089966 0.124821
0 0.555507 0.596924 0.0802755 0.178915
0 0.564371 0.458381 0.056559 0.116064
0 0.88722 0.573805 0.109503 0.106189
0 0.350389 0.206569 0.106176 0.110973
0 0.796757 0.818858 0.406487 0.362284
0 0.934612 0.449288 0.130777 0.122804
0 0.598353 0.317219 0.0756222 0.127815
0 0.433584 0.327004 0.218682 0.215613
0 0.109943 0.481802 0.211529 0.168261
0 0.101938 0.684558 0.17666 0.288161
0 0.790208 0.591962 0.164157 0.197438
0 0.381291 0.785894 0.244576 0.428212
0 0.739552 0.37974 0.150003 0.136067
0 0.832791 0.505771 0.103526 0.0785851
0 0.810508 0.831501 0.359343 0.336998
0 0.673304 0.5557 0.089966 0.124821
0 0.555507 0.596924 0.0802755 0.178915
0 0.564371 0.458381 0.056559 0.116064
0 0.88722 0.573805 0.109503 0.106189
0 0.350389 0.206569 0.106176 0.110973
0 0.796757 0.818858 0.406487 0.362284
0 0.934612 0.449288 0.130777 0.122804
0 0.598353 0.317219 0.0756222 0.127815
0 0.793014 0.591419 0.17363 0.199136
0 0.828688 0.508113 0.115819 0.0854515
0 0.820824 0.830036 0.324175 0.339928
0 0.386109 0.796377 0.25347 0.407247
0 0.673319 0.551765 0.0919176 0.122104
0 0.437116 0.335344 0.217147 0.230066
0 0.738363 0.383582 0.171928 0.135525
0 0.886093 0.580452 0.0995556 0.0963321
0 0.106014 0.683655 0.166794 0.3139
0 0.107491 0.482494 0.214982 0.181414
0 0.557556 0.600052 0.0830296 0.156626
0 0.931097 0.433541 0.137806 0.145961
0 0.567947 0.459489 0.0695669 0.108721
0 0.429852 0.486737 0.0518741 0.103414
