0 0.753782 0.510542 0.150698 0.199162
0 0.173858 0.295603 0.172165 0.168149
0 0.850062 0.835779 0.265906 0.328442
0 0.946872 0.522436 0.0964798 0.171041
0 0.293305 0.156759 0.105218 0.089519
0 0.516577 0.713285 0.099671 0.262867
0 0.579667 0.813086 0.130593 0.131339
0 0.438081 0.489329 0.105429 0.143669
0 0.0519016 0.284086 0.10317 0.16218
0 0.328807 0.501544 0.0609779 0.173907
0 0.278292 0.329205 0.0807837 0.167462
0 0.689773 0.250521 0.108759 0.10694
0 0.233719 0.0867922 0.0747425 0.0728713
0 0.0590616 0.85965 0.108359 0.280699
0 0.0515311 0.0967575 0.0993828 0.104525
0 0.458969 0.167054 0.0904327 0.113585
0 0.510721 0.472802 0.056177 0.127639
0 0.462687 0.355736 0.0444405 0.0890257
0 0.0536283 0.658774 0.0758743 0.284432
0 0.753782 0.510542 0.150698 0.199162
0 0.173858 0.295603 0.172165 0.168149
0 0.850062 0.835779 0.265906 0.328442
0 0.946872 0.522436 0.0964798 0.171041
0 0.293305 0.156759 0.105218 0.089519
0 0.516577 0.713285 0.099671 0.262867
0 0.579667 0.813086 0.130593 0.131339
0 0.438081 0.489329 0.105429 0.143669
0 0.0519016 0.284086 0.10317 0.16218
0 0.328807 0.501544 0.0609779 0.173907
0 0.278292 0.329205 0.0807837 0.167462
0 0.689773 0.250521 0.108759 0.10694
0 0.233719 0.0867922 0.0747425 0.0728713
0 0.0590616 0.85965 0.108359 0.280699
0 0.0515311 0.0967575 0.0993828 0.104525
0 0.458969 0.167054 0.0904327 0.113585
0 0.510721 0.472802 0.056177 0.127639
0 0.462687 0.355736 0.0444405 0.0890257
0 0.0536283 0.658774 0.0758743 0.284432
0 0.18053 0.299312 0.175072 0.187715
0 0.850039 0.831064 0.273705 0.337872
0 0.759342 0.514999 0.162241 0.241129
0 0.42863 0.48605 0.11887 0.153177
0 0.576816 0.81062 0.158236 0.150995
0 0.0487258 0.279766 0.0958844 0.154811
0 0.947354 0.523811 0.0969669 0.19015
0 0.522391 0.712205 0.106059 0.248782
0 0.293296 0.157918 0.102918 0.0930084
0 0.332565 0.509623 0.0552218 0.165814
0 0.5434 0.26591 0.0582308 0.0574193
0 0.45939 0.180049 0.0964711 0.122063
0 0.0741187 0.870703 0.143778 0.207061
0 0.464221 0.356732 0.0442251 0.0725332
0 0.124548 0.132539 0.0691133 0.0573408
