0 0.882119 0.786468 0.234991 0.231665
0 0.835576 0.938503 0.182366 0.122995
0 0.536479 0.822297 0.245752 0.230898
0 0.322685 0.80017 0.369978 0.39966
0 0.369113 0.462025 0.20271 0.169298
0 0.576618 0.283318 0.132099 0.12558
0 0.366422 0.83592 0.358657 0.32816
0 0.0964456 0.340119 0.0946389 0.270148
0 0.262587 0.506273 0.124864 0.111915
0 0.434161 0.108134 0.172214 0.17552
0 0.388854 0.459635 0.17707 0.138736
0 0.883306 0.171609 0.135901 0.0921818
0 0.285216 0.740846 0.324888 0.422649
0 0.882028 0.466115 0.0914612 0.222349
0 0.693268 0.231887 0.115746 0.115492
0 0.0999917 0.301113 0.0848556 0.270757
0 0.882119 0.786468 0.234991 0.231665
0 0.835576 0.938503 0.182366 0.122995
0 0.536479 0.822297 0.245752 0.230898
0 0.322685 0.80017 0.369978 0.39966
0 0.369113 0.462025 0.20271 0.169298
0 0.576618 0.283318 0.132099 0.12558
0 0.366422 0.83592 0.358657 0.32816
0 0.0964456 0.340119 0.0946389 0.270148
0 0.262587 0.506273 0.124864 0.111915
0 0.434161 0.108134 0.172214 0.17552
0 0.388854 0.459635 0.17707 0.138736
0 0.883306 0.171609 0.135901 0.0921818
0 0.285216 0.740846 0.324888 0.422649
0 0.882028 0.466115 0.0914612 0.222349
0 0.693268 0.231887 0.115746 0.115492
0 0.0999917 0.301113 0.0848556 0.270757
0 0.432593 0.108437 0.150357 0.178217
0 0.840026 0.93587 0.19853 0.12826
0 0.880614 0.78728 0.238772 0.237577
0 0.878975 0.176497 0.146044 0.0742992
0 0.875424 0.292908 0.113982 0.0826934
0 0.518186 0.439237 0.0817009 0.0906875
0 0.381509 0.480746 0.198788 0.185314
0 0.571455 0.109933 0.105198 0.0791427
0 0.546109 0.840691 0.223438 0.258177
0 0.881424 0.474714 0.160616 0.280414
0 0.510051 0.849507 0.292645 0.300986
0 0.339807 0.807728 0.442681 0.384543
0 0.385007 0.835702 0.426843 0.328596
0 0.233081 0.117108 0.0645578 0.0484226
0 0.242544 0.783457 0.443953 0.433086
0 0.689632 0.239139 0.115149 0.097923
