0 0.917223 0.730176 0.165554 0.241619
0 0.75142 0.681548 0.172765 0.229512
0 0.246957 0.790932 0.0701328 0.244017
0 0.47632 0.826355 0.120754 0.124627
0 0.680291 0.3764 0.136638 0.170091
0 0.457933 0.623751 0.127589 0.137517
0 0.224541 0.525056 0.0705816 0.169887
0 0.32472 0.518397 0.107177 0.180984
0 0.438034 0.47625 0.0553812 0.101559
0 0.0690007 0.559116 0.0742502 0.198097
0 0.05629 0.145043 0.110383 0.0989764
0 0.102762 0.346357 0.0952963 0.0888981
0 0.100027 0.916965 0.108722 0.16607
0 0.735151 0.940228 0.128113 0.119544
0 0.216666 0.503957 0.0767778 0.194671
0 0.433846 0.931539 0.114097 0.136922
0 0.203301 0.487594 0.0596566 0.172057
0 0.460363 0.31252 0.124195 0.164565
0 0.420059 0.92338 0.109954 0.15324
0 0.929759 0.921596 0.111303 0.156809
0 0.917223 0.730176 0.165554 0.241619
0 0.75142 0.681548 0.172765 0.229512
0 0.246957 0.790932 0.0701328 0.244017
0 0.47632 0.826355 0.120754 0.124627
0 0.680291 0.3764 0.136638 0.170091
0 0.457933 0.623751 0.127589 0.137517
0 0.224541 0.525056 0.0705816 0.169887
0 0.32472 0.518397 0.107177 0.180984
0 0.438034 0.47625 0.0553812 0.101559
0 0.0690007 0.559116 0.0742502 0.198097
0 0.05629 0.145043 0.110383 0.0989764
0 0.102762 0.346357 0.0952963 0.0888981
0 0.100027 0.916965 0.108722 0.16607
0 0.735151 0.940228 0.128113 0.119544
0 0.216666 0.503957 0.0767778 0.194671
0 0.433846 0.931539 0.114097 0.136922
0 0.203301 0.487594 0.0596566 0.172057
0 0.460363 0.31252 0.124195 0.164565
0 0.420059 0.92338 0.109954 0.15324
0 0.929759 0.921596 0.111303 0.156809
0 0.750106 0.683167 0.186321 0.253219
0 0.920114 0.729261 0.159772 0.242923
0 0.467307 0.618443 0.12461 0.121232
0 0.465518 0.824805 0.153477 0.134821
0 0.461487 0.311988 0.148463 0.158208
0 0.674659 0.377544 0.163173 0.185649
0 0.248255 0.788415 0.0633646 0.254676
0 0.436612 0.473451 0.056668 0.0931423
0 0.0677445 0.541934 0.0816207 0.229012
0 0.232971 0.530249 0.0715523 0.155571
0 0.438645 0.923834 0.138484 0.152332
0 0.334686 0.521545 0.073083 0.161354
0 0.108901 0.90155 0.11942 0.196294
0 0.200384 0.484384 0.0584986 0.137281
0 0.288996 0.468535 0.0504078 0.0805535
0 0.714532 0.932674 0.110497 0.12712
0 0.254412 0.338998 0.048318 0.110276
0 0.0982601 0.34704 0.0878211 0.0769229
0 0.215046 0.510956 0.0809581 0.180713
