0 0.675535 0.348192 0.174231 0.144236
0 0.277504 0.426362 0.093439 0.249037
0 0.958165 0.519163 0.0813965 0.175359
0 0.0456937 0.703248 0.0814176 0.12202
0 0.953912 0.853783 0.0867474 0.247723
0 0.665143 0.853729 0.0858999 0.10663
0 0.155671 0.488542 0.123063 0.117956
0 0.848117 0.405691 0.0831326 0.0808484
0 0.462297 0.92405 0.105687 0.151901
0 0.675535 0.348192 0.174231 0.144236
0 0.277504 0.426362 0.093439 0.249037
0 0.958165 0.519163 0.0813965 0.175359
0 0.0456937 0.703248 0.0814176 0.12202
0 0.953912 0.853783 0.0867474 0.247723
0 0.665143 0.853729 0.0858999 0.10663
0 0.155671 0.488542 0.123063 0.117956
0 0.848117 0.405691 0.0831326 0.0808484
0 0.462297 0.92405 0.105687 0.151901
0 0.683061 0.348581 0.171828 0.148963
0 0.273622 0.37835 0.111443 0.317467
0 0.852338 0.406779 0.0825405 0.0790571
0 0.967187 0.51359 0.0651869 0.147659
0 0.579617 0.227777 0.0692879 0.0595342
0 0.86152 0.1763 0.0870655 0.102435
0 0.927889 0.179623 0.119175 0.097619
0 0.7769 0.512942 0.126616 0.247676
