0 0.552738 0.359145 0.123735 0.101782
0 0.769945 0.228779 0.192719 0.227118
0 0.922355 0.370053 0.155291 0.165648
0 0.668475 0.0659682 0.182968 0.128439
0 0.905301 0.115921 0.118999 0.0949203
0 0.601576 0.294422 0.107641 0.0871359
0 0.439316 0.894845 0.108712 0.210309
0 0.577052 0.205154 0.0871574 0.118058
0 0.454017 0.0682334 0.117491 0.0968523
0 0.552738 0.359145 0.123735 0.101782
0 0.769945 0.228779 0.192719 0.227118
0 0.922355 0.370053 0.155291 0.165648
0 0.668475 0.0659682 0.182968 0.128439
0 0.905301 0.115921 0.118999 0.0949203
0 0.601576 0.294422 0.107641 0.0871359
0 0.439316 0.894845 0.108712 0.210309
0 0.577052 0.205154 0.0871574 0.118058
0 0.454017 0.0682334 0.117491 0.0968523
0 0.552007 0.362293 0.134638 0.108395
0 0.772025 0.223695 0.217843 0.206206
0 0.601694 0.301533 0.10932 0.0776353
0 0.916151 0.374718 0.167699 0.210104
0 0.670774 0.0739842 0.187077 0.127847
0 0.574312 0.204152 0.0905705 0.119267
0 0.451436 0.0713136 0.108093 0.0676109
