0 0.832798 0.834037 0.158192 0.158745
0 0.571119 0.748623 0.100877 0.261496
0 0.312102 0.805312 0.126669 0.29078
0 0.63152 0.678814 0.097742 0.186397
0 0.595694 0.493917 0.0851105 0.167797
0 0.502978 0.822709 0.110234 0.32707
0 0.514318 0.458732 0.0856579 0.138056
0 0.217164 0.566948 0.113998 0.11296
0 0.352043 0.54435 0.0630399 0.185324
0 0.818797 0.47151 0.0766949 0.081086
0 0.405115 0.580712 0.0398115 0.124195
0 0.315802 0.257595 0.0962528 0.158028
0 0.425391 0.437671 0.0759833 0.215071
0 0.931052 0.66261 0.0793881 0.092789
0 0.705449 0.679392 0.0674554 0.178859
0 0.494991 0.551184 0.0943104 0.129401
0 0.672257 0.859592 0.101309 0.198813
0 0.863997 0.5945 0.0905474 0.16341
0 0.149424 0.174494 0.121982 0.110148
0 0.184473 0.398917 0.096424 0.147071
0 0.450226 0.392437 0.0616604 0.111249
0 0.230254 0.348665 0.0704776 0.15625
0 0.365662 0.166782 0.0764346 0.0863487
0 0.440785 0.413122 0.0743114 0.158328
0 0.0223732 0.12859 0.041491 0.119665
0 0.832798 0.834037 0.158192 0.158745
0 0.571119 0.748623 0.100877 0.261496
0 0.312102 0.805312 0.126669 0.29078
0 0.63152 0.678814 0.097742 0.186397
0 0.595694 0.493917 0.0851105 0.167797
0 0.502978 0.822709 0.110234 0.32707
0 0.514318 0.458732 0.0856579 0.138056
0 0.217164 0.566948 0.113998 0.11296
0 0.352043 0.54435 0.0630399 0.185324
0 0.818797 0.47151 0.0766949 0.081086
0 0.405115 0.580712 0.0398115 0.124195
0 0.315802 0.257595 0.0962528 0.158028
0 0.425391 0.437671 0.0759833 0.215071
0 0.931052 0.66261 0.0793881 0.092789
0 0.705449 0.679392 0.0674554 0.178859
0 0.494991 0.551184 0.0943104 0.129401
0 0.672257 0.859592 0.101309 0.198813
0 0.863997 0.5945 0.0905474 0.16341
0 0.149424 0.174494 0.121982 0.110148
0 0.184473 0.398917 0.096424 0.147071
0 0.450226 0.392437 0.0616604 0.111249
0 0.230254 0.348665 0.0704776 0.15625
0 0.365662 0.166782 0.0764346 0.0863487
0 0.440785 0.413122 0.0743114 0.158328
0 0.0223732 0.12859 0.041491 0.119665
0 0.138406 0.176357 0.139228 0.110894
0 0.62573 0.668667 0.0893538 0.16982
0 0.213665 0.568798 0.108338 0.116217
0 0.59139 0.491124 0.085777 0.158098
0 0.315739 0.266211 0.102939 0.142258
0 0.515508 0.453373 0.0798231 0.130716
0 0.495476 0.553433 0.104075 0.118254
0 0.571579 0.758862 0.099427 0.247962
0 0.83265 0.834631 0.159711 0.161199
0 0.308228 0.815971 0.141156 0.310255
0 0.35197 0.559496 0.0837199 0.185033
0 0.363434 0.167943 0.0727081 0.0816767
0 0.497557 0.819249 0.109187 0.314186
0 0.683914 0.871224 0.0876184 0.180364
0 0.820409 0.477831 0.0796529 0.0805873
0 0.410391 0.575367 0.0394433 0.110564
0 0.213876 0.33981 0.0759831 0.15685
0 0.644578 0.794454 0.0720853 0.1864
0 0.706855 0.654309 0.0682795 0.193314
0 0.868092 0.588827 0.104745 0.162761
0 0.680052 0.266832 0.0653622 0.0754169
0 0.930338 0.660143 0.0832459 0.09079
0 0.450588 0.391401 0.0650324 0.107479
0 0.111005 0.0934797 0.13547 0.104326
0 0.0332583 0.525019 0.0647572 0.185724
0 0.43345 0.450225 0.072951 0.198335
0 0.648298 0.813265 0.0803928 0.250868
0 0.675957 0.868389 0.112136 0.207434
