0 0.916039 0.110272 0.155495 0.105333
0 0.765462 0.231146 0.123305 0.0985978
0 0.644857 0.402386 0.334448 0.284216
0 0.208494 0.350995 0.185543 0.233072
0 0.0991085 0.207222 0.198217 0.224436
0 0.31638 0.0803292 0.098274 0.0691541
0 0.495858 0.0706721 0.142135 0.125264
0 0.888388 0.56474 0.136763 0.141423
0 0.716071 0.11503 0.111578 0.0837441
0 0.916039 0.110272 0.155495 0.105333
0 0.765462 0.231146 0.123305 0.0985978
0 0.644857 0.402386 0.334448 0.284216
0 0.208494 0.350995 0.185543 0.233072
0 0.0991085 0.207222 0.198217 0.224436
0 0.31638 0.0803292 0.098274 0.0691541
0 0.495858 0.0706721 0.142135 0.125264
0 0.888388 0.56474 0.136763 0.141423
0 0.716071 0.11503 0.111578 0.0837441
0 0.0783442 0.339987 0.139452 0.158221
0 0.631656 0.402682 0.325419 0.261406
0 0.501556 0.0762761 0.138586 0.119573
0 0.759738 0.240093 0.122589 0.0927352
0 0.0966669 0.211751 0.193334 0.235412
0 0.317786 0.0872325 0.0929121 0.0618429
0 0.952266 0.268844 0.0954678 0.132033
0 0.914219 0.113071 0.140044 0.095224
0 0.75841 0.341689 0.112418 0.169131
0 0.217546 0.369392 0.147352 0.223177
0 0.858218 0.196387 0.125686 0.0668389
0 0.180876 0.0925627 0.0942944 0.0968518
