0 0.0613943 0.495253 0.120518 0.177573
0 0.211217 0.36412 0.166612 0.159837
0 0.354337 0.586247 0.182774 0.157474
0 0.556449 0.333825 0.062933 0.13831
0 0.672379 0.274574 0.108605 0.114711
0 0.775406 0.860302 0.350442 0.279397
0 0.143414 0.842631 0.125231 0.238821
0 0.300307 0.0488437 0.111889 0.0940646
0 0.571125 0.046331 0.119351 0.08889
0 0.0613943 0.495253 0.120518 0.177573
0 0.211217 0.36412 0.166612 0.159837
0 0.354337 0.586247 0.182774 0.157474
0 0.556449 0.333825 0.062933 0.13831
0 0.672379 0.274574 0.108605 0.114711
0 0.775406 0.860302 0.350442 0.279397
0 0.143414 0.842631 0.125231 0.238821
0 0.300307 0.0488437 0.111889 0.0940646
0 0.571125 0.046331 0.119351 0.08889
0 0.217041 0.362639 0.158088 0.160259
0 0.068748 0.507776 0.136769 0.181026
0 0.138654 0.840782 0.128783 0.235261
0 0.66003 0.271997 0.0870504 0.101929
0 0.374393 0.58085 0.120452 0.139216
0 0.554298 0.33659 0.0475348 0.117186
