0 0.252436 0.767502 0.179809 0.306353
0 0.7944 0.813881 0.165829 0.152016
0 0.628009 0.657765 0.116918 0.241167
0 0.537425 0.365255 0.072316 0.166534
0 0.544 0.656352 0.117844 0.256674
0 0.114843 0.222667 0.178378 0.151819
0 0.932681 0.831508 0.130637 0.285112
0 0.696165 0.89005 0.113577 0.196769
0 0.31522 0.498347 0.0899048 0.14546
0 0.184556 0.5957 0.123956 0.135475
0 0.0600069 0.847368 0.113475 0.305265
0 0.27454 0.233703 0.114839 0.136506
0 0.482982 0.750436 0.122118 0.251163
0 0.388641 0.535523 0.0503182 0.135338
0 0.485933 0.76491 0.146347 0.325073
0 0.480174 0.394922 0.0718079 0.114176
0 0.0680831 0.812736 0.136166 0.374529
0 0.847804 0.510005 0.124001 0.168472
0 0.14494 0.389137 0.115375 0.13249
0 0.924788 0.829591 0.150424 0.340818
0 0.433535 0.38277 0.0841408 0.0811055
0 0.654905 0.47134 0.0434843 0.1085
0 0.924464 0.596875 0.0764843 0.100476
0 0.720779 0.548275 0.0435295 0.120571
0 0.637611 0.668049 0.08859 0.230996
0 0.0340957 0.389684 0.0681913 0.13246
0 0.623057 0.220412 0.0620863 0.0632444
0 0.16765 0.320788 0.0966497 0.120241
0 0.796472 0.416341 0.0733967 0.0687779
0 0.252436 0.767502 0.179809 0.306353
0 0.7944 0.813881 0.165829 0.152016
0 0.628009 0.657765 0.116918 0.241167
0 0.537425 0.365255 0.072316 0.166534
0 0.544 0.656352 0.117844 0.256674
0 0.114843 0.222667 0.178378 0.151819
0 0.932681 0.831508 0.130637 0.285112
0 0.696165 0.89005 0.113577 0.196769
0 0.31522 0.498347 0.0899048 0.14546
0 0.184556 0.5957 0.123956 0.135475
0 0.0600069 0.847368 0.113475 0.305265
0 0.27454 0.233703 0.114839 0.136506
0 0.482982 0.750436 0.122118 0.251163
0 0.388641 0.535523 0.0503182 0.135338
0 0.485933 0.76491 0.146347 0.325073
0 0.480174 0.394922 0.0718079 0.114176
0 0.0680831 0.812736 0.136166 0.374529
0 0.847804 0.510005 0.124001 0.168472
0 0.14494 0.389137 0.115375 0.13249
0 0.924788 0.829591 0.150424 0.340818
0 0.433535 0.38277 0.0841408 0.0811055
0 0.654905 0.47134 0.0434843 0.1085
0 0.924464 0.596875 0.0764843 0.100476
0 0.720779 0.548275 0.0435295 0.120571
0 0.637611 0.668049 0.08859 0.230996
0 0.0340957 0.389684 0.0681913 0.13246
0 0.623057 0.220412 0.0620863 0.0632444
0 0.16765 0.320788 0.0966497 0.120241
0 0.796472 0.416341 0.0733967 0.0687779
0 0.792122 0.818956 0.15287 0.138853
0 0.625377 0.634989 0.124115 0.182385
0 0.153579 0.33036 0.135684 0.137592
0 0.540566 0.655493 0.117544 0.250438
0 0.27781 0.244758 0.0970807 0.132672
0 0.255469 0.779461 0.190889 0.29936
0 0.699563 0.88442 0.117541 0.192075
0 0.104289 0.215776 0.154499 0.134794
0 0.849185 0.503197 0.116246 0.135298
0 0.308117 0.492055 0.0830076 0.121985
0 0.926875 0.84782 0.146251 0.304359
0 0.48476 0.777063 0.136526 0.302944
0 0.537092 0.366943 0.0812255 0.151577
0 0.796759 0.425438 0.0717354 0.0662802
0 0.186561 0.604721 0.120685 0.144269
0 0.482894 0.404248 0.0711808 0.111799
0 0.438237 0.279469 0.0890834 0.110404
0 0.0588161 0.81819 0.115625 0.363619
0 0.926461 0.600916 0.0839471 0.0944071
0 0.042338 0.0937497 0.0846759 0.11124
0 0.391522 0.544646 0.044932 0.117589
0 0.0316598 0.398316 0.0633196 0.124357
0 0.725648 0.544385 0.0424226 0.129942
0 0.654546 0.469553 0.0498917 0.111479
