0 0.600641 0.345042 0.119412 0.120225
0 0.629071 0.160318 0.149465 0.164582
0 0.531495 0.583741 0.100101 0.182017
0 0.504976 0.838008 0.0595663 0.187668
0 0.736742 0.898566 0.121597 0.170662
0 0.826154 0.290442 0.115261 0.096348
0 0.502632 0.454904 0.0997295 0.17786
0 0.611973 0.470834 0.0929213 0.155002
0 0.107458 0.52145 0.211989 0.234836
0 0.459187 0.688699 0.108446 0.147547
0 0.600641 0.345042 0.119412 0.120225
0 0.629071 0.160318 0.149465 0.164582
0 0.531495 0.583741 0.100101 0.182017
0 0.504976 0.838008 0.0595663 0.187668
0 0.736742 0.898566 0.121597 0.170662
0 0.826154 0.290442 0.115261 0.096348
0 0.502632 0.454904 0.0997295 0.17786
0 0.611973 0.470834 0.0929213 0.155002
0 0.107458 0.52145 0.211989 0.234836
0 0.459187 0.688699 0.108446 0.147547
0 0.596755 0.357312 0.112082 0.0994835
0 0.616034 0.165106 0.190817 0.195475
0 0.499644 0.449489 0.089279 0.155302
0 0.828725 0.298277 0.124114 0.115996
0 0.506235 0.835626 0.0668407 0.174048
0 0.529085 0.57813 0.0872783 0.189287
0 0.187739 0.320293 0.105343 0.0694876
0 0.797827 0.0890984 0.134828 0.116514
0 0.0397196 0.176855 0.0776401 0.0731253
0 0.338258 0.376382 0.082078 0.13455
