0 0.800108 0.635674 0.160688 0.150602
0 0.825369 0.873769 0.320095 0.252463
0 0.484518 0.386379 0.135374 0.136649
0 0.215581 0.696627 0.319646 0.254301
0 0.833558 0.211103 0.332884 0.347958
0 0.348194 0.247658 0.305303 0.275736
0 0.251369 0.549418 0.130216 0.102313
0 0.712382 0.295818 0.150251 0.135151
0 0.205353 0.713143 0.379751 0.314208
0 0.767468 0.881746 0.372286 0.236507
0 0.529531 0.140432 0.256018 0.215159
0 0.159837 0.0920865 0.209911 0.177901
0 0.0500298 0.730971 0.0946798 0.191164
0 0.978993 0.651487 0.03941 0.17509
0 0.370361 0.295061 0.346968 0.219252
0 0.067687 0.518945 0.125012 0.178961
0 0.800108 0.635674 0.160688 0.150602
0 0.825369 0.873769 0.320095 0.252463
0 0.484518 0.386379 0.135374 0.136649
0 0.215581 0.696627 0.319646 0.254301
0 0.833558 0.211103 0.332884 0.347958
0 0.348194 0.247658 0.305303 0.275736
0 0.251369 0.549418 0.130216 0.102313
0 0.712382 0.295818 0.150251 0.135151
0 0.205353 0.713143 0.379751 0.314208
0 0.767468 0.881746 0.372286 0.236507
0 0.529531 0.140432 0.256018 0.215159
0 0.159837 0.0920865 0.209911 0.177901
0 0.0500298 0.730971 0.0946798 0.191164
0 0.978993 0.651487 0.03941 0.17509
0 0.370361 0.295061 0.346968 0.219252
0 0.067687 0.518945 0.125012 0.178961
0 0.797325 0.641063 0.180518 0.145143
0 0.483542 0.402587 0.1395 0.173929
0 0.800513 0.875259 0.396571 0.249483
0 0.814324 0.263582 0.371352 0.439251
0 0.200531 0.700437 0.342661 0.262574
0 0.251257 0.558468 0.116228 0.118797
0 0.465558 0.909481 0.134452 0.165866
0 0.0776643 0.528714 0.155329 0.273207
0 0.508089 0.13465 0.119592 0.172479
0 0.832563 0.0764582 0.194138 0.152916
0 0.8242 0.202118 0.3516 0.370302
0 0.145859 0.197016 0.291718 0.334457
0 0.586805 0.374175 0.10106 0.103057
