0 0.683203 0.179723 0.189258 0.204178
0 0.795873 0.0849843 0.185315 0.169969
0 0.750591 0.4921 0.0997728 0.111057
0 0.565856 0.0641224 0.140705 0.127605
0 0.683203 0.179723 0.189258 0.204178
0 0.795873 0.0849843 0.185315 0.169969
0 0.750591 0.4921 0.0997728 0.111057
0 0.565856 0.0641224 0.140705 0.127605
0 0.689145 0.179701 0.183913 0.21894
0 0.756033 0.505486 0.0973566 0.0941542
0 0.795838 0.0975598 0.171991 0.19512
0 0.586857 0.0794104 0.116642 0.0664551
0 0.0561496 0.189701 0.0572341 0.0471809
0 0.136005 0.631192 0.0645013 0.100342
0 0.91115 0.540903 0.125557 0.171607
0 0.424159 0.0891774 0.0562212 0.060584
0 0.0565126 0.181299 0.0567535 0.0482766
0 0.226192 0.92126 0.111471 0.157481
0 0.744196 0.670332 0.0576408 0.0463373
0 0.0405245 0.261602 0.0713278 0.0497459
