0 0.221623 0.644527 0.106427 0.130113
0 0.32257 0.473326 0.116949 0.0931152
0 0.032589 0.612998 0.0651779 0.171307
0 0.409748 0.381577 0.139062 0.127718
0 0.221623 0.644527 0.106427 0.130113
0 0.32257 0.473326 0.116949 0.0931152
0 0.032589 0.612998 0.0651779 0.171307
0 0.409748 0.381577 0.139062 0.127718
0 0.0451566 0.154387 0.0903133 0.0783316
0 0.314431 0.478853 0.114133 0.084432
0 0.220219 0.64268 0.0996675 0.131652
0 0.110201 0.222979 0.0695492 0.0526385
0 0.415642 0.379736 0.116643 0.102555
0 0.036897 0.837817 0.0737941 0.200525
0 0.0337595 0.619482 0.067519 0.170493
