0 0.381002 0.39711 0.287323 0.292618
0 0.322947 0.0436538 0.122652 0.0873077
0 0.396449 0.221016 0.140505 0.142562
0 0.231905 0.537999 0.0904518 0.186348
0 0.211502 0.348379 0.136464 0.23601
0 0.756944 0.232623 0.101407 0.0827255
0 0.812542 0.928724 0.117305 0.142552
0 0.381002 0.39711 0.287323 0.292618
0 0.322947 0.0436538 0.122652 0.0873077
0 0.396449 0.221016 0.140505 0.142562
0 0.231905 0.537999 0.0904518 0.186348
0 0.211502 0.348379 0.136464 0.23601
0 0.756944 0.232623 0.101407 0.0827255
0 0.812542 0.928724 0.117305 0.142552
0 0.322897 0.0436351 0.108907 0.0806993
0 0.378317 0.400008 0.261986 0.291013
0 0.761702 0.235749 0.104914 0.0749052
0 0.212764 0.346724 0.121721 0.243499
0 0.397279 0.222311 0.138524 0.169748
0 0.225893 0.515562 0.0905639 0.222419
0 0.26584 0.11204 0.111222 0.0772415
0 0.278687 0.425529 0.0929259 0.119474
0 0.889543 0.336808 0.0981398 0.118917
0 0.838176 0.821575 0.323649 0.290471
