0 0.451904 0.107259 0.13662 0.138987
0 0.59806 0.441169 0.108227 0.0872914
0 0.704122 0.281191 0.187252 0.137956
0 0.843885 0.268942 0.192781 0.127566
0 0.118107 0.097492 0.132583 0.0954211
0 0.973002 0.417813 0.0480293 0.100596
0 0.451904 0.107259 0.13662 0.138987
0 0.59806 0.441169 0.108227 0.0872914
0 0.704122 0.281191 0.187252 0.137956
0 0.843885 0.268942 0.192781 0.127566
0 0.118107 0.097492 0.132583 0.0954211
0 0.973002 0.417813 0.0480293 0.100596
0 0.706306 0.283926 0.190382 0.148788
0 0.84039 0.269958 0.214932 0.13805
0 0.594187 0.444172 0.125059 0.0980729
0 0.119233 0.106742 0.146144 0.0980916
0 0.448741 0.110196 0.1331 0.130663
