0 0.426646 0.272469 0.13995 0.142165
0 0.412222 0.820732 0.181476 0.304222
0 0.673647 0.173631 0.151606 0.127904
0 0.598113 0.558961 0.205893 0.166978
0 0.799215 0.17586 0.136485 0.0922116
0 0.831828 0.42512 0.141508 0.160923
0 0.398892 0.169084 0.0947149 0.0926261
0 0.519451 0.0917832 0.0929225 0.0662715
0 0.0900727 0.182719 0.138267 0.119389
0 0.312645 0.164868 0.051436 0.107963
0 0.151165 0.521444 0.0746448 0.10917
0 0.426646 0.272469 0.13995 0.142165
0 0.412222 0.820732 0.181476 0.304222
0 0.673647 0.173631 0.151606 0.127904
0 0.598113 0.558961 0.205893 0.166978
0 0.799215 0.17586 0.136485 0.0922116
0 0.831828 0.42512 0.141508 0.160923
0 0.398892 0.169084 0.0947149 0.0926261
0 0.519451 0.0917832 0.0929225 0.0662715
0 0.0900727 0.182719 0.138267 0.119389
0 0.312645 0.164868 0.051436 0.107963
0 0.151165 0.521444 0.0746448 0.10917
0 0.616934 0.554289 0.163543 0.129989
0 0.424656 0.275915 0.132815 0.137158
0 0.673502 0.176658 0.176133 0.128939
0 0.405624 0.828381 0.168353 0.283435
0 0.513336 0.0900953 0.105704 0.0784239
0 0.828326 0.423642 0.135153 0.143849
0 0.170005 0.097261 0.100888 0.0899002
0 0.101646 0.215936 0.174916 0.188305
0 0.800039 0.174582 0.134211 0.0724875
0 0.680774 0.175918 0.156412 0.100349
0 0.210819 0.181219 0.0987667 0.130872
