0 0.727023 0.701385 0.235706 0.243768
0 0.713446 0.918564 0.109753 0.162872
0 0.355608 0.585573 0.293221 0.208742
0 0.0522374 0.551865 0.0915025 0.173363
0 0.925531 0.869165 0.0807167 0.140458
0 0.961566 0.586421 0.0673306 0.134047
0 0.868708 0.616331 0.105245 0.139944
0 0.94415 0.715501 0.0817326 0.121542
0 0.416729 0.883809 0.0922628 0.18706
0 0.752265 0.498242 0.0878299 0.0918332
0 0.727023 0.701385 0.235706 0.243768
0 0.713446 0.918564 0.109753 0.162872
0 0.355608 0.585573 0.293221 0.208742
0 0.0522374 0.551865 0.0915025 0.173363
0 0.925531 0.869165 0.0807167 0.140458
0 0.961566 0.586421 0.0673306 0.134047
0 0.868708 0.616331 0.105245 0.139944
0 0.94415 0.715501 0.0817326 0.121542
0 0.416729 0.883809 0.0922628 0.18706
0 0.752265 0.498242 0.0878299 0.0918332
0 0.72487 0.688929 0.233724 0.248622
0 0.929301 0.867231 0.0714073 0.139356
0 0.0514063 0.5536 0.0962265 0.211602
0 0.532378 0.390415 0.131993 0.116114
0 0.36902 0.569329 0.276196 0.190868
0 0.185679 0.597414 0.0656591 0.296962
0 0.404603 0.889394 0.10919 0.221213
0 0.229831 0.160974 0.0779165 0.100313
0 0.340031 0.560293 0.235598 0.164411
0 0.881549 0.620086 0.0899876 0.0968401
0 0.709878 0.911058 0.121379 0.165543
0 0.0446967 0.28935 0.0874534 0.125633
0 0.404761 0.596104 0.206785 0.219872
