0 0.555104 0.589666 0.119222 0.111643
0 0.768433 0.630282 0.124 0.129771
0 0.862332 0.640235 0.114448 0.150746
0 0.634367 0.446891 0.0387805 0.1105
0 0.957196 0.537811 0.0856073 0.10823
0 0.717151 0.550319 0.056048 0.159681
0 0.966485 0.845575 0.0622215 0.120804
0 0.555104 0.589666 0.119222 0.111643
0 0.768433 0.630282 0.124 0.129771
0 0.862332 0.640235 0.114448 0.150746
0 0.634367 0.446891 0.0387805 0.1105
0 0.957196 0.537811 0.0856073 0.10823
0 0.717151 0.550319 0.056048 0.159681
0 0.966485 0.845575 0.0622215 0.120804
0 0.864762 0.641229 0.116396 0.141561
0 0.559986 0.588492 0.108415 0.104299
0 0.250888 0.297775 0.111277 0.0966235
0 0.769794 0.633217 0.122422 0.114513
0 0.0374214 0.211783 0.0748429 0.0666395
0 0.957933 0.540929 0.0841341 0.111825
