0 0.688643 0.385968 0.153365 0.11821
0 0.820453 0.55919 0.21743 0.267065
0 0.516799 0.506848 0.215782 0.399796
0 0.667734 0.231547 0.133358 0.246585
0 0.249506 0.473452 0.318263 0.447725
0 0.513444 0.459848 0.218273 0.270318
0 0.565348 0.237611 0.105908 0.108471
0 0.364961 0.182548 0.108803 0.140887
0 0.445706 0.301343 0.114538 0.14023
0 0.266048 0.510107 0.41741 0.483831
0 0.688643 0.385968 0.153365 0.11821
0 0.820453 0.55919 0.21743 0.267065
0 0.516799 0.506848 0.215782 0.399796
0 0.667734 0.231547 0.133358 0.246585
0 0.249506 0.473452 0.318263 0.447725
0 0.513444 0.459848 0.218273 0.270318
0 0.565348 0.237611 0.105908 0.108471
0 0.364961 0.182548 0.108803 0.140887
0 0.445706 0.301343 0.114538 0.14023
0 0.266048 0.510107 0.41741 0.483831
0 0.686281 0.390481 0.164971 0.116925
0 0.644005 0.214674 0.167425 0.222595
0 0.825568 0.568517 0.207739 0.246918
0 0.57279 0.249903 0.146608 0.126237
0 0.365044 0.186202 0.120504 0.151158
0 0.515568 0.510256 0.212012 0.360258
0 0.947463 0.694187 0.105073 0.183445
0 0.892638 0.421599 0.0760258 0.0551785
0 0.439948 0.194555 0.0780178 0.0864868
0 0.859611 0.202338 0.0652697 0.0961044
0 0.119239 0.204102 0.0780164 0.0807917
