0 0.834519 0.499835 0.187562 0.200843
0 0.370902 0.232301 0.150659 0.161627
0 0.222375 0.304504 0.166699 0.266376
0 0.266824 0.838795 0.231274 0.316359
0 0.942392 0.798734 0.113374 0.244852
0 0.427796 0.567305 0.197281 0.327325
0 0.725511 0.0681408 0.106489 0.105168
0 0.353974 0.421162 0.0613457 0.14518
0 0.930895 0.46463 0.137943 0.142745
0 0.408056 0.532398 0.142988 0.208204
0 0.710205 0.623732 0.151777 0.125953
0 0.255612 0.785965 0.261325 0.428071
0 0.0405754 0.794206 0.0803007 0.244317
0 0.379292 0.246132 0.17877 0.197611
0 0.830976 0.483693 0.161907 0.155563
0 0.296136 0.448286 0.0508679 0.0768867
0 0.748302 0.909127 0.133188 0.163423
0 0.834519 0.499835 0.187562 0.200843
0 0.370902 0.232301 0.150659 0.161627
0 0.222375 0.304504 0.166699 0.266376
0 0.266824 0.838795 0.231274 0.316359
0 0.942392 0.798734 0.113374 0.244852
0 0.427796 0.567305 0.197281 0.327325
0 0.725511 0.0681408 0.106489 0.105168
0 0.353974 0.421162 0.0613457 0.14518
0 0.930895 0.46463 0.137943 0.142745
0 0.408056 0.532398 0.142988 0.208204
0 0.710205 0.623732 0.151777 0.125953
0 0.255612 0.785965 0.261325 0.428071
0 0.0405754 0.794206 0.0803007 0.244317
0 0.379292 0.246132 0.17877 0.197611
0 0.830976 0.483693 0.161907 0.155563
0 0.296136 0.448286 0.0508679 0.0768867
0 0.748302 0.909127 0.133188 0.163423
0 0.372659 0.255875 0.175714 0.206751
0 0.259408 0.848192 0.264971 0.255377
0 0.858272 0.507398 0.227023 0.238574
0 0.217626 0.318384 0.137137 0.268128
0 0.573776 0.522837 0.0673882 0.0726457
0 0.434906 0.575686 0.190808 0.324933
0 0.690207 0.628785 0.158513 0.147384
0 0.564904 0.431937 0.354895 0.334217
0 0.0455039 0.77352 0.0893783 0.225436
0 0.269518 0.682028 0.057789 0.0427233
0 0.813674 0.153512 0.0921806 0.0974847
0 0.956922 0.22196 0.082362 0.131625
0 0.289919 0.867729 0.185491 0.255618
