0 0.905446 0.77647 0.189107 0.387806
0 0.0898255 0.153714 0.116047 0.0874672
0 0.236801 0.336892 0.0887491 0.0742645
0 0.269022 0.127165 0.155263 0.111083
0 0.481039 0.314529 0.0575378 0.123588
0 0.94809 0.376938 0.0988068 0.154548
0 0.382145 0.191413 0.0739232 0.0749149
0 0.82179 0.493382 0.0872658 0.146226
0 0.905446 0.77647 0.189107 0.387806
0 0.0898255 0.153714 0.116047 0.0874672
0 0.236801 0.336892 0.0887491 0.0742645
0 0.269022 0.127165 0.155263 0.111083
0 0.481039 0.314529 0.0575378 0.123588
0 0.94809 0.376938 0.0988068 0.154548
0 0.382145 0.191413 0.0739232 0.0749149
0 0.82179 0.493382 0.0872658 0.146226
0 0.262085 0.129158 0.181612 0.113793
0 0.0893426 0.160907 0.12333 0.0920376
0 0.949924 0.375822 0.0974354 0.125162
0 0.825369 0.492673 0.0885906 0.152104
0 0.89578 0.758852 0.159507 0.36835
0 0.290285 0.834592 0.0671134 0.0748186
0 0.481549 0.309995 0.0561655 0.121681
0 0.0431514 0.793216 0.0863027 0.218436
0 0.240127 0.337557 0.0989767 0.0639257
