0 0.928546 0.899246 0.134295 0.201508
0 0.725537 0.65568 0.107785 0.091495
0 0.353688 0.826987 0.0663426 0.166136
0 0.745265 0.863997 0.12601 0.202943
0 0.477059 0.874707 0.0535742 0.179437
0 0.615518 0.909134 0.099167 0.181731
0 0.565027 0.669525 0.10868 0.11956
0 0.875458 0.757573 0.104696 0.120162
0 0.568491 0.555913 0.104375 0.137762
0 0.81976 0.917639 0.145417 0.164721
0 0.683801 0.45251 0.146254 0.131882
0 0.124012 0.383422 0.104536 0.0724138
0 0.462211 0.541894 0.0845095 0.178705
0 0.965154 0.507349 0.0674528 0.142702
0 0.194847 0.533527 0.0760821 0.241656
0 0.976617 0.649528 0.0467668 0.0881738
0 0.680973 0.501908 0.185106 0.238029
0 0.371678 0.63478 0.0424743 0.158413
0 0.656326 0.538253 0.14913 0.161013
0 0.0938026 0.449377 0.153319 0.114728
0 0.199603 0.578535 0.0787649 0.283448
0 0.630392 0.632914 0.053264 0.0800576
0 0.928546 0.899246 0.134295 0.201508
0 0.725537 0.65568 0.107785 0.091495
0 0.353688 0.826987 0.0663426 0.166136
0 0.745265 0.863997 0.12601 0.202943
0 0.477059 0.874707 0.0535742 0.179437
0 0.615518 0.909134 0.099167 0.181731
0 0.565027 0.669525 0.10868 0.11956
0 0.875458 0.757573 0.104696 0.120162
0 0.568491 0.555913 0.104375 0.137762
0 0.81976 0.917639 0.145417 0.164721
0 0.683801 0.45251 0.146254 0.131882
0 0.124012 0.383422 0.104536 0.0724138
0 0.462211 0.541894 0.0845095 0.178705
0 0.965154 0.507349 0.0674528 0.142702
0 0.194847 0.533527 0.0760821 0.241656
0 0.976617 0.649528 0.0467668 0.0881738
0 0.680973 0.501908 0.185106 0.238029
0 0.371678 0.63478 0.0424743 0.158413
0 0.656326 0.538253 0.14913 0.161013
0 0.0938026 0.449377 0.153319 0.114728
0 0.199603 0.578535 0.0787649 0.283448
0 0.630392 0.632914 0.053264 0.0800576
0 0.56341 0.670078 0.123152 0.107137
0 0.651744 0.533284 0.136983 0.157534
0 0.611872 0.911456 0.0855293 0.171513
0 0.355692 0.824507 0.0605705 0.171772
0 0.927609 0.882439 0.144783 0.235121
0 0.724839 0.655074 0.103893 0.0803376
0 0.749521 0.866513 0.125153 0.209922
0 0.583833 0.587966 0.130156 0.190895
0 0.877376 0.771207 0.0943474 0.0914135
0 0.210169 0.486648 0.0959595 0.231477
0 0.46806 0.533473 0.0675346 0.193453
0 0.103487 0.453799 0.113036 0.0925407
0 0.0375234 0.560435 0.0700574 0.201044
0 0.964318 0.49221 0.0629448 0.132436
0 0.918205 0.715206 0.0530514 0.0815494
0 0.524018 0.333669 0.0879625 0.0558016
0 0.191562 0.324923 0.0946075 0.113025
0 0.830002 0.932917 0.148131 0.127501
0 0.499809 0.478765 0.0558949 0.0698486
0 0.200726 0.32228 0.119123 0.130215
0 0.687644 0.46493 0.144302 0.154479
0 0.479326 0.869112 0.0419909 0.179544
