0 0.902184 0.808274 0.190192 0.221292
0 0.137351 0.134091 0.223719 0.186115
0 0.808221 0.591966 0.0566256 0.209968
0 0.633022 0.0505013 0.135061 0.101003
0 0.926488 0.40778 0.146767 0.230123
0 0.393571 0.495385 0.0902889 0.220929
0 0.493054 0.0412441 0.127708 0.0824882
0 0.698773 0.396578 0.117755 0.115633
0 0.531003 0.394751 0.0413008 0.14956
0 0.678158 0.56488 0.0749421 0.102642
0 0.754057 0.109526 0.140495 0.130377
0 0.681933 0.211283 0.0459057 0.117659
0 0.318337 0.537097 0.0853345 0.157986
0 0.937502 0.636128 0.124996 0.147138
0 0.902184 0.808274 0.190192 0.221292
0 0.137351 0.134091 0.223719 0.186115
0 0.808221 0.591966 0.0566256 0.209968
0 0.633022 0.0505013 0.135061 0.101003
0 0.926488 0.40778 0.146767 0.230123
0 0.393571 0.495385 0.0902889 0.220929
0 0.493054 0.0412441 0.127708 0.0824882
0 0.698773 0.396578 0.117755 0.115633
0 0.531003 0.394751 0.0413008 0.14956
0 0.678158 0.56488 0.0749421 0.102642
0 0.754057 0.109526 0.140495 0.130377
0 0.681933 0.211283 0.0459057 0.117659
0 0.318337 0.537097 0.0853345 0.157986
0 0.937502 0.636128 0.124996 0.147138
0 0.130026 0.133948 0.192324 0.182751
0 0.642741 0.125044 0.0747552 0.0629464
0 0.751901 0.113029 0.127706 0.130131
0 0.810309 0.58562 0.0573383 0.220417
0 0.90246 0.791537 0.184738 0.207363
0 0.796608 0.854273 0.0600728 0.115362
