0 0.466536 0.265686 0.145376 0.14489
0 0.2843 0.663378 0.168857 0.172045
0 0.192524 0.734365 0.227307 0.165523
0 0.0436323 0.0580077 0.0872645 0.0794412
0 0.750932 0.409598 0.0759768 0.175215
0 0.240888 0.399383 0.0976618 0.157966
0 0.780777 0.824752 0.265032 0.31133
0 0.19483 0.0801026 0.0814505 0.0959121
0 0.818358 0.422338 0.0628882 0.121442
0 0.667201 0.116876 0.0926164 0.0761191
0 0.0282061 0.190182 0.0539038 0.124854
0 0.254865 0.323087 0.100916 0.200301
0 0.466536 0.265686 0.145376 0.14489
0 0.2843 0.663378 0.168857 0.172045
0 0.192524 0.734365 0.227307 0.165523
0 0.0436323 0.0580077 0.0872645 0.0794412
0 0.750932 0.409598 0.0759768 0.175215
0 0.240888 0.399383 0.0976618 0.157966
0 0.780777 0.824752 0.265032 0.31133
0 0.19483 0.0801026 0.0814505 0.0959121
0 0.818358 0.422338 0.0628882 0.121442
0 0.667201 0.116876 0.0926164 0.0761191
0 0.0282061 0.190182 0.0539038 0.124854
0 0.254865 0.323087 0.100916 0.200301
0 0.468493 0.267913 0.147072 0.143431
0 0.198586 0.735556 0.225404 0.173816
0 0.789745 0.831568 0.29948 0.320565
0 0.285223 0.664362 0.168098 0.172182
0 0.203007 0.098209 0.119635 0.122355
0 0.81542 0.421933 0.0693125 0.105471
0 0.661577 0.117526 0.0959156 0.0624065
0 0.754897 0.412076 0.0861293 0.161388
0 0.496578 0.0414979 0.105394 0.0771434
0 0.0422122 0.0568212 0.0844243 0.0865051
0 0.243353 0.407568 0.0876116 0.126614
0 0.0305933 0.18046 0.0611866 0.117146
