0 0.128058 0.131343 0.203021 0.183911
0 0.906143 0.802008 0.187715 0.217611
0 0.756934 0.109156 0.139947 0.131668
0 0.809462 0.587861 0.0568359 0.214471
0 0.93748 0.414811 0.121096 0.186496
0 0.937446 0.620473 0.123802 0.143044
0 0.642773 0.0436331 0.115371 0.0872663
0 0.487593 0.0397974 0.101265 0.0795949
0 0.638999 0.118621 0.0808106 0.0688552
0 0.610809 0.323925 0.0930851 0.182902
0 0.678292 0.557177 0.0780904 0.0917337
0 0.68643 0.224709 0.0570974 0.169594
0 0.702649 0.398613 0.113591 0.0974808
0 0.96978 0.121208 0.0604399 0.0891874
0 0.681356 0.210319 0.0506683 0.137212
0 0.158921 0.645732 0.085482 0.228431
0 0.318019 0.536809 0.087635 0.164358
0 0.128058 0.131343 0.203021 0.183911
0 0.906143 0.802008 0.187715 0.217611
0 0.756934 0.109156 0.139947 0.131668
0 0.809462 0.587861 0.0568359 0.214471
0 0.93748 0.414811 0.121096 0.186496
0 0.937446 0.620473 0.123802 0.143044
0 0.642773 0.0436331 0.115371 0.0872663
0 0.487593 0.0397974 0.101265 0.0795949
0 0.638999 0.118621 0.0808106 0.0688552
0 0.610809 0.323925 0.0930851 0.182902
0 0.678292 0.557177 0.0780904 0.0917337
0 0.68643 0.224709 0.0570974 0.169594
0 0.702649 0.398613 0.113591 0.0974808
0 0.96978 0.121208 0.0604399 0.0891874
0 0.681356 0.210319 0.0506683 0.137212
0 0.158921 0.645732 0.085482 0.228431
0 0.318019 0.536809 0.087635 0.164358
0 0.127221 0.13144 0.198972 0.185876
0 0.756643 0.113246 0.125509 0.13057
0 0.640797 0.121146 0.0718306 0.0642314
0 0.939852 0.417677 0.115874 0.185465
0 0.8132 0.584055 0.0535051 0.207401
0 0.900438 0.78765 0.198963 0.230634
0 0.959971 0.551237 0.0800154 0.149773
