0 0.211424 0.359704 0.185914 0.283947
0 0.208551 0.601568 0.184601 0.299964
0 0.681846 0.625246 0.273008 0.2835
0 0.800609 0.479633 0.130677 0.166694
0 0.080561 0.258751 0.13491 0.175645
0 0.915919 0.710092 0.142165 0.18706
0 0.121703 0.307622 0.0992906 0.202176
0 0.588545 0.352416 0.101302 0.266566
0 0.434276 0.258115 0.0500313 0.16739
0 0.732183 0.0617812 0.155191 0.120311
0 0.350586 0.439534 0.11042 0.167182
0 0.0626526 0.863734 0.121273 0.272531
0 0.948244 0.49056 0.103512 0.097257
0 0.0234107 0.0808962 0.0442349 0.154164
0 0.312714 0.140752 0.0854578 0.115896
0 0.211424 0.359704 0.185914 0.283947
0 0.208551 0.601568 0.184601 0.299964
0 0.681846 0.625246 0.273008 0.2835
0 0.800609 0.479633 0.130677 0.166694
0 0.080561 0.258751 0.13491 0.175645
0 0.915919 0.710092 0.142165 0.18706
0 0.121703 0.307622 0.0992906 0.202176
0 0.588545 0.352416 0.101302 0.266566
0 0.434276 0.258115 0.0500313 0.16739
0 0.732183 0.0617812 0.155191 0.120311
0 0.350586 0.439534 0.11042 0.167182
0 0.0626526 0.863734 0.121273 0.272531
0 0.948244 0.49056 0.103512 0.097257
0 0.0234107 0.0808962 0.0442349 0.154164
0 0.312714 0.140752 0.0854578 0.115896
0 0.68893 0.612864 0.248844 0.246807
0 0.21251 0.363907 0.192389 0.264299
0 0.207873 0.607251 0.182696 0.276489
0 0.920041 0.702184 0.135606 0.190106
0 0.074708 0.265944 0.137984 0.196594
0 0.800026 0.477529 0.131252 0.168274
0 0.593346 0.390907 0.100034 0.343247
0 0.856021 0.388149 0.0992277 0.077779
0 0.511243 0.348667 0.0453526 0.130624
0 0.436627 0.247883 0.0518457 0.208961
0 0.756629 0.35753 0.0919155 0.061205
0 0.120712 0.314626 0.0910597 0.181307
0 0.716494 0.0598549 0.177368 0.11971
0 0.378789 0.321575 0.0789708 0.0887461
0 0.671685 0.734953 0.0797303 0.171592
