0 0.569799 0.464441 0.225874 0.210384
0 0.550741 0.283479 0.156741 0.139409
0 0.471698 0.615809 0.204931 0.17503
0 0.110522 0.462253 0.107237 0.131668
0 0.248726 0.278815 0.0895813 0.152705
0 0.569799 0.464441 0.225874 0.210384
0 0.550741 0.283479 0.156741 0.139409
0 0.471698 0.615809 0.204931 0.17503
0 0.110522 0.462253 0.107237 0.131668
0 0.248726 0.278815 0.0895813 0.152705
0 0.550718 0.276642 0.1626 0.14857
0 0.469189 0.619029 0.190782 0.161382
0 0.567969 0.452899 0.230009 0.204003
0 0.887387 0.192859 0.0972866 0.0700922
0 0.249643 0.291927 0.120037 0.215923
0 0.127622 0.208357 0.245588 0.307408
0 0.820765 0.133704 0.0742852 0.0586572
