0 0.810101 0.514489 0.145337 0.176822
0 0.123855 0.271817 0.150977 0.21153
0 0.906542 0.707489 0.12865 0.210879
0 0.244229 0.64531 0.174776 0.225119
0 0.661062 0.780006 0.270419 0.251255
0 0.510753 0.324555 0.0769938 0.198603
0 0.693594 0.0670197 0.167368 0.134039
0 0.239701 0.391815 0.16544 0.253209
0 0.596269 0.380377 0.139712 0.372815
0 0.634312 0.610496 0.117957 0.1022
0 0.600901 0.359047 0.109935 0.32797
0 0.372815 0.337796 0.0694824 0.134349
0 0.439617 0.270306 0.05586 0.195041
0 0.828847 0.406094 0.104403 0.0862317
0 0.385641 0.479441 0.0764295 0.109333
0 0.91839 0.23896 0.138389 0.135999
0 0.521368 0.756267 0.0663128 0.139026
0 0.604275 0.417104 0.115601 0.338921
0 0.810101 0.514489 0.145337 0.176822
0 0.123855 0.271817 0.150977 0.21153
0 0.906542 0.707489 0.12865 0.210879
0 0.244229 0.64531 0.174776 0.225119
0 0.661062 0.780006 0.270419 0.251255
0 0.510753 0.324555 0.0769938 0.198603
0 0.693594 0.0670197 0.167368 0.134039
0 0.239701 0.391815 0.16544 0.253209
0 0.596269 0.380377 0.139712 0.372815
0 0.634312 0.610496 0.117957 0.1022
0 0.600901 0.359047 0.109935 0.32797
0 0.372815 0.337796 0.0694824 0.134349
0 0.439617 0.270306 0.05586 0.195041
0 0.828847 0.406094 0.104403 0.0862317
0 0.385641 0.479441 0.0764295 0.109333
0 0.91839 0.23896 0.138389 0.135999
0 0.521368 0.756267 0.0663128 0.139026
0 0.604275 0.417104 0.115601 0.338921
0 0.647575 0.782063 0.303204 0.265263
0 0.13068 0.266754 0.152634 0.199338
0 0.241253 0.386205 0.175058 0.261444
0 0.906895 0.70585 0.123349 0.195282
0 0.81541 0.516852 0.130111 0.173837
0 0.63221 0.606833 0.128883 0.121731
0 0.240023 0.653613 0.183082 0.257474
0 0.598321 0.383721 0.119028 0.311074
0 0.693649 0.0658594 0.163487 0.130935
0 0.443274 0.261285 0.055908 0.210785
0 0.372734 0.339076 0.0742441 0.125702
0 0.908684 0.235859 0.136153 0.139202
0 0.79894 0.4203 0.163633 0.105582
0 0.957156 0.330326 0.0808746 0.176458
