0 0.688349 0.530772 0.15045 0.14191
0 0.459297 0.265324 0.127258 0.126085
0 0.754416 0.188765 0.148282 0.112116
0 0.10528 0.430758 0.207507 0.152509
0 0.400058 0.834129 0.110205 0.268852
0 0.0992428 0.140583 0.166688 0.118708
0 0.867184 0.456447 0.114637 0.180458
0 0.841405 0.17399 0.101749 0.0829429
0 0.320159 0.181989 0.0768772 0.15293
0 0.111987 0.15505 0.195213 0.157898
0 0.422617 0.162889 0.0942543 0.0987143
0 0.547473 0.09233 0.0870247 0.0597151
0 0.688349 0.530772 0.15045 0.14191
0 0.459297 0.265324 0.127258 0.126085
0 0.754416 0.188765 0.148282 0.112116
0 0.10528 0.430758 0.207507 0.152509
0 0.400058 0.834129 0.110205 0.268852
0 0.0992428 0.140583 0.166688 0.118708
0 0.867184 0.456447 0.114637 0.180458
0 0.841405 0.17399 0.101749 0.0829429
0 0.320159 0.181989 0.0768772 0.15293
0 0.111987 0.15505 0.195213 0.157898
0 0.422617 0.162889 0.0942543 0.0987143
0 0.547473 0.09233 0.0870247 0.0597151
0 0.106668 0.174602 0.200075 0.182597
0 0.104834 0.441623 0.204871 0.17018
0 0.747279 0.190943 0.171627 0.1121
0 0.864503 0.446417 0.104255 0.134935
0 0.459537 0.26634 0.13567 0.127961
0 0.397063 0.836306 0.123043 0.271367
0 0.679494 0.534741 0.147602 0.134276
0 0.845243 0.16794 0.0949684 0.0651004
0 0.537596 0.0893787 0.113515 0.0711341
0 0.323442 0.183936 0.0855059 0.158587
0 0.114933 0.925626 0.229866 0.148749
0 0.672622 0.77476 0.183297 0.251408
0 0.255361 0.76036 0.0451862 0.0589837
