0 0.788633 0.429794 0.164201 0.147212
0 0.723793 0.574434 0.182834 0.254565
0 0.46618 0.381689 0.236943 0.233359
0 0.174273 0.752134 0.264273 0.227291
0 0.566112 0.743903 0.359029 0.339466
0 0.836366 0.564369 0.111908 0.14191
0 0.607164 0.790231 0.366431 0.419539
0 0.965843 0.734607 0.0609009 0.202814
0 0.908969 0.349542 0.118802 0.109302
0 0.150595 0.904869 0.297792 0.190262
0 0.165 0.467751 0.179963 0.189826
0 0.703529 0.762845 0.105268 0.151349
0 0.613591 0.512508 0.0479081 0.132655
0 0.581118 0.766623 0.534219 0.466754
0 0.911595 0.886333 0.12724 0.205425
0 0.13004 0.433036 0.101664 0.166083
0 0.375625 0.207635 0.17548 0.167739
0 0.712987 0.900174 0.0772017 0.188537
0 0.921191 0.55593 0.0869644 0.138061
0 0.788633 0.429794 0.164201 0.147212
0 0.723793 0.574434 0.182834 0.254565
0 0.46618 0.381689 0.236943 0.233359
0 0.174273 0.752134 0.264273 0.227291
0 0.566112 0.743903 0.359029 0.339466
0 0.836366 0.564369 0.111908 0.14191
0 0.607164 0.790231 0.366431 0.419539
0 0.965843 0.734607 0.0609009 0.202814
0 0.908969 0.349542 0.118802 0.109302
0 0.150595 0.904869 0.297792 0.190262
0 0.165 0.467751 0.179963 0.189826
0 0.703529 0.762845 0.105268 0.151349
0 0.613591 0.512508 0.0479081 0.132655
0 0.581118 0.766623 0.534219 0.466754
0 0.911595 0.886333 0.12724 0.205425
0 0.13004 0.433036 0.101664 0.166083
0 0.375625 0.207635 0.17548 0.167739
0 0.712987 0.900174 0.0772017 0.188537
0 0.921191 0.55593 0.0869644 0.138061
0 0.726992 0.589219 0.170994 0.248734
0 0.138532 0.907768 0.255283 0.157711
0 0.46952 0.389707 0.233464 0.244335
0 0.788485 0.428036 0.171201 0.145636
0 0.16095 0.483821 0.175128 0.173082
0 0.835253 0.565658 0.121457 0.132756
0 0.128675 0.435665 0.0895777 0.158508
0 0.905415 0.350327 0.111644 0.10495
0 0.613946 0.513284 0.0549653 0.137689
0 0.580156 0.780065 0.398394 0.42305
0 0.165795 0.705255 0.331591 0.309299
0 0.341129 0.215211 0.0789221 0.104204
0 0.708256 0.762529 0.0906388 0.139315
0 0.0951181 0.680817 0.190236 0.258564
0 0.908936 0.552851 0.131792 0.14609
0 0.230637 0.218701 0.0733469 0.0533534
0 0.915737 0.872607 0.156278 0.190184
0 0.970385 0.745886 0.05923 0.202353
0 0.0589878 0.36602 0.110339 0.155288
0 0.61396 0.783092 0.293318 0.433815
