0 0.259466 0.49102 0.172586 0.158431
0 0.910435 0.75142 0.179131 0.243134
0 0.402235 0.705056 0.164198 0.140178
0 0.0731354 0.314386 0.145855 0.178881
0 0.611172 0.45096 0.147904 0.207933
0 0.767017 0.726307 0.0672086 0.156447
0 0.0782981 0.0501678 0.156596 0.100336
0 0.388212 0.188507 0.208961 0.179125
0 0.755405 0.524507 0.121034 0.144494
0 0.937257 0.395832 0.125485 0.126967
0 0.611008 0.415043 0.178207 0.342024
0 0.191852 0.167574 0.0971365 0.107603
0 0.827498 0.577625 0.0864651 0.12552
0 0.259466 0.49102 0.172586 0.158431
0 0.910435 0.75142 0.179131 0.243134
0 0.402235 0.705056 0.164198 0.140178
0 0.0731354 0.314386 0.145855 0.178881
0 0.611172 0.45096 0.147904 0.207933
0 0.767017 0.726307 0.0672086 0.156447
0 0.0782981 0.0501678 0.156596 0.100336
0 0.388212 0.188507 0.208961 0.179125
0 0.755405 0.524507 0.121034 0.144494
0 0.937257 0.395832 0.125485 0.126967
0 0.611008 0.415043 0.178207 0.342024
0 0.191852 0.167574 0.0971365 0.107603
0 0.827498 0.577625 0.0864651 0.12552
0 0.254707 0.491576 0.161277 0.15075
0 0.611961 0.455017 0.152421 0.240409
0 0.773965 0.721072 0.0813906 0.142132
0 0.0734511 0.314197 0.137592 0.199728
0 0.408206 0.701038 0.16967 0.175148
0 0.0727905 0.0490149 0.145581 0.0980299
0 0.910194 0.774697 0.179613 0.239629
0 0.607453 0.66603 0.0795545 0.176245
0 0.711189 0.290463 0.0856319 0.103581
0 0.0980861 0.168558 0.0955106 0.0657215
0 0.390699 0.195204 0.217263 0.211143
0 0.922085 0.399229 0.153691 0.145069
0 0.751319 0.529246 0.108685 0.133326
0 0.916167 0.281275 0.10894 0.0653718
