0 0.441877 0.266628 0.141704 0.128754
0 0.699793 0.171138 0.149375 0.109291
0 0.403585 0.825146 0.141188 0.268065
0 0.637912 0.54367 0.189304 0.143325
0 0.823202 0.170938 0.117464 0.0820461
0 0.850809 0.441472 0.135244 0.19665
0 0.621539 0.554764 0.20544 0.175992
0 0.317789 0.168593 0.0756773 0.148866
0 0.412142 0.167024 0.0974292 0.102416
0 0.533829 0.0928685 0.0944866 0.0630344
0 0.181942 0.0897084 0.115446 0.0879783
0 0.0824013 0.166383 0.152151 0.119935
0 0.441877 0.266628 0.141704 0.128754
0 0.699793 0.171138 0.149375 0.109291
0 0.403585 0.825146 0.141188 0.268065
0 0.637912 0.54367 0.189304 0.143325
0 0.823202 0.170938 0.117464 0.0820461
0 0.850809 0.441472 0.135244 0.19665
0 0.621539 0.554764 0.20544 0.175992
0 0.317789 0.168593 0.0756773 0.148866
0 0.412142 0.167024 0.0974292 0.102416
0 0.533829 0.0928685 0.0944866 0.0630344
0 0.181942 0.0897084 0.115446 0.0879783
0 0.0824013 0.166383 0.152151 0.119935
0 0.635255 0.541279 0.165262 0.128893
0 0.104682 0.198288 0.209364 0.18444
0 0.435535 0.271721 0.131193 0.122717
0 0.696592 0.172558 0.177482 0.113547
0 0.399065 0.831569 0.15066 0.277861
0 0.849011 0.443387 0.124037 0.158815
0 0.830604 0.167201 0.104658 0.0673273
0 0.528091 0.0909477 0.102543 0.0687901
0 0.317265 0.169676 0.07167 0.136546
0 0.173195 0.748387 0.0958456 0.11078
0 0.0292086 0.405071 0.0584171 0.13632
0 0.230348 0.784786 0.0424084 0.0623806
