0 0.790177 0.574561 0.160472 0.225341
0 0.408951 0.377185 0.112837 0.129186
0 0.486797 0.677514 0.297074 0.27568
0 0.0649513 0.557924 0.129903 0.252554
0 0.348832 0.177364 0.110849 0.135731
0 0.710006 0.895576 0.179294 0.208849
0 0.944362 0.787377 0.111276 0.240169
0 0.307812 0.46746 0.16259 0.182534
0 0.0995998 0.338086 0.196928 0.227171
0 0.850265 0.823662 0.14547 0.318228
0 0.682797 0.26424 0.118201 0.126318
0 0.701216 0.379734 0.0577019 0.0999812
0 0.650895 0.429463 0.104994 0.180055
0 0.65938 0.438433 0.0799979 0.165631
0 0.75986 0.403175 0.0725918 0.144602
0 0.0756986 0.563718 0.151397 0.29922
0 0.790177 0.574561 0.160472 0.225341
0 0.408951 0.377185 0.112837 0.129186
0 0.486797 0.677514 0.297074 0.27568
0 0.0649513 0.557924 0.129903 0.252554
0 0.348832 0.177364 0.110849 0.135731
0 0.710006 0.895576 0.179294 0.208849
0 0.944362 0.787377 0.111276 0.240169
0 0.307812 0.46746 0.16259 0.182534
0 0.0995998 0.338086 0.196928 0.227171
0 0.850265 0.823662 0.14547 0.318228
0 0.682797 0.26424 0.118201 0.126318
0 0.701216 0.379734 0.0577019 0.0999812
0 0.650895 0.429463 0.104994 0.180055
0 0.65938 0.438433 0.0799979 0.165631
0 0.75986 0.403175 0.0725918 0.144602
0 0.0756986 0.563718 0.151397 0.29922
0 0.486551 0.672533 0.276203 0.298938
0 0.852025 0.825148 0.150596 0.290209
0 0.0746248 0.549058 0.14925 0.25399
0 0.708815 0.900421 0.159474 0.193593
0 0.413092 0.372694 0.117808 0.141291
0 0.789756 0.580597 0.156611 0.208166
0 0.935819 0.77388 0.126379 0.219696
0 0.342626 0.172512 0.106397 0.0994138
0 0.308172 0.467634 0.164021 0.177036
0 0.866073 0.314301 0.0998992 0.131908
0 0.665648 0.43996 0.0664158 0.121276
0 0.0937381 0.312284 0.187476 0.143419
0 0.123618 0.378023 0.247236 0.306356
0 0.686374 0.259058 0.0898218 0.113395
0 0.419928 0.253953 0.0688581 0.0849064
