0 0.301509 0.544446 0.13557 0.114881
0 0.0603109 0.419419 0.119359 0.17477
0 0.927907 0.685074 0.144186 0.184904
0 0.287132 0.388986 0.132307 0.111176
0 0.922462 0.511155 0.133634 0.145242
0 0.593675 0.40989 0.0969738 0.123451
0 0.693577 0.590536 0.0832661 0.125177
0 0.277223 0.772736 0.0877751 0.115854
0 0.301509 0.544446 0.13557 0.114881
0 0.0603109 0.419419 0.119359 0.17477
0 0.927907 0.685074 0.144186 0.184904
0 0.287132 0.388986 0.132307 0.111176
0 0.922462 0.511155 0.133634 0.145242
0 0.593675 0.40989 0.0969738 0.123451
0 0.693577 0.590536 0.0832661 0.125177
0 0.277223 0.772736 0.0877751 0.115854
0 0.284139 0.385558 0.144275 0.107278
0 0.297576 0.54498 0.146066 0.11273
0 0.0714417 0.422171 0.142883 0.183262
0 0.53828 0.320159 0.0851133 0.0701648
0 0.933819 0.69198 0.132363 0.136861
0 0.59817 0.40449 0.0941704 0.1219
0 0.959445 0.20399 0.0811108 0.0683618
0 0.138706 0.850278 0.255664 0.282549
0 0.0274003 0.747804 0.0534684 0.121319
0 0.639141 0.374456 0.0784832 0.0591194
0 0.112381 0.957767 0.218198 0.0844669
0 0.0276755 0.735315 0.055351 0.171051
