0 0.125027 0.824735 0.250053 0.241281
0 0.689816 0.308909 0.170688 0.128416
0 0.265326 0.484072 0.174907 0.280641
0 0.613147 0.583734 0.247136 0.423238
0 0.451039 0.4074 0.116312 0.151863
0 0.51489 0.147078 0.128708 0.1254
0 0.163163 0.115802 0.237881 0.177516
0 0.47667 0.31959 0.100456 0.153528
0 0.46614 0.783822 0.0951983 0.27794
0 0.74241 0.512728 0.117865 0.119664
0 0.781338 0.164896 0.13509 0.136336
0 0.589899 0.582558 0.316562 0.365572
0 0.799652 0.164567 0.175461 0.180476
0 0.945868 0.721052 0.0674967 0.13833
0 0.125027 0.824735 0.250053 0.241281
0 0.689816 0.308909 0.170688 0.128416
0 0.265326 0.484072 0.174907 0.280641
0 0.613147 0.583734 0.247136 0.423238
0 0.451039 0.4074 0.116312 0.151863
0 0.51489 0.147078 0.128708 0.1254
0 0.163163 0.115802 0.237881 0.177516
0 0.47667 0.31959 0.100456 0.153528
0 0.46614 0.783822 0.0951983 0.27794
0 0.74241 0.512728 0.117865 0.119664
0 0.781338 0.164896 0.13509 0.136336
0 0.589899 0.582558 0.316562 0.365572
0 0.799652 0.164567 0.175461 0.180476
0 0.945868 0.721052 0.0674967 0.13833
0 0.126296 0.828489 0.251015 0.257369
0 0.687839 0.316091 0.172389 0.142416
0 0.447531 0.411489 0.117165 0.152069
0 0.841757 0.129393 0.112322 0.0777927
0 0.165513 0.108174 0.206164 0.142254
0 0.512348 0.153282 0.163934 0.137089
0 0.48313 0.320091 0.0991909 0.144678
0 0.266504 0.486858 0.172933 0.306486
0 0.638914 0.613965 0.22181 0.396067
0 0.753248 0.514761 0.11283 0.101854
0 0.46304 0.754959 0.111239 0.363933
0 0.194494 0.111557 0.184306 0.128097
0 0.516361 0.810314 0.0681872 0.0470225
