0 0.801034 0.502105 0.201392 0.209408
0 0.532144 0.385606 0.126122 0.111986
0 0.548242 0.656135 0.177051 0.39198
0 0.392727 0.428515 0.383366 0.472158
0 0.637009 0.232678 0.130451 0.194757
0 0.68135 0.363676 0.14964 0.106946
0 0.433773 0.480338 0.439876 0.477235
0 0.359689 0.186461 0.110856 0.158163
0 0.801034 0.502105 0.201392 0.209408
0 0.532144 0.385606 0.126122 0.111986
0 0.548242 0.656135 0.177051 0.39198
0 0.392727 0.428515 0.383366 0.472158
0 0.637009 0.232678 0.130451 0.194757
0 0.68135 0.363676 0.14964 0.106946
0 0.433773 0.480338 0.439876 0.477235
0 0.359689 0.186461 0.110856 0.158163
0 0.67825 0.363435 0.132903 0.107274
0 0.809524 0.509697 0.197064 0.204313
0 0.550816 0.228043 0.110854 0.101629
0 0.383243 0.459234 0.370541 0.472156
0 0.549495 0.655122 0.188765 0.39275
0 0.355973 0.19932 0.127811 0.214936
0 0.522997 0.385916 0.148732 0.11674
0 0.637976 0.228579 0.113526 0.186199
