0 0.705185 0.590695 0.203352 0.274973
0 0.509076 0.442585 0.213547 0.24515
0 0.841565 0.500147 0.153058 0.161899
0 0.383716 0.770631 0.396906 0.366689
0 0.883605 0.392237 0.133626 0.113684
0 0.945106 0.77619 0.108319 0.204117
0 0.19064 0.454809 0.163362 0.173223
0 0.142067 0.682207 0.201214 0.218151
0 0.450361 0.805692 0.412944 0.358479
0 0.824736 0.584234 0.113523 0.104921
0 0.116344 0.438497 0.0860783 0.169638
0 0.677454 0.815282 0.0771324 0.160929
0 0.377821 0.773305 0.505089 0.448709
0 0.0444966 0.452574 0.0859798 0.200842
0 0.1595 0.660187 0.178289 0.16502
0 0.525761 0.835897 0.419003 0.328206
0 0.815754 0.565156 0.123643 0.152845
0 0.705185 0.590695 0.203352 0.274973
0 0.509076 0.442585 0.213547 0.24515
0 0.841565 0.500147 0.153058 0.161899
0 0.383716 0.770631 0.396906 0.366689
0 0.883605 0.392237 0.133626 0.113684
0 0.945106 0.77619 0.108319 0.204117
0 0.19064 0.454809 0.163362 0.173223
0 0.142067 0.682207 0.201214 0.218151
0 0.450361 0.805692 0.412944 0.358479
0 0.824736 0.584234 0.113523 0.104921
0 0.116344 0.438497 0.0860783 0.169638
0 0.677454 0.815282 0.0771324 0.160929
0 0.377821 0.773305 0.505089 0.448709
0 0.0444966 0.452574 0.0859798 0.200842
0 0.1595 0.660187 0.178289 0.16502
0 0.525761 0.835897 0.419003 0.328206
0 0.815754 0.565156 0.123643 0.152845
0 0.18365 0.475917 0.181207 0.205772
0 0.141506 0.682675 0.199282 0.214554
0 0.704327 0.60324 0.221205 0.28117
0 0.496734 0.457315 0.210704 0.259484
0 0.838404 0.502445 0.168103 0.195516
0 0.836638 0.594369 0.081834 0.0867739
0 0.381992 0.766931 0.390477 0.347976
0 0.116832 0.436194 0.0939082 0.174409
0 0.952569 0.772348 0.0884159 0.185515
0 0.0467877 0.463086 0.0926964 0.232572
0 0.183859 0.206723 0.0682554 0.0553105
0 0.521643 0.821458 0.407605 0.322223
0 0.458598 0.803587 0.451213 0.377165
0 0.286928 0.288156 0.0403075 0.086538
