0 0.92561 0.0686981 0.143189 0.103721
0 0.695978 0.391891 0.344618 0.315549
0 0.228234 0.172788 0.105674 0.10485
0 0.306931 0.0494153 0.0967944 0.0610959
0 0.0605432 0.363824 0.113069 0.238307
0 0.0871783 0.755372 0.115847 0.304483
0 0.957158 0.252268 0.0764538 0.159329
0 0.0942515 0.572341 0.0820491 0.181392
0 0.548774 0.0570885 0.163199 0.112235
0 0.496645 0.244688 0.262907 0.206751
0 0.92561 0.0686981 0.143189 0.103721
0 0.695978 0.391891 0.344618 0.315549
0 0.228234 0.172788 0.105674 0.10485
0 0.306931 0.0494153 0.0967944 0.0610959
0 0.0605432 0.363824 0.113069 0.238307
0 0.0871783 0.755372 0.115847 0.304483
0 0.957158 0.252268 0.0764538 0.159329
0 0.0942515 0.572341 0.0820491 0.181392
0 0.548774 0.0570885 0.163199 0.112235
0 0.496645 0.244688 0.262907 0.206751
0 0.541581 0.0572687 0.170969 0.114537
0 0.781074 0.207965 0.125371 0.0842398
0 0.707278 0.396115 0.338294 0.290001
0 0.868832 0.162827 0.1244 0.0693633
0 0.931203 0.0723091 0.129604 0.0944839
0 0.306643 0.0487872 0.097217 0.0593699
0 0.0923288 0.143089 0.184658 0.219846
0 0.225022 0.162792 0.0916668 0.0996798
0 0.120446 0.280483 0.150281 0.156292
0 0.0959538 0.578761 0.142633 0.397444
