0 0.613403 0.460794 0.212469 0.317799
0 0.874116 0.677194 0.249054 0.359596
0 0.406895 0.334939 0.117731 0.141773
0 0.711208 0.430892 0.0708803 0.154587
0 0.898121 0.462427 0.183559 0.151916
0 0.356297 0.196145 0.101754 0.119026
0 0.892733 0.145388 0.105267 0.124482
0 0.494792 0.287101 0.103079 0.121421
0 0.613403 0.460794 0.212469 0.317799
0 0.874116 0.677194 0.249054 0.359596
0 0.406895 0.334939 0.117731 0.141773
0 0.711208 0.430892 0.0708803 0.154587
0 0.898121 0.462427 0.183559 0.151916
0 0.356297 0.196145 0.101754 0.119026
0 0.892733 0.145388 0.105267 0.124482
0 0.494792 0.287101 0.103079 0.121421
0 0.882735 0.705496 0.23453 0.386959
0 0.89698 0.462263 0.206039 0.159701
0 0.408834 0.334356 0.130037 0.145207
0 0.624628 0.479945 0.196257 0.295959
0 0.716603 0.432909 0.0675013 0.153897
0 0.625319 0.296197 0.0828493 0.0746893
0 0.905496 0.134706 0.133499 0.103591
0 0.0334155 0.138691 0.0668309 0.277382
