0 0.528016 0.695036 0.127961 0.259569
0 0.619935 0.54544 0.125656 0.205669
0 0.817505 0.760186 0.101237 0.235609
0 0.0711339 0.112034 0.142268 0.223449
0 0.296647 0.380008 0.0646635 0.121834
0 0.737618 0.383927 0.0764502 0.0888996
0 0.528016 0.695036 0.127961 0.259569
0 0.619935 0.54544 0.125656 0.205669
0 0.817505 0.760186 0.101237 0.235609
0 0.0711339 0.112034 0.142268 0.223449
0 0.296647 0.380008 0.0646635 0.121834
0 0.737618 0.383927 0.0764502 0.0888996
0 0.529458 0.692244 0.145388 0.258837
0 0.617885 0.544221 0.132336 0.215012
0 0.0686632 0.111931 0.137326 0.223861
0 0.81809 0.759464 0.101895 0.230691
0 0.738136 0.385373 0.0752396 0.0897466
0 0.847111 0.292765 0.0838306 0.0993881
0 0.394871 0.238519 0.0847143 0.0967231
0 0.48294 0.118369 0.0698466 0.0768847
