0 0.590735 0.311248 0.139928 0.13532
0 0.380849 0.329444 0.168604 0.198137
0 0.883399 0.676126 0.233202 0.239059
0 0.248356 0.655545 0.204108 0.174259
0 0.333912 0.616136 0.158795 0.13681
0 0.063273 0.691346 0.126546 0.196789
0 0.801133 0.438255 0.124213 0.145016
0 0.321378 0.155166 0.108276 0.151968
0 0.280807 0.404537 0.0368846 0.106232
0 0.132447 0.199598 0.0677672 0.0831096
0 0.300032 0.276845 0.0499715 0.0783726
0 0.88352 0.300126 0.127271 0.073737
0 0.312688 0.14877 0.0837558 0.126752
0 0.590735 0.311248 0.139928 0.13532
0 0.380849 0.329444 0.168604 0.198137
0 0.883399 0.676126 0.233202 0.239059
0 0.248356 0.655545 0.204108 0.174259
0 0.333912 0.616136 0.158795 0.13681
0 0.063273 0.691346 0.126546 0.196789
0 0.801133 0.438255 0.124213 0.145016
0 0.321378 0.155166 0.108276 0.151968
0 0.280807 0.404537 0.0368846 0.106232
0 0.132447 0.199598 0.0677672 0.0831096
0 0.300032 0.276845 0.0499715 0.0783726
0 0.88352 0.300126 0.127271 0.073737
0 0.312688 0.14877 0.0837558 0.126752
0 0.382549 0.326337 0.181121 0.226299
0 0.879765 0.683556 0.237399 0.243517
0 0.330005 0.614732 0.154921 0.13442
0 0.250331 0.673518 0.210663 0.158871
0 0.583701 0.312773 0.144376 0.134599
0 0.321208 0.156228 0.121507 0.151533
0 0.801767 0.441569 0.118272 0.152959
0 0.0909434 0.242342 0.0700772 0.0823268
0 0.130482 0.201634 0.0710759 0.0847751
0 0.0645075 0.679784 0.129015 0.255525
0 0.873229 0.465589 0.0975828 0.126775
0 0.877355 0.30849 0.136561 0.0981414
0 0.558999 0.127509 0.0737309 0.0597798
0 0.0318965 0.223608 0.0597343 0.0687407
