0 0.229767 0.172415 0.198379 0.185169
0 0.525273 0.349896 0.1718 0.252559
0 0.390439 0.373381 0.289415 0.299118
0 0.638285 0.0947805 0.123556 0.131498
0 0.843791 0.422117 0.0585981 0.143032
0 0.562441 0.165618 0.103636 0.0734983
0 0.764367 0.249468 0.0973502 0.0663015
0 0.294571 0.9433 0.122899 0.101623
0 0.329749 0.547482 0.0814692 0.162164
0 0.229767 0.172415 0.198379 0.185169
0 0.525273 0.349896 0.1718 0.252559
0 0.390439 0.373381 0.289415 0.299118
0 0.638285 0.0947805 0.123556 0.131498
0 0.843791 0.422117 0.0585981 0.143032
0 0.562441 0.165618 0.103636 0.0734983
0 0.764367 0.249468 0.0973502 0.0663015
0 0.294571 0.9433 0.122899 0.101623
0 0.329749 0.547482 0.0814692 0.162164
0 0.234638 0.178282 0.197069 0.199077
0 0.533186 0.36124 0.167438 0.275821
0 0.768132 0.251372 0.0969324 0.0607613
0 0.64865 0.0913067 0.134882 0.131846
0 0.846197 0.308699 0.0810726 0.0576896
0 0.375003 0.383246 0.355289 0.293476
0 0.559511 0.166745 0.0958446 0.0667168
0 0.847891 0.428081 0.056395 0.159066
