0 0.158748 0.274093 0.244244 0.213952
0 0.14734 0.431806 0.169085 0.149879
0 0.148619 0.863684 0.278963 0.236889
0 0.752174 0.362848 0.143026 0.150123
0 0.249228 0.743958 0.194537 0.177824
0 0.522731 0.497211 0.0934621 0.199339
0 0.660045 0.297937 0.0709 0.131382
0 0.938924 0.409771 0.120726 0.129194
0 0.626913 0.175057 0.0722593 0.0605002
0 0.158748 0.274093 0.244244 0.213952
0 0.14734 0.431806 0.169085 0.149879
0 0.148619 0.863684 0.278963 0.236889
0 0.752174 0.362848 0.143026 0.150123
0 0.249228 0.743958 0.194537 0.177824
0 0.522731 0.497211 0.0934621 0.199339
0 0.660045 0.297937 0.0709 0.131382
0 0.938924 0.409771 0.120726 0.129194
0 0.626913 0.175057 0.0722593 0.0605002
0 0.152367 0.855812 0.277805 0.222537
0 0.157135 0.42327 0.171706 0.13259
0 0.260792 0.761898 0.204605 0.200653
0 0.740467 0.359291 0.111327 0.135432
0 0.17345 0.26562 0.267324 0.215973
0 0.528439 0.491159 0.108377 0.216468
0 0.594381 0.0350347 0.0936239 0.0681923
0 0.662197 0.295866 0.0598103 0.110539
0 0.151766 0.0974018 0.0775177 0.0597949
