0 0.717767 0.446873 0.173704 0.271147
0 0.340011 0.355337 0.362155 0.452808
0 0.594606 0.384292 0.129514 0.145488
0 0.47299 0.325439 0.113673 0.136159
0 0.934083 0.368124 0.101214 0.104455
0 0.338013 0.361512 0.549605 0.464296
0 0.717767 0.446873 0.173704 0.271147
0 0.340011 0.355337 0.362155 0.452808
0 0.594606 0.384292 0.129514 0.145488
0 0.47299 0.325439 0.113673 0.136159
0 0.934083 0.368124 0.101214 0.104455
0 0.338013 0.361512 0.549605 0.464296
0 0.712938 0.456822 0.169136 0.28636
0 0.499418 0.190567 0.139576 0.175218
0 0.468727 0.332792 0.120234 0.157395
0 0.33621 0.127482 0.162741 0.247201
0 0.352533 0.398802 0.406692 0.486054
0 0.132786 0.697647 0.0747245 0.110467
0 0.631075 0.184749 0.140179 0.193416
0 0.930688 0.369969 0.0836247 0.0999884
0 0.605229 0.377152 0.0964413 0.127641
0 0.919559 0.892236 0.159633 0.16718
