0 0.208279 0.579598 0.140185 0.175649
0 0.700908 0.579324 0.23754 0.278627
0 0.565798 0.401771 0.155081 0.281694
0 0.127672 0.322847 0.0937917 0.190038
0 0.930136 0.740845 0.129401 0.160744
0 0.0638194 0.315782 0.127639 0.186762
0 0.199892 0.381104 0.187163 0.238828
0 0.658326 0.747507 0.0763157 0.198846
0 0.927104 0.491437 0.145793 0.206393
0 0.153697 0.120351 0.08054 0.0587395
0 0.805214 0.507891 0.12358 0.1391
0 0.133161 0.719876 0.231433 0.34383
0 0.498356 0.394077 0.058716 0.179623
0 0.580042 0.388794 0.124533 0.21996
0 0.385421 0.385093 0.0728563 0.0877999
0 0.875156 0.386008 0.140055 0.0993815
0 0.383492 0.434194 0.0467523 0.146355
0 0.383904 0.454417 0.0390383 0.11183
0 0.212841 0.362426 0.150463 0.197265
0 0.386378 0.413739 0.0639512 0.146208
0 0.162806 0.74519 0.279793 0.430705
0 0.208279 0.579598 0.140185 0.175649
0 0.700908 0.579324 0.23754 0.278627
0 0.565798 0.401771 0.155081 0.281694
0 0.127672 0.322847 0.0937917 0.190038
0 0.930136 0.740845 0.129401 0.160744
0 0.0638194 0.315782 0.127639 0.186762
0 0.199892 0.381104 0.187163 0.238828
0 0.658326 0.747507 0.0763157 0.198846
0 0.927104 0.491437 0.145793 0.206393
0 0.153697 0.120351 0.08054 0.0587395
0 0.805214 0.507891 0.12358 0.1391
0 0.133161 0.719876 0.231433 0.34383
0 0.498356 0.394077 0.058716 0.179623
0 0.580042 0.388794 0.124533 0.21996
0 0.385421 0.385093 0.0728563 0.0877999
0 0.875156 0.386008 0.140055 0.0993815
0 0.383492 0.434194 0.0467523 0.146355
0 0.383904 0.454417 0.0390383 0.11183
0 0.212841 0.362426 0.150463 0.197265
0 0.386378 0.413739 0.0639512 0.146208
0 0.162806 0.74519 0.279793 0.430705
0 0.706007 0.580597 0.250895 0.279478
0 0.190402 0.393978 0.206971 0.240231
0 0.0642549 0.315575 0.12851 0.185953
0 0.206441 0.57779 0.148922 0.20454
0 0.935273 0.735718 0.129454 0.155237
0 0.661251 0.739063 0.0765835 0.178651
0 0.873373 0.388798 0.119827 0.0724225
0 0.133986 0.322846 0.0921502 0.184109
0 0.149673 0.120384 0.0814108 0.0619566
0 0.559899 0.413945 0.144799 0.276016
0 0.17452 0.771395 0.32535 0.45721
0 0.764054 0.369802 0.099772 0.0773797
0 0.820391 0.523834 0.15194 0.158659
0 0.9159 0.495135 0.168201 0.249303
0 0.195483 0.805912 0.390966 0.363408
0 0.505346 0.391032 0.0624579 0.158263
0 0.563403 0.149495 0.0807498 0.0613778
