0 0.579682 0.364168 0.121508 0.102831
0 0.795211 0.198862 0.210012 0.190881
0 0.935667 0.333533 0.125486 0.18526
0 0.594303 0.204783 0.109706 0.099426
0 0.697363 0.0964896 0.125069 0.0916655
0 0.441196 0.146392 0.0914426 0.0645439
0 0.624008 0.301148 0.103578 0.0810411
0 0.940108 0.173649 0.102489 0.129038
0 0.495515 0.916329 0.0710722 0.167341
0 0.579682 0.364168 0.121508 0.102831
0 0.795211 0.198862 0.210012 0.190881
0 0.935667 0.333533 0.125486 0.18526
0 0.594303 0.204783 0.109706 0.099426
0 0.697363 0.0964896 0.125069 0.0916655
0 0.441196 0.146392 0.0914426 0.0645439
0 0.624008 0.301148 0.103578 0.0810411
0 0.940108 0.173649 0.102489 0.129038
0 0.495515 0.916329 0.0710722 0.167341
0 0.573454 0.370945 0.134483 0.0989827
0 0.62741 0.306122 0.107785 0.0708288
0 0.806312 0.198195 0.221453 0.183114
0 0.934167 0.334595 0.128599 0.213872
0 0.447362 0.144831 0.0807854 0.0590833
0 0.596829 0.203664 0.107562 0.116222
