0 0.653094 0.351623 0.165324 0.13841
0 0.712906 0.296225 0.123797 0.0948021
0 0.286082 0.296182 0.12903 0.179965
0 0.116742 0.971838 0.193518 0.0563248
0 0.954404 0.516268 0.0911923 0.171277
0 0.833782 0.418474 0.0642288 0.0877453
0 0.653094 0.351623 0.165324 0.13841
0 0.712906 0.296225 0.123797 0.0948021
0 0.286082 0.296182 0.12903 0.179965
0 0.116742 0.971838 0.193518 0.0563248
0 0.954404 0.516268 0.0911923 0.171277
0 0.833782 0.418474 0.0642288 0.0877453
0 0.65399 0.361396 0.172283 0.153554
0 0.274628 0.30137 0.090314 0.240693
0 0.717875 0.304985 0.112688 0.0983455
0 0.286609 0.428133 0.065852 0.0790326
0 0.565257 0.229118 0.0660231 0.0577472
0 0.288958 0.29746 0.126056 0.237013
0 0.921123 0.178939 0.0825161 0.0761354
0 0.440687 0.293615 0.100695 0.0857262
0 0.97478 0.923246 0.0470615 0.152534
