0 0.469621 0.145203 0.132478 0.109181
0 0.574673 0.292444 0.295744 0.308606
0 0.418436 0.259051 0.11464 0.169651
0 0.841762 0.503511 0.316477 0.314563
0 0.0796639 0.223538 0.0647352 0.169646
0 0.469621 0.145203 0.132478 0.109181
0 0.574673 0.292444 0.295744 0.308606
0 0.418436 0.259051 0.11464 0.169651
0 0.841762 0.503511 0.316477 0.314563
0 0.0796639 0.223538 0.0647352 0.169646
0 0.468871 0.151044 0.144681 0.124286
0 0.922015 0.368631 0.155971 0.146306
0 0.844366 0.52194 0.311268 0.367496
0 0.599629 0.311922 0.251716 0.326603
0 0.421611 0.260234 0.133596 0.163988
0 0.655067 0.213764 0.0736654 0.069019
