0 0.403612 0.622689 0.252499 0.19883
0 0.552173 0.193304 0.223499 0.184314
0 0.408287 0.238291 0.110125 0.0948539
0 0.925267 0.538684 0.149465 0.104639
0 0.372685 0.156539 0.122198 0.0748008
0 0.403612 0.622689 0.252499 0.19883
0 0.552173 0.193304 0.223499 0.184314
0 0.408287 0.238291 0.110125 0.0948539
0 0.925267 0.538684 0.149465 0.104639
0 0.372685 0.156539 0.122198 0.0748008
0 0.410592 0.241251 0.119565 0.098056
0 0.400111 0.62006 0.257277 0.196794
0 0.564633 0.19402 0.230535 0.186961
0 0.37587 0.162842 0.112854 0.0637725
