0 0.43165 0.0597815 0.155072 0.119563
0 0.102087 0.311751 0.170903 0.155231
0 0.164824 0.0973618 0.123075 0.11047
0 0.471443 0.365051 0.092304 0.236051
0 0.0654797 0.038446 0.129586 0.076892
0 0.479533 0.344333 0.107773 0.290064
0 0.0919172 0.11619 0.115646 0.100468
0 0.194923 0.199252 0.113865 0.106637
0 0.0451193 0.46973 0.0843487 0.124951
0 0.61356 0.450104 0.148776 0.296301
0 0.958847 0.918218 0.07808 0.163563
0 0.43165 0.0597815 0.155072 0.119563
0 0.102087 0.311751 0.170903 0.155231
0 0.164824 0.0973618 0.123075 0.11047
0 0.471443 0.365051 0.092304 0.236051
0 0.0654797 0.038446 0.129586 0.076892
0 0.479533 0.344333 0.107773 0.290064
0 0.0919172 0.11619 0.115646 0.100468
0 0.194923 0.199252 0.113865 0.106637
0 0.0451193 0.46973 0.0843487 0.124951
0 0.61356 0.450104 0.148776 0.296301
0 0.958847 0.918218 0.07808 0.163563
0 0.0994027 0.30866 0.16204 0.1552
0 0.43103 0.0573863 0.145167 0.114773
0 0.609614 0.455381 0.120767 0.264003
0 0.0607086 0.0365555 0.111612 0.0717888
0 0.468311 0.36955 0.0834213 0.281902
0 0.894869 0.570271 0.0779051 0.109381
0 0.171188 0.0946143 0.10332 0.0848642
0 0.790228 0.15505 0.084153 0.0569721
