0 0.679053 0.790989 0.180963 0.26508
0 0.665172 0.63644 0.164773 0.219529
0 0.354587 0.287485 0.185452 0.145271
0 0.141908 0.75658 0.283816 0.225542
0 0.524655 0.948101 0.185058 0.103799
0 0.847368 0.834195 0.178559 0.223286
0 0.184736 0.154716 0.117434 0.0947181
0 0.955722 0.635798 0.0854225 0.127832
0 0.250614 0.565994 0.253256 0.201776
0 0.667928 0.431204 0.0581746 0.141118
0 0.598034 0.396449 0.0677464 0.106055
0 0.0394252 0.42915 0.0767024 0.149305
0 0.979721 0.79893 0.0372982 0.154986
0 0.860475 0.852663 0.135478 0.214923
0 0.679053 0.790989 0.180963 0.26508
0 0.665172 0.63644 0.164773 0.219529
0 0.354587 0.287485 0.185452 0.145271
0 0.141908 0.75658 0.283816 0.225542
0 0.524655 0.948101 0.185058 0.103799
0 0.847368 0.834195 0.178559 0.223286
0 0.184736 0.154716 0.117434 0.0947181
0 0.955722 0.635798 0.0854225 0.127832
0 0.250614 0.565994 0.253256 0.201776
0 0.667928 0.431204 0.0581746 0.141118
0 0.598034 0.396449 0.0677464 0.106055
0 0.0394252 0.42915 0.0767024 0.149305
0 0.979721 0.79893 0.0372982 0.154986
0 0.860475 0.852663 0.135478 0.214923
0 0.356173 0.295271 0.176531 0.147206
0 0.1442 0.755399 0.288401 0.21519
0 0.674634 0.790986 0.203796 0.262689
0 0.835161 0.359631 0.0958076 0.130899
0 0.674826 0.62958 0.165508 0.255161
0 0.514967 0.946148 0.181568 0.107704
0 0.250165 0.551568 0.211576 0.156576
0 0.790054 0.308353 0.08426 0.0777315
0 0.765653 0.598799 0.0753284 0.0983461
0 0.176027 0.771274 0.205856 0.218531
0 0.838836 0.824461 0.203772 0.265128
0 0.441183 0.424114 0.105765 0.113689
0 0.187702 0.155634 0.118412 0.0937926
0 0.692233 0.596488 0.141293 0.197189
0 0.0461488 0.403202 0.0903079 0.169509
0 0.916736 0.29149 0.0743565 0.0740668
0 0.565539 0.291808 0.117114 0.134143
0 0.109965 0.726305 0.219929 0.169954
