0 0.702189 0.576067 0.253302 0.284202
0 0.202172 0.578407 0.175041 0.209508
0 0.197807 0.369117 0.189416 0.26493
0 0.929084 0.714643 0.124868 0.168014
0 0.572397 0.391636 0.121526 0.227176
0 0.808661 0.484654 0.131521 0.156261
0 0.0677634 0.292793 0.135527 0.199752
0 0.507676 0.384719 0.070117 0.218851
0 0.132719 0.303872 0.076305 0.179053
0 0.930876 0.493541 0.138249 0.192041
0 0.88329 0.369409 0.148296 0.108102
0 0.66185 0.719154 0.075928 0.20182
0 0.212141 0.353046 0.152591 0.220009
0 0.299387 0.195427 0.0500193 0.10469
0 0.387703 0.411089 0.058112 0.147418
0 0.115338 0.723724 0.224678 0.363909
0 0.0751559 0.696467 0.150312 0.273528
0 0.0297414 0.0803723 0.0518147 0.153826
0 0.702189 0.576067 0.253302 0.284202
0 0.202172 0.578407 0.175041 0.209508
0 0.197807 0.369117 0.189416 0.26493
0 0.929084 0.714643 0.124868 0.168014
0 0.572397 0.391636 0.121526 0.227176
0 0.808661 0.484654 0.131521 0.156261
0 0.0677634 0.292793 0.135527 0.199752
0 0.507676 0.384719 0.070117 0.218851
0 0.132719 0.303872 0.076305 0.179053
0 0.930876 0.493541 0.138249 0.192041
0 0.88329 0.369409 0.148296 0.108102
0 0.66185 0.719154 0.075928 0.20182
0 0.212141 0.353046 0.152591 0.220009
0 0.299387 0.195427 0.0500193 0.10469
0 0.387703 0.411089 0.058112 0.147418
0 0.115338 0.723724 0.224678 0.363909
0 0.0751559 0.696467 0.150312 0.273528
0 0.0297414 0.0803723 0.0518147 0.153826
0 0.708751 0.572069 0.251821 0.263804
0 0.201618 0.579223 0.177008 0.22157
0 0.933777 0.710806 0.13222 0.157618
0 0.191637 0.384086 0.216337 0.258501
0 0.0663214 0.297355 0.132643 0.192923
0 0.56915 0.395436 0.132076 0.259067
0 0.141002 0.099492 0.0825989 0.062908
0 0.872577 0.373173 0.122091 0.0736547
0 0.160613 0.812578 0.291214 0.303877
0 0.664453 0.716682 0.0767761 0.186294
0 0.162677 0.786473 0.307601 0.427054
0 0.135661 0.311841 0.0857197 0.183426
0 0.395542 0.31916 0.0938081 0.0700845
0 0.823523 0.493672 0.153309 0.180555
0 0.922193 0.495166 0.155614 0.241142
