0 0.746955 0.798521 0.139448 0.215272
0 0.848463 0.700805 0.122024 0.19204
0 0.823217 0.465798 0.195151 0.144442
0 0.904719 0.240306 0.125013 0.0892932
0 0.317824 0.639582 0.068019 0.123485
0 0.954757 0.69529 0.0904855 0.137835
0 0.480586 0.492769 0.0377605 0.0949734
0 0.429951 0.168214 0.102586 0.0807998
0 0.943584 0.923861 0.091091 0.0665404
0 0.557104 0.542576 0.0524895 0.111844
0 0.425353 0.605509 0.0830944 0.124864
0 0.132103 0.463668 0.19615 0.105654
0 0.953425 0.715274 0.0931498 0.193257
0 0.372099 0.435834 0.0765308 0.0871249
0 0.746955 0.798521 0.139448 0.215272
0 0.848463 0.700805 0.122024 0.19204
0 0.823217 0.465798 0.195151 0.144442
0 0.904719 0.240306 0.125013 0.0892932
0 0.317824 0.639582 0.068019 0.123485
0 0.954757 0.69529 0.0904855 0.137835
0 0.480586 0.492769 0.0377605 0.0949734
0 0.429951 0.168214 0.102586 0.0807998
0 0.943584 0.923861 0.091091 0.0665404
0 0.557104 0.542576 0.0524895 0.111844
0 0.425353 0.605509 0.0830944 0.124864
0 0.132103 0.463668 0.19615 0.105654
0 0.953425 0.715274 0.0931498 0.193257
0 0.372099 0.435834 0.0765308 0.0871249
0 0.743591 0.793173 0.135623 0.208693
0 0.848001 0.705816 0.132061 0.177671
0 0.83077 0.466136 0.194463 0.145676
0 0.145049 0.469899 0.178258 0.128959
0 0.346989 0.357688 0.0927524 0.0948885
0 0.425701 0.173465 0.106332 0.0820284
0 0.900083 0.243904 0.116489 0.080023
0 0.724085 0.515154 0.118273 0.119861
0 0.958796 0.691922 0.0806 0.116018
0 0.372955 0.438056 0.0725774 0.074902
0 0.480831 0.496134 0.0493938 0.0996099
0 0.31352 0.641372 0.0599804 0.103996
