0 0.249559 0.517014 0.179592 0.157433
0 0.523656 0.754524 0.128225 0.153498
0 0.134366 0.0523327 0.177255 0.104665
0 0.815806 0.760893 0.0655757 0.143797
0 0.361804 0.255474 0.136212 0.138724
0 0.425837 0.175449 0.102005 0.0844875
0 0.516239 0.198632 0.165609 0.130556
0 0.0483944 0.166873 0.0967889 0.115175
0 0.438142 0.749587 0.0993318 0.156677
0 0.0585032 0.352519 0.11624 0.151658
0 0.445097 0.616048 0.0873209 0.139543
0 0.672859 0.461343 0.0895718 0.225012
0 0.815572 0.458579 0.110808 0.0916477
0 0.249559 0.517014 0.179592 0.157433
0 0.523656 0.754524 0.128225 0.153498
0 0.134366 0.0523327 0.177255 0.104665
0 0.815806 0.760893 0.0655757 0.143797
0 0.361804 0.255474 0.136212 0.138724
0 0.425837 0.175449 0.102005 0.0844875
0 0.516239 0.198632 0.165609 0.130556
0 0.0483944 0.166873 0.0967889 0.115175
0 0.438142 0.749587 0.0993318 0.156677
0 0.0585032 0.352519 0.11624 0.151658
0 0.445097 0.616048 0.0873209 0.139543
0 0.672859 0.461343 0.0895718 0.225012
0 0.815572 0.458579 0.110808 0.0916477
0 0.253959 0.517127 0.178664 0.165656
0 0.819241 0.76249 0.0698824 0.13916
0 0.122379 0.0469488 0.193564 0.0938975
0 0.6757 0.451219 0.0826073 0.245274
0 0.357381 0.266853 0.127995 0.152901
0 0.0467905 0.153781 0.0927937 0.141171
0 0.877813 0.379905 0.140586 0.127672
0 0.142237 0.158331 0.0612531 0.0558888
0 0.882424 0.608539 0.0992062 0.13885
0 0.617765 0.703583 0.0796045 0.167199
0 0.520568 0.756785 0.114227 0.153108
0 0.809193 0.54724 0.0821634 0.152296
