0 0.823057 0.864419 0.353887 0.271161
0 0.20135 0.668058 0.340611 0.259805
0 0.273788 0.285602 0.120152 0.193315
0 0.837215 0.231123 0.32557 0.398173
0 0.159772 0.151895 0.319545 0.30379
0 0.500804 0.905634 0.107689 0.18301
0 0.856716 0.642127 0.175871 0.15672
0 0.218055 0.946451 0.174959 0.105952
0 0.322979 0.0359826 0.0709259 0.063245
0 0.88788 0.0539027 0.16381 0.107805
0 0.896247 0.483981 0.124092 0.0914034
0 0.823057 0.864419 0.353887 0.271161
0 0.20135 0.668058 0.340611 0.259805
0 0.273788 0.285602 0.120152 0.193315
0 0.837215 0.231123 0.32557 0.398173
0 0.159772 0.151895 0.319545 0.30379
0 0.500804 0.905634 0.107689 0.18301
0 0.856716 0.642127 0.175871 0.15672
0 0.218055 0.946451 0.174959 0.105952
0 0.322979 0.0359826 0.0709259 0.063245
0 0.88788 0.0539027 0.16381 0.107805
0 0.896247 0.483981 0.124092 0.0914034
0 0.86227 0.637452 0.194537 0.16318
0 0.461442 0.292893 0.354995 0.328067
0 0.496796 0.91306 0.122808 0.165972
0 0.809632 0.8636 0.374946 0.272799
0 0.18783 0.676476 0.375659 0.305363
0 0.842754 0.250572 0.314491 0.368177
0 0.853576 0.0937298 0.200226 0.18746
0 0.16555 0.161717 0.310441 0.323433
0 0.0979094 0.541213 0.193818 0.254377
0 0.401636 0.251429 0.233525 0.244744
0 0.934685 0.371778 0.129259 0.23477
0 0.664237 0.332597 0.0702753 0.0616543
0 0.885301 0.492827 0.132435 0.102663
0 0.839772 0.297874 0.320456 0.514093
0 0.972353 0.283597 0.0552947 0.10169
0 0.163688 0.654521 0.311717 0.407062
0 0.302306 0.0377496 0.111952 0.0754992
