0 0.668851 0.867767 0.258548 0.222786
0 0.763793 0.27849 0.170751 0.119078
0 0.598967 0.424582 0.122331 0.0795595
0 0.883624 0.257555 0.207066 0.132671
0 0.113143 0.573242 0.132577 0.186077
0 0.668851 0.867767 0.258548 0.222786
0 0.763793 0.27849 0.170751 0.119078
0 0.598967 0.424582 0.122331 0.0795595
0 0.883624 0.257555 0.207066 0.132671
0 0.113143 0.573242 0.132577 0.186077
0 0.758844 0.274163 0.180304 0.135834
0 0.599815 0.428824 0.110077 0.0776237
0 0.892932 0.260056 0.211367 0.127415
0 0.685855 0.877945 0.242608 0.186849
0 0.672029 0.837397 0.256841 0.291441
0 0.111994 0.571594 0.125452 0.181701
0 0.0639563 0.926848 0.122455 0.146305
