0 0.738275 0.667278 0.182529 0.258988
0 0.906225 0.715841 0.178001 0.229665
0 0.462709 0.817438 0.121103 0.120329
0 0.458247 0.62086 0.128285 0.132196
0 0.211004 0.536485 0.0659731 0.148659
0 0.231206 0.793869 0.0661767 0.254584
0 0.0908244 0.920768 0.124637 0.158465
0 0.313202 0.520429 0.105189 0.183876
0 0.0446683 0.144305 0.0893365 0.107479
0 0.427038 0.476982 0.0493503 0.110362
0 0.425256 0.931081 0.12536 0.13678
0 0.0868803 0.344564 0.0925388 0.0790941
0 0.0592603 0.558295 0.0811015 0.199052
0 0.667142 0.369903 0.130352 0.162536
0 0.703712 0.920253 0.135388 0.138804
0 0.190839 0.490202 0.0560932 0.160193
0 0.201876 0.510525 0.071867 0.190198
0 0.448049 0.30443 0.133342 0.154966
0 0.738275 0.667278 0.182529 0.258988
0 0.906225 0.715841 0.178001 0.229665
0 0.462709 0.817438 0.121103 0.120329
0 0.458247 0.62086 0.128285 0.132196
0 0.211004 0.536485 0.0659731 0.148659
0 0.231206 0.793869 0.0661767 0.254584
0 0.0908244 0.920768 0.124637 0.158465
0 0.313202 0.520429 0.105189 0.183876
0 0.0446683 0.144305 0.0893365 0.107479
0 0.427038 0.476982 0.0493503 0.110362
0 0.425256 0.931081 0.12536 0.13678
0 0.0868803 0.344564 0.0925388 0.0790941
0 0.0592603 0.558295 0.0811015 0.199052
0 0.667142 0.369903 0.130352 0.162536
0 0.703712 0.920253 0.135388 0.138804
0 0.190839 0.490202 0.0560932 0.160193
0 0.201876 0.510525 0.071867 0.190198
0 0.448049 0.30443 0.133342 0.154966
0 0.912086 0.717684 0.166534 0.241194
0 0.458216 0.614942 0.122823 0.116554
0 0.741351 0.68007 0.174569 0.246595
0 0.45485 0.819349 0.151342 0.131138
0 0.452403 0.311974 0.139305 0.150249
0 0.423544 0.923421 0.142252 0.153157
0 0.664318 0.375276 0.155083 0.185238
0 0.21985 0.533743 0.0765496 0.16244
0 0.427223 0.475826 0.0546599 0.100061
0 0.321617 0.524878 0.0819708 0.159916
0 0.0606027 0.546442 0.0835516 0.238251
0 0.23663 0.794361 0.0651 0.25634
0 0.709668 0.933612 0.143861 0.128827
0 0.0909386 0.898323 0.0963197 0.185565
0 0.189173 0.482876 0.058078 0.134698
0 0.0485119 0.140332 0.0936394 0.109943
0 0.430172 0.397973 0.0610369 0.0608219
0 0.205704 0.514037 0.0853881 0.193517
