0 0.896746 0.626204 0.141726 0.136657
0 0.324477 0.256888 0.141085 0.108767
0 0.701999 0.543086 0.126154 0.0920152
0 0.820994 0.538583 0.0617283 0.190842
0 0.896746 0.626204 0.141726 0.136657
0 0.324477 0.256888 0.141085 0.108767
0 0.701999 0.543086 0.126154 0.0920152
0 0.820994 0.538583 0.0617283 0.190842
0 0.317672 0.258885 0.128314 0.0948846
0 0.695025 0.545494 0.125472 0.0956658
0 0.898418 0.630786 0.126904 0.121742
0 0.16344 0.186485 0.0910846 0.0606311
0 0.452253 0.253984 0.0625992 0.0790917
