0 0.815748 0.75109 0.24241 0.238181
0 0.48893 0.300312 0.138207 0.117606
0 0.0992678 0.638336 0.198536 0.170153
0 0.914316 0.423544 0.171368 0.23227
0 0.46738 0.080869 0.194735 0.155597
0 0.35246 0.525125 0.265227 0.254731
0 0.53631 0.482169 0.121453 0.117829
0 0.47836 0.894683 0.220654 0.210635
0 0.831858 0.959581 0.128786 0.080838
0 0.843382 0.307349 0.158187 0.11568
0 0.321097 0.137444 0.106552 0.0975106
0 0.347109 0.548838 0.315392 0.313246
0 0.727683 0.846049 0.0948494 0.108574
0 0.554495 0.222721 0.0988857 0.0920214
0 0.815748 0.75109 0.24241 0.238181
0 0.48893 0.300312 0.138207 0.117606
0 0.0992678 0.638336 0.198536 0.170153
0 0.914316 0.423544 0.171368 0.23227
0 0.46738 0.080869 0.194735 0.155597
0 0.35246 0.525125 0.265227 0.254731
0 0.53631 0.482169 0.121453 0.117829
0 0.47836 0.894683 0.220654 0.210635
0 0.831858 0.959581 0.128786 0.080838
0 0.843382 0.307349 0.158187 0.11568
0 0.321097 0.137444 0.106552 0.0975106
0 0.347109 0.548838 0.315392 0.313246
0 0.727683 0.846049 0.0948494 0.108574
0 0.554495 0.222721 0.0988857 0.0920214
0 0.485301 0.0877855 0.190791 0.175571
0 0.909037 0.437264 0.181925 0.223898
0 0.819451 0.746987 0.233059 0.233543
0 0.320251 0.146989 0.0879401 0.108115
0 0.856292 0.180643 0.1287 0.0858224
0 0.522103 0.466907 0.12325 0.120842
0 0.367123 0.547954 0.298957 0.3132
0 0.106097 0.651417 0.21151 0.213376
0 0.565944 0.121871 0.0913759 0.0718669
0 0.490079 0.298417 0.108034 0.119442
0 0.46626 0.890737 0.234055 0.218527
0 0.840753 0.960097 0.209066 0.0798064
0 0.615498 0.776648 0.0492882 0.0677531
0 0.645576 0.242945 0.104203 0.113912
