0 0.631927 0.801869 0.173584 0.287519
0 0.360354 0.236445 0.17802 0.154089
0 0.554728 0.442731 0.247356 0.195601
0 0.319165 0.244672 0.252839 0.165877
0 0.292839 0.695463 0.364607 0.303906
0 0.907587 0.637576 0.0698937 0.152833
0 0.301615 0.35561 0.152136 0.112241
0 0.262716 0.688509 0.320423 0.231905
0 0.969625 0.618058 0.0437691 0.12087
0 0.965819 0.839367 0.0683622 0.142422
0 0.904506 0.838878 0.141675 0.20762
0 0.914342 0.641856 0.0606141 0.130907
0 0.767602 0.889021 0.0416454 0.140007
0 0.23379 0.214526 0.098054 0.0740146
0 0.359211 0.124686 0.127252 0.0977985
0 0.761512 0.793058 0.0547049 0.246178
0 0.307577 0.72526 0.590135 0.47974
0 0.255568 0.708944 0.40941 0.361878
0 0.811143 0.695372 0.0693537 0.148628
0 0.0669763 0.581303 0.127007 0.127056
0 0.403608 0.577652 0.110378 0.109153
0 0.81346 0.704205 0.0833052 0.181277
0 0.631927 0.801869 0.173584 0.287519
0 0.360354 0.236445 0.17802 0.154089
0 0.554728 0.442731 0.247356 0.195601
0 0.319165 0.244672 0.252839 0.165877
0 0.292839 0.695463 0.364607 0.303906
0 0.907587 0.637576 0.0698937 0.152833
0 0.301615 0.35561 0.152136 0.112241
0 0.262716 0.688509 0.320423 0.231905
0 0.969625 0.618058 0.0437691 0.12087
0 0.965819 0.839367 0.0683622 0.142422
0 0.904506 0.838878 0.141675 0.20762
0 0.914342 0.641856 0.0606141 0.130907
0 0.767602 0.889021 0.0416454 0.140007
0 0.23379 0.214526 0.098054 0.0740146
0 0.359211 0.124686 0.127252 0.0977985
0 0.761512 0.793058 0.0547049 0.246178
0 0.307577 0.72526 0.590135 0.47974
0 0.255568 0.708944 0.40941 0.361878
0 0.811143 0.695372 0.0693537 0.148628
0 0.0669763 0.581303 0.127007 0.127056
0 0.403608 0.577652 0.110378 0.109153
0 0.81346 0.704205 0.0833052 0.181277
0 0.315916 0.359831 0.156105 0.121285
0 0.550759 0.431424 0.197677 0.16975
0 0.285437 0.700687 0.359772 0.264318
0 0.827332 0.512999 0.151418 0.115503
0 0.901197 0.841222 0.140998 0.187616
0 0.372456 0.240282 0.15156 0.160882
0 0.635393 0.799971 0.179855 0.249705
0 0.970835 0.848509 0.0583302 0.148913
0 0.310161 0.723898 0.377837 0.344058
0 0.387235 0.585497 0.155891 0.127151
0 0.0341639 0.304541 0.0683277 0.127072
0 0.816091 0.691678 0.0675251 0.165368
0 0.90727 0.637265 0.0755734 0.130681
