0 0.762758 0.685839 0.139364 0.217552
0 0.596502 0.895702 0.19672 0.208596
0 0.21628 0.510348 0.140719 0.183164
0 0.354983 0.594244 0.117621 0.117354
0 0.0438156 0.570126 0.0695005 0.174609
0 0.610159 0.638527 0.170667 0.21772
0 0.287442 0.893379 0.119101 0.213243
0 0.324114 0.76744 0.107022 0.117777
0 0.0983358 0.843895 0.104736 0.31221
0 0.898265 0.607711 0.0653473 0.106634
0 0.892237 0.94167 0.11608 0.11666
0 0.956106 0.569335 0.0784823 0.161418
0 0.764667 0.907523 0.147078 0.184954
0 0.544027 0.377754 0.132508 0.171424
0 0.0501255 0.450714 0.0832513 0.0984185
0 0.133163 0.353696 0.092957 0.139645
0 0.762758 0.685839 0.139364 0.217552
0 0.596502 0.895702 0.19672 0.208596
0 0.21628 0.510348 0.140719 0.183164
0 0.354983 0.594244 0.117621 0.117354
0 0.0438156 0.570126 0.0695005 0.174609
0 0.610159 0.638527 0.170667 0.21772
0 0.287442 0.893379 0.119101 0.213243
0 0.324114 0.76744 0.107022 0.117777
0 0.0983358 0.843895 0.104736 0.31221
0 0.898265 0.607711 0.0653473 0.106634
0 0.892237 0.94167 0.11608 0.11666
0 0.956106 0.569335 0.0784823 0.161418
0 0.764667 0.907523 0.147078 0.184954
0 0.544027 0.377754 0.132508 0.171424
0 0.0501255 0.450714 0.0832513 0.0984185
0 0.133163 0.353696 0.092957 0.139645
0 0.614703 0.649154 0.172909 0.226895
0 0.760244 0.679684 0.141019 0.225535
0 0.322865 0.770347 0.112012 0.119916
0 0.360809 0.595504 0.117052 0.117788
0 0.219288 0.513373 0.153408 0.188438
0 0.602189 0.899604 0.204557 0.200791
0 0.289629 0.882968 0.131399 0.231752
0 0.780046 0.92058 0.180322 0.15884
0 0.55506 0.374806 0.140742 0.182562
0 0.0438661 0.567599 0.0740664 0.175354
0 0.0993833 0.834032 0.0993989 0.286304
0 0.342048 0.305998 0.145365 0.156565
0 0.591474 0.487259 0.0586275 0.0901317
0 0.898284 0.605746 0.0565792 0.0910716
0 0.0492114 0.460304 0.0922504 0.12778
0 0.132089 0.345524 0.0826515 0.131487
