0 0.363418 0.703534 0.12213 0.166766
0 0.106228 0.4211 0.190042 0.102253
0 0.338019 0.884821 0.132382 0.230357
0 0.136398 0.205163 0.132353 0.102542
0 0.244346 0.694269 0.100402 0.169923
0 0.0374149 0.805815 0.0748298 0.183152
0 0.445301 0.508608 0.124314 0.0908119
0 0.363418 0.703534 0.12213 0.166766
0 0.106228 0.4211 0.190042 0.102253
0 0.338019 0.884821 0.132382 0.230357
0 0.136398 0.205163 0.132353 0.102542
0 0.244346 0.694269 0.100402 0.169923
0 0.0374149 0.805815 0.0748298 0.183152
0 0.445301 0.508608 0.124314 0.0908119
0 0.107302 0.423366 0.165955 0.112337
0 0.132473 0.196391 0.12437 0.0887761
0 0.244264 0.693264 0.100344 0.166847
0 0.231509 0.444532 0.0982539 0.142924
0 0.360298 0.863096 0.195823 0.273808
0 0.207163 0.266948 0.0831027 0.0666889
0 0.0326029 0.801455 0.0652058 0.2468
0 0.56337 0.517644 0.0867822 0.0592048
0 0.358753 0.710458 0.112392 0.16098
0 0.70487 0.389455 0.0764477 0.0737318
0 0.467671 0.441027 0.0929411 0.0906769
0 0.440835 0.508247 0.124928 0.0872198
0 0.273329 0.377863 0.0583168 0.0755025
