0 0.877654 0.546619 0.0786823 0.146965
0 0.159326 0.048354 0.126275 0.096708
0 0.791481 0.885817 0.206539 0.228365
0 0.966639 0.714954 0.0626633 0.187685
0 0.17079 0.219735 0.124917 0.225659
0 0.896891 0.904261 0.103772 0.191477
0 0.74364 0.461736 0.0898477 0.0938477
0 0.405967 0.050838 0.125466 0.101676
0 0.877654 0.546619 0.0786823 0.146965
0 0.159326 0.048354 0.126275 0.096708
0 0.791481 0.885817 0.206539 0.228365
0 0.966639 0.714954 0.0626633 0.187685
0 0.17079 0.219735 0.124917 0.225659
0 0.896891 0.904261 0.103772 0.191477
0 0.74364 0.461736 0.0898477 0.0938477
0 0.405967 0.050838 0.125466 0.101676
0 0.778964 0.888362 0.181079 0.223277
0 0.147912 0.0551727 0.154863 0.103768
0 0.878231 0.545875 0.0785481 0.127558
0 0.171728 0.213503 0.103875 0.220825
0 0.90718 0.881882 0.172375 0.236235
0 0.968047 0.724657 0.0639065 0.225136
0 0.745898 0.46151 0.0904636 0.0817637
