0 0.280954 0.721109 0.0944395 0.247092
0 0.646794 0.910899 0.0669739 0.178202
0 0.409671 0.72884 0.101019 0.236526
0 0.532874 0.640611 0.108764 0.226487
0 0.0556316 0.612223 0.106392 0.202225
0 0.651733 0.490255 0.132176 0.13063
0 0.353461 0.922471 0.093769 0.155059
0 0.87943 0.170985 0.14372 0.110712
0 0.406944 0.477395 0.0806178 0.159173
0 0.173203 0.774729 0.0461268 0.138611
0 0.277348 0.302187 0.0962359 0.136061
0 0.912419 0.894103 0.159776 0.140119
0 0.350871 0.574183 0.100096 0.165584
0 0.0445119 0.764095 0.0863162 0.235057
0 0.13723 0.342855 0.136913 0.172591
0 0.215612 0.457808 0.0372404 0.116414
0 0.485227 0.805545 0.0855139 0.0943909
0 0.459214 0.277452 0.0783459 0.0697446
0 0.903833 0.647852 0.164811 0.297643
0 0.130476 0.196484 0.0932698 0.0952455
0 0.803057 0.921806 0.100497 0.130702
0 0.280954 0.721109 0.0944395 0.247092
0 0.646794 0.910899 0.0669739 0.178202
0 0.409671 0.72884 0.101019 0.236526
0 0.532874 0.640611 0.108764 0.226487
0 0.0556316 0.612223 0.106392 0.202225
0 0.651733 0.490255 0.132176 0.13063
0 0.353461 0.922471 0.093769 0.155059
0 0.87943 0.170985 0.14372 0.110712
0 0.406944 0.477395 0.0806178 0.159173
0 0.173203 0.774729 0.0461268 0.138611
0 0.277348 0.302187 0.0962359 0.136061
0 0.912419 0.894103 0.159776 0.140119
0 0.350871 0.574183 0.100096 0.165584
0 0.0445119 0.764095 0.0863162 0.235057
0 0.13723 0.342855 0.136913 0.172591
0 0.215612 0.457808 0.0372404 0.116414
0 0.485227 0.805545 0.0855139 0.0943909
0 0.459214 0.277452 0.0783459 0.0697446
0 0.903833 0.647852 0.164811 0.297643
0 0.130476 0.196484 0.0932698 0.0952455
0 0.803057 0.921806 0.100497 0.130702
0 0.638391 0.491221 0.141213 0.129469
0 0.277848 0.7246 0.100782 0.270245
0 0.536698 0.662326 0.111535 0.253815
0 0.138907 0.347907 0.162511 0.195367
0 0.883266 0.175549 0.132714 0.0939028
0 0.277942 0.297694 0.0983351 0.130953
0 0.403027 0.691477 0.112972 0.324885
0 0.176533 0.764534 0.0492247 0.180736
0 0.0956287 0.590902 0.191257 0.276219
0 0.12567 0.190248 0.0815669 0.0834358
0 0.356288 0.919894 0.0915859 0.157616
0 0.472577 0.545887 0.0503493 0.158769
0 0.64717 0.913118 0.0689484 0.165686
0 0.901728 0.888365 0.164699 0.169368
0 0.410502 0.470107 0.0728235 0.119367
0 0.807703 0.377286 0.122277 0.0845033
0 0.394846 0.674786 0.14293 0.406146
0 0.0546446 0.77269 0.106709 0.280649
0 0.187741 0.190758 0.0798707 0.0780502
0 0.0594237 0.335444 0.117384 0.0960548
0 0.067023 0.604785 0.134046 0.299535
