0 0.189063 0.858531 0.17828 0.282938
0 0.140851 0.657436 0.101365 0.176138
0 0.295104 0.680931 0.120608 0.168147
0 0.0845192 0.188493 0.14093 0.124177
0 0.0489491 0.400172 0.0978983 0.107649
0 0.376066 0.490875 0.113247 0.0983858
0 0.132593 0.413346 0.102117 0.143952
0 0.159018 0.245894 0.0867386 0.0684667
0 0.189063 0.858531 0.17828 0.282938
0 0.140851 0.657436 0.101365 0.176138
0 0.295104 0.680931 0.120608 0.168147
0 0.0845192 0.188493 0.14093 0.124177
0 0.0489491 0.400172 0.0978983 0.107649
0 0.376066 0.490875 0.113247 0.0983858
0 0.132593 0.413346 0.102117 0.143952
0 0.159018 0.245894 0.0867386 0.0684667
0 0.374758 0.494382 0.106945 0.0919069
0 0.0771859 0.173384 0.124399 0.0888022
0 0.138532 0.659448 0.101253 0.181712
0 0.186846 0.851499 0.166913 0.292862
0 0.291691 0.685286 0.110874 0.171015
0 0.610578 0.481649 0.103171 0.0774538
0 0.156496 0.248165 0.0789929 0.0625372
0 0.12087 0.412174 0.116567 0.14336
0 0.0333839 0.821232 0.0650536 0.135215
0 0.379858 0.404964 0.0992792 0.102099
