0 0.430388 0.284572 0.195234 0.216405
0 0.695248 0.50444 0.101175 0.130377
0 0.124316 0.635573 0.163942 0.293555
0 0.846546 0.813814 0.306908 0.372373
0 0.110865 0.434319 0.185975 0.156066
0 0.432941 0.770708 0.241587 0.458583
0 0.573347 0.54532 0.0921404 0.180627
0 0.811444 0.544117 0.163239 0.191615
0 0.852743 0.451815 0.105512 0.0718964
0 0.720356 0.34127 0.143253 0.116593
0 0.581209 0.415977 0.0561272 0.107494
0 0.904002 0.530967 0.0943668 0.0945762
0 0.458988 0.80231 0.208352 0.39538
0 0.488634 0.431618 0.0505219 0.108576
0 0.619065 0.30371 0.0741828 0.136479
0 0.434065 0.458857 0.0548162 0.100211
0 0.0275999 0.794355 0.053921 0.224765
0 0.430388 0.284572 0.195234 0.216405
0 0.695248 0.50444 0.101175 0.130377
0 0.124316 0.635573 0.163942 0.293555
0 0.846546 0.813814 0.306908 0.372373
0 0.110865 0.434319 0.185975 0.156066
0 0.432941 0.770708 0.241587 0.458583
0 0.573347 0.54532 0.0921404 0.180627
0 0.811444 0.544117 0.163239 0.191615
0 0.852743 0.451815 0.105512 0.0718964
0 0.720356 0.34127 0.143253 0.116593
0 0.581209 0.415977 0.0561272 0.107494
0 0.904002 0.530967 0.0943668 0.0945762
0 0.458988 0.80231 0.208352 0.39538
0 0.488634 0.431618 0.0505219 0.108576
0 0.619065 0.30371 0.0741828 0.136479
0 0.434065 0.458857 0.0548162 0.100211
0 0.0275999 0.794355 0.053921 0.224765
0 0.817361 0.543864 0.168514 0.202247
0 0.855236 0.456235 0.115807 0.0727529
0 0.102664 0.443247 0.205328 0.175088
0 0.701516 0.502369 0.0917394 0.129788
0 0.43966 0.28784 0.194381 0.233719
0 0.434094 0.776344 0.248465 0.439375
0 0.90333 0.537346 0.101133 0.0995478
0 0.723155 0.338928 0.143574 0.118581
0 0.127688 0.642365 0.142016 0.313166
0 0.577184 0.548957 0.0887003 0.164968
0 0.849741 0.792619 0.300519 0.414761
0 0.921799 0.354419 0.156403 0.177206
0 0.585402 0.421095 0.0755564 0.100664
0 0.479363 0.301526 0.281419 0.268761
0 0.0733426 0.214328 0.146685 0.154914
0 0.440495 0.426465 0.072385 0.123979
0 0.185646 0.18073 0.060436 0.0834519
