0 0.339483 0.111021 0.204012 0.202364
0 0.431184 0.36218 0.0523136 0.111502
0 0.95072 0.896532 0.0974616 0.186832
0 0.697733 0.148837 0.114119 0.103251
0 0.111704 0.393843 0.222488 0.262375
0 0.754232 0.59417 0.0906255 0.193072
0 0.157794 0.15888 0.0479844 0.113093
0 0.893956 0.31125 0.10083 0.0858124
0 0.623463 0.32859 0.0911662 0.0882782
0 0.339483 0.111021 0.204012 0.202364
0 0.431184 0.36218 0.0523136 0.111502
0 0.95072 0.896532 0.0974616 0.186832
0 0.697733 0.148837 0.114119 0.103251
0 0.111704 0.393843 0.222488 0.262375
0 0.754232 0.59417 0.0906255 0.193072
0 0.157794 0.15888 0.0479844 0.113093
0 0.893956 0.31125 0.10083 0.0858124
0 0.623463 0.32859 0.0911662 0.0882782
0 0.898913 0.320389 0.108805 0.0712963
0 0.342174 0.120403 0.19705 0.19509
0 0.95209 0.901029 0.0881889 0.18193
0 0.456905 0.185709 0.126523 0.0937915
0 0.428164 0.346531 0.0433603 0.135976
0 0.11895 0.419535 0.217311 0.361439
