0 0.455162 0.503773 0.161472 0.302167
0 0.285837 0.828563 0.317761 0.301926
0 0.599561 0.568112 0.11559 0.169
0 0.174439 0.341419 0.148388 0.244522
0 0.516053 0.73026 0.136443 0.248916
0 0.750211 0.586202 0.131118 0.144981
0 0.168573 0.462793 0.135359 0.158536
0 0.961124 0.650247 0.0708527 0.189076
0 0.393382 0.32236 0.0997004 0.146727
0 0.0632974 0.149064 0.0968653 0.129196
0 0.630751 0.370891 0.103077 0.106182
0 0.719167 0.685897 0.126214 0.103958
0 0.320029 0.815908 0.228776 0.273519
0 0.913433 0.78984 0.0914766 0.232484
0 0.455162 0.503773 0.161472 0.302167
0 0.285837 0.828563 0.317761 0.301926
0 0.599561 0.568112 0.11559 0.169
0 0.174439 0.341419 0.148388 0.244522
0 0.516053 0.73026 0.136443 0.248916
0 0.750211 0.586202 0.131118 0.144981
0 0.168573 0.462793 0.135359 0.158536
0 0.961124 0.650247 0.0708527 0.189076
0 0.393382 0.32236 0.0997004 0.146727
0 0.0632974 0.149064 0.0968653 0.129196
0 0.630751 0.370891 0.103077 0.106182
0 0.719167 0.685897 0.126214 0.103958
0 0.320029 0.815908 0.228776 0.273519
0 0.913433 0.78984 0.0914766 0.232484
0 0.45057 0.515152 0.15924 0.294035
0 0.178592 0.351136 0.159811 0.252895
0 0.602412 0.571207 0.112664 0.175704
0 0.746673 0.577629 0.12828 0.133329
0 0.328862 0.806961 0.189667 0.261588
0 0.292293 0.813562 0.268961 0.2857
0 0.7005 0.687036 0.104951 0.109488
0 0.389542 0.326272 0.111238 0.142834
0 0.961438 0.628707 0.0749455 0.160486
0 0.634441 0.376055 0.0913835 0.097454
0 0.594626 0.862392 0.142863 0.179578
0 0.340687 0.412842 0.0640919 0.058607
0 0.93086 0.435723 0.0794153 0.091433
0 0.170692 0.0842432 0.0478538 0.164626
0 0.843787 0.24382 0.09296 0.083605
0 0.0276947 0.610776 0.0553893 0.263659
