0 0.214281 0.414839 0.158435 0.118474
0 0.260259 0.285197 0.137954 0.113116
0 0.519724 0.144812 0.101607 0.0761111
0 0.957528 0.43885 0.0849438 0.156534
0 0.888325 0.501103 0.0625572 0.119276
0 0.060861 0.738169 0.121722 0.153817
0 0.118257 0.633961 0.119184 0.118035
0 0.658887 0.517697 0.120292 0.128856
0 0.73451 0.0542156 0.0851383 0.0654061
0 0.926904 0.688905 0.0532955 0.190299
0 0.214281 0.414839 0.158435 0.118474
0 0.260259 0.285197 0.137954 0.113116
0 0.519724 0.144812 0.101607 0.0761111
0 0.957528 0.43885 0.0849438 0.156534
0 0.888325 0.501103 0.0625572 0.119276
0 0.060861 0.738169 0.121722 0.153817
0 0.118257 0.633961 0.119184 0.118035
0 0.658887 0.517697 0.120292 0.128856
0 0.73451 0.0542156 0.0851383 0.0654061
0 0.926904 0.688905 0.0532955 0.190299
0 0.254439 0.286155 0.134978 0.110335
0 0.213908 0.415505 0.156655 0.118245
0 0.097584 0.634275 0.138801 0.110756
0 0.964471 0.585743 0.0710579 0.113193
0 0.95763 0.428335 0.0819782 0.154537
0 0.256899 0.645908 0.0750125 0.103249
0 0.470001 0.0256645 0.0753183 0.0451627
