0 0.215491 0.531811 0.194646 0.187308
0 0.190693 0.915192 0.117482 0.169616
0 0.176236 0.684286 0.220494 0.14624
0 0.378072 0.513604 0.118303 0.199386
0 0.942225 0.92674 0.11555 0.119082
0 0.682847 0.4271 0.0861862 0.149395
0 0.060473 0.172316 0.120946 0.107032
0 0.56918 0.540772 0.0846872 0.129185
0 0.14534 0.672345 0.186118 0.135737
0 0.215491 0.531811 0.194646 0.187308
0 0.190693 0.915192 0.117482 0.169616
0 0.176236 0.684286 0.220494 0.14624
0 0.378072 0.513604 0.118303 0.199386
0 0.942225 0.92674 0.11555 0.119082
0 0.682847 0.4271 0.0861862 0.149395
0 0.060473 0.172316 0.120946 0.107032
0 0.56918 0.540772 0.0846872 0.129185
0 0.14534 0.672345 0.186118 0.135737
0 0.212699 0.536558 0.165719 0.157469
0 0.401485 0.728898 0.0872563 0.166638
0 0.941305 0.920828 0.11739 0.112113
0 0.167501 0.694693 0.236604 0.185435
0 0.0750825 0.489782 0.0723162 0.179844
0 0.381717 0.515941 0.0913986 0.13748
0 0.504763 0.689479 0.0962394 0.063767
0 0.565357 0.541685 0.076313 0.115196
0 0.681875 0.406307 0.0947289 0.135722
0 0.842372 0.239459 0.0720177 0.0755218
