0 0.872448 0.784776 0.228496 0.229353
0 0.829452 0.941999 0.189201 0.116001
0 0.523435 0.828301 0.250173 0.248468
0 0.343782 0.476014 0.258649 0.197327
0 0.30248 0.794573 0.360322 0.397908
0 0.432045 0.106161 0.18178 0.182237
0 0.383628 0.461003 0.172988 0.12835
0 0.0943268 0.315595 0.10386 0.295614
0 0.572284 0.293947 0.12495 0.106075
0 0.271042 0.752654 0.350421 0.445431
0 0.876719 0.173559 0.150846 0.0951399
0 0.332035 0.830848 0.338063 0.338304
0 0.680531 0.239612 0.127155 0.0942981
0 0.251865 0.506949 0.147647 0.110945
0 0.873462 0.461981 0.106036 0.215478
0 0.250378 0.105725 0.104761 0.0926125
0 0.872448 0.784776 0.228496 0.229353
0 0.829452 0.941999 0.189201 0.116001
0 0.523435 0.828301 0.250173 0.248468
0 0.343782 0.476014 0.258649 0.197327
0 0.30248 0.794573 0.360322 0.397908
0 0.432045 0.106161 0.18178 0.182237
0 0.383628 0.461003 0.172988 0.12835
0 0.0943268 0.315595 0.10386 0.295614
0 0.572284 0.293947 0.12495 0.106075
0 0.271042 0.752654 0.350421 0.445431
0 0.876719 0.173559 0.150846 0.0951399
0 0.332035 0.830848 0.338063 0.338304
0 0.680531 0.239612 0.127155 0.0942981
0 0.251865 0.506949 0.147647 0.110945
0 0.873462 0.461981 0.106036 0.215478
0 0.250378 0.105725 0.104761 0.0926125
0 0.428661 0.105182 0.155424 0.184424
0 0.867206 0.787748 0.247892 0.229433
0 0.829739 0.938563 0.194926 0.122874
0 0.514977 0.442242 0.0858763 0.0956338
0 0.524861 0.839823 0.242311 0.274203
0 0.379261 0.475892 0.189957 0.194279
0 0.873675 0.180042 0.142896 0.0807755
0 0.873788 0.29637 0.111534 0.0763794
0 0.563565 0.108889 0.119613 0.0876781
0 0.300093 0.128391 0.110909 0.121145
0 0.311812 0.807703 0.442156 0.384593
0 0.674762 0.241186 0.132158 0.0932224
0 0.19685 0.692008 0.345184 0.3783
0 0.565438 0.307668 0.11015 0.133828
0 0.871104 0.473786 0.144341 0.275878
0 0.356329 0.838218 0.418677 0.323565
0 0.23807 0.775108 0.454869 0.449784
0 0.619502 0.723191 0.0376621 0.0666341
0 0.0934681 0.319995 0.104558 0.265633
