0 0.749563 0.421163 0.214486 0.230148
0 0.0812204 0.847723 0.162441 0.304555
0 0.355626 0.161411 0.180909 0.141181
0 0.657019 0.18903 0.201805 0.202888
0 0.0752141 0.537075 0.150428 0.269771
0 0.956769 0.720619 0.0775352 0.219102
0 0.180626 0.368049 0.140364 0.119364
0 0.935339 0.598435 0.120251 0.184132
0 0.977408 0.808653 0.0451851 0.212222
0 0.749563 0.421163 0.214486 0.230148
0 0.0812204 0.847723 0.162441 0.304555
0 0.355626 0.161411 0.180909 0.141181
0 0.657019 0.18903 0.201805 0.202888
0 0.0752141 0.537075 0.150428 0.269771
0 0.956769 0.720619 0.0775352 0.219102
0 0.180626 0.368049 0.140364 0.119364
0 0.935339 0.598435 0.120251 0.184132
0 0.977408 0.808653 0.0451851 0.212222
0 0.0764846 0.54871 0.152969 0.252157
0 0.748312 0.427119 0.219842 0.236309
0 0.0908653 0.868367 0.181731 0.227039
0 0.351511 0.167733 0.200461 0.154724
0 0.671886 0.191823 0.159299 0.187732
0 0.812572 0.873989 0.0915474 0.151798
0 0.857505 0.231789 0.154638 0.191592
0 0.220941 0.112718 0.143731 0.127874
0 0.336988 0.0758998 0.0681855 0.0662713
0 0.0429268 0.75713 0.082422 0.135232
0 0.0819934 0.203045 0.0991372 0.147181
0 0.639968 0.8141 0.115248 0.227112
0 0.954497 0.708687 0.0802765 0.145335
0 0.263081 0.340932 0.378909 0.383802
