0 0.768735 0.43939 0.165926 0.132776
0 0.641587 0.824441 0.318825 0.351117
0 0.235417 0.772684 0.267997 0.318739
0 0.454823 0.387361 0.277803 0.234306
0 0.753996 0.616429 0.16741 0.24177
0 0.857946 0.591686 0.115403 0.111771
0 0.144799 0.50572 0.20868 0.213613
0 0.0641073 0.741894 0.128215 0.238041
0 0.160822 0.497956 0.173368 0.156453
0 0.781349 0.526605 0.110235 0.0987276
0 0.902253 0.878861 0.115066 0.208431
0 0.636307 0.567963 0.0654484 0.116086
0 0.538868 0.494691 0.061109 0.138058
0 0.0850221 0.382893 0.0769569 0.138007
0 0.941555 0.597169 0.105447 0.1611
0 0.977897 0.744802 0.0442064 0.180138
0 0.0749969 0.735812 0.149994 0.301332
0 0.768735 0.43939 0.165926 0.132776
0 0.641587 0.824441 0.318825 0.351117
0 0.235417 0.772684 0.267997 0.318739
0 0.454823 0.387361 0.277803 0.234306
0 0.753996 0.616429 0.16741 0.24177
0 0.857946 0.591686 0.115403 0.111771
0 0.144799 0.50572 0.20868 0.213613
0 0.0641073 0.741894 0.128215 0.238041
0 0.160822 0.497956 0.173368 0.156453
0 0.781349 0.526605 0.110235 0.0987276
0 0.902253 0.878861 0.115066 0.208431
0 0.636307 0.567963 0.0654484 0.116086
0 0.538868 0.494691 0.061109 0.138058
0 0.0850221 0.382893 0.0769569 0.138007
0 0.941555 0.597169 0.105447 0.1611
0 0.977897 0.744802 0.0442064 0.180138
0 0.0749969 0.735812 0.149994 0.301332
0 0.761455 0.633708 0.170854 0.228286
0 0.460253 0.398457 0.251201 0.227888
0 0.780817 0.532789 0.113496 0.083435
0 0.336195 0.247903 0.0995957 0.136778
0 0.76772 0.441076 0.180475 0.141319
0 0.63817 0.820624 0.307016 0.358751
0 0.858088 0.590574 0.11005 0.114184
0 0.256178 0.791489 0.295199 0.386095
0 0.137735 0.520263 0.21819 0.202557
0 0.92657 0.380961 0.117073 0.0884691
0 0.0656399 0.743647 0.13128 0.276346
0 0.911826 0.86778 0.122642 0.171939
0 0.938475 0.596357 0.12305 0.119802
0 0.724064 0.785484 0.0772355 0.161899
0 0.637733 0.564754 0.0590355 0.121439
0 0.14322 0.441606 0.0732961 0.113475
0 0.0930844 0.385791 0.0858811 0.13673
