0 0.404341 0.634567 0.11853 0.108074
0 0.0702804 0.903128 0.140561 0.193744
0 0.852833 0.544227 0.119737 0.134065
0 0.294435 0.73966 0.213807 0.156893
0 0.346074 0.466491 0.13871 0.139635
0 0.89959 0.76562 0.131955 0.199073
0 0.67084 0.767071 0.122843 0.12118
0 0.305075 0.157988 0.104624 0.0765708
0 0.428405 0.319743 0.105549 0.083002
0 0.54658 0.794873 0.107761 0.118723
0 0.506738 0.405688 0.0664082 0.0764347
0 0.623456 0.222732 0.0833621 0.0712782
0 0.404341 0.634567 0.11853 0.108074
0 0.0702804 0.903128 0.140561 0.193744
0 0.852833 0.544227 0.119737 0.134065
0 0.294435 0.73966 0.213807 0.156893
0 0.346074 0.466491 0.13871 0.139635
0 0.89959 0.76562 0.131955 0.199073
0 0.67084 0.767071 0.122843 0.12118
0 0.305075 0.157988 0.104624 0.0765708
0 0.428405 0.319743 0.105549 0.083002
0 0.54658 0.794873 0.107761 0.118723
0 0.506738 0.405688 0.0664082 0.0764347
0 0.623456 0.222732 0.0833621 0.0712782
0 0.337506 0.463619 0.114812 0.120972
0 0.854404 0.547504 0.116136 0.103033
0 0.403336 0.630255 0.110387 0.0962657
0 0.0719905 0.908086 0.143981 0.164606
0 0.847986 0.656616 0.0561783 0.084676
0 0.307384 0.159181 0.100228 0.0632154
0 0.31039 0.741267 0.221479 0.158626
0 0.900188 0.778793 0.127819 0.179502
0 0.877282 0.762934 0.0782173 0.135995
0 0.520777 0.539648 0.0372381 0.0630968
0 0.563484 0.391551 0.0624352 0.0692047
0 0.510266 0.348716 0.057642 0.0555772
0 0.415374 0.330106 0.0909359 0.0717935
0 0.830372 0.385357 0.100472 0.0541882
0 0.555083 0.477337 0.0575367 0.0893753
