0 0.93624 0.857016 0.124723 0.250602
0 0.267602 0.331772 0.123631 0.107486
0 0.131187 0.436485 0.225246 0.148731
0 0.134514 0.553394 0.0969867 0.124403
0 0.10708 0.426466 0.185257 0.116754
0 0.93624 0.857016 0.124723 0.250602
0 0.267602 0.331772 0.123631 0.107486
0 0.131187 0.436485 0.225246 0.148731
0 0.134514 0.553394 0.0969867 0.124403
0 0.10708 0.426466 0.185257 0.116754
0 0.930244 0.856775 0.139013 0.283707
0 0.135251 0.550197 0.0922188 0.117481
0 0.0999227 0.419071 0.122442 0.10959
0 0.188673 0.458562 0.11106 0.0950548
0 0.380203 0.389616 0.081372 0.0764167
0 0.275376 0.326048 0.0989041 0.0836188
0 0.126688 0.311563 0.0600225 0.0724506
