0 0.868837 0.468895 0.0892189 0.129221
0 0.194496 0.619502 0.101086 0.214173
0 0.892659 0.322359 0.0811155 0.146579
0 0.254789 0.262781 0.10187 0.170396
0 0.563151 0.0691711 0.112634 0.0772251
0 0.549112 0.956845 0.128492 0.0863096
0 0.868837 0.468895 0.0892189 0.129221
0 0.194496 0.619502 0.101086 0.214173
0 0.892659 0.322359 0.0811155 0.146579
0 0.254789 0.262781 0.10187 0.170396
0 0.563151 0.0691711 0.112634 0.0772251
0 0.549112 0.956845 0.128492 0.0863096
0 0.197751 0.635721 0.0782825 0.274148
0 0.552287 0.956272 0.149151 0.0874561
0 0.871497 0.46569 0.0904625 0.116502
0 0.560427 0.0721949 0.10729 0.065911
0 0.125924 0.0686117 0.0767036 0.137223
0 0.898384 0.326577 0.0769241 0.123631
