0 0.935755 0.834644 0.0930046 0.189303
0 0.762791 0.926195 0.132791 0.14761
0 0.649974 0.688839 0.173272 0.243798
0 0.854854 0.858467 0.108093 0.247602
0 0.218728 0.179393 0.231838 0.217409
0 0.552338 0.378568 0.194384 0.234295
0 0.374181 0.6815 0.317474 0.229269
0 0.770403 0.660308 0.0464302 0.109978
0 0.422658 0.666925 0.355862 0.290263
0 0.863096 0.624144 0.0495762 0.126882
0 0.502048 0.0417411 0.114705 0.081845
0 0.336351 0.43079 0.0957597 0.248823
0 0.26938 0.385476 0.268345 0.352653
0 0.845242 0.527154 0.153715 0.123165
0 0.596359 0.562585 0.043201 0.132124
0 0.812642 0.597929 0.0440339 0.0887272
0 0.950246 0.637025 0.06497 0.0897544
0 0.951806 0.577705 0.0882003 0.127253
0 0.935755 0.834644 0.0930046 0.189303
0 0.762791 0.926195 0.132791 0.14761
0 0.649974 0.688839 0.173272 0.243798
0 0.854854 0.858467 0.108093 0.247602
0 0.218728 0.179393 0.231838 0.217409
0 0.552338 0.378568 0.194384 0.234295
0 0.374181 0.6815 0.317474 0.229269
0 0.770403 0.660308 0.0464302 0.109978
0 0.422658 0.666925 0.355862 0.290263
0 0.863096 0.624144 0.0495762 0.126882
0 0.502048 0.0417411 0.114705 0.081845
0 0.336351 0.43079 0.0957597 0.248823
0 0.26938 0.385476 0.268345 0.352653
0 0.845242 0.527154 0.153715 0.123165
0 0.596359 0.562585 0.043201 0.132124
0 0.812642 0.597929 0.0440339 0.0887272
0 0.950246 0.637025 0.06497 0.0897544
0 0.951806 0.577705 0.0882003 0.127253
0 0.94013 0.83123 0.0814003 0.183708
0 0.855709 0.856424 0.114728 0.220844
0 0.233308 0.153226 0.147988 0.142152
0 0.63326 0.710842 0.208384 0.266014
0 0.335102 0.434153 0.0911261 0.185301
0 0.406177 0.654149 0.396749 0.322046
0 0.54309 0.386705 0.207216 0.18239
0 0.207435 0.151044 0.206992 0.14675
0 0.833715 0.532851 0.124093 0.115276
0 0.281584 0.344868 0.12406 0.146031
0 0.743307 0.715877 0.109527 0.341216
0 0.946842 0.582597 0.0999134 0.115188
0 0.286321 0.0846312 0.108804 0.0803922
0 0.748481 0.934397 0.13286 0.131206
0 0.861119 0.619112 0.0465191 0.106504
0 0.218112 0.312438 0.0951694 0.0808204
