0 0.722745 0.294562 0.158043 0.127498
0 0.493003 0.248289 0.329844 0.310627
0 0.636351 0.233832 0.0998936 0.080428
0 0.929561 0.401176 0.132011 0.132066
0 0.756769 0.537202 0.339253 0.289605
0 0.0863402 0.651087 0.165953 0.228558
0 0.856485 0.225384 0.0376516 0.0809563
0 0.722745 0.294562 0.158043 0.127498
0 0.493003 0.248289 0.329844 0.310627
0 0.636351 0.233832 0.0998936 0.080428
0 0.929561 0.401176 0.132011 0.132066
0 0.756769 0.537202 0.339253 0.289605
0 0.0863402 0.651087 0.165953 0.228558
0 0.856485 0.225384 0.0376516 0.0809563
0 0.724448 0.302982 0.154924 0.143079
0 0.924316 0.412116 0.151367 0.153066
0 0.484892 0.266697 0.336578 0.325476
0 0.731211 0.55823 0.362827 0.300065
0 0.959146 0.679253 0.0758559 0.218293
0 0.0304644 0.197992 0.0585225 0.145442
0 0.696603 0.185336 0.0934256 0.069384
0 0.633456 0.235135 0.0942141 0.0742898
