0 0.545415 0.606215 0.0954346 0.170854
0 0.61602 0.371114 0.137873 0.12527
0 0.520435 0.478905 0.105704 0.180293
0 0.507978 0.851326 0.0626404 0.159293
0 0.642138 0.185358 0.161042 0.171156
0 0.735935 0.894535 0.137553 0.190842
0 0.204912 0.326615 0.109863 0.0910707
0 0.10685 0.535024 0.212206 0.246842
0 0.379756 0.511235 0.0824123 0.102497
0 0.445982 0.214898 0.0997062 0.0848674
0 0.545415 0.606215 0.0954346 0.170854
0 0.61602 0.371114 0.137873 0.12527
0 0.520435 0.478905 0.105704 0.180293
0 0.507978 0.851326 0.0626404 0.159293
0 0.642138 0.185358 0.161042 0.171156
0 0.735935 0.894535 0.137553 0.190842
0 0.204912 0.326615 0.109863 0.0910707
0 0.10685 0.535024 0.212206 0.246842
0 0.379756 0.511235 0.0824123 0.102497
0 0.445982 0.214898 0.0997062 0.0848674
0 0.544519 0.603945 0.0850719 0.182748
0 0.517875 0.475529 0.0970014 0.165185
0 0.84442 0.312056 0.124246 0.110113
0 0.410978 0.321029 0.0797519 0.0666589
0 0.636105 0.193224 0.17428 0.192999
0 0.465769 0.0430318 0.0950752 0.066098
0 0.511854 0.850643 0.0642649 0.151878
0 0.974015 0.847999 0.0519697 0.0829057
0 0.619748 0.378885 0.107154 0.113228
0 0.816617 0.107016 0.117019 0.125899
0 0.201656 0.327168 0.105309 0.0779285
0 0.968136 0.927967 0.0637286 0.0592217
