0 0.695093 0.492205 0.158392 0.142973
0 0.551174 0.438211 0.123964 0.161522
0 0.852182 0.636186 0.295636 0.233755
0 0.246429 0.627674 0.216133 0.177874
0 0.306028 0.252217 0.118624 0.155296
0 0.26326 0.453841 0.124843 0.114572
0 0.930341 0.374598 0.117586 0.144494
0 0.592634 0.608774 0.0596596 0.1157
0 0.62605 0.431254 0.0496351 0.164694
0 0.695093 0.492205 0.158392 0.142973
0 0.551174 0.438211 0.123964 0.161522
0 0.852182 0.636186 0.295636 0.233755
0 0.246429 0.627674 0.216133 0.177874
0 0.306028 0.252217 0.118624 0.155296
0 0.26326 0.453841 0.124843 0.114572
0 0.930341 0.374598 0.117586 0.144494
0 0.592634 0.608774 0.0596596 0.1157
0 0.62605 0.431254 0.0496351 0.164694
0 0.550767 0.444022 0.148466 0.183291
0 0.262288 0.452166 0.13277 0.135639
0 0.845014 0.643033 0.308954 0.251684
0 0.679838 0.489655 0.110706 0.138978
0 0.0697043 0.284993 0.124508 0.193137
0 0.314953 0.255115 0.122116 0.151015
0 0.625517 0.430597 0.0637204 0.140609
0 0.170761 0.15908 0.115787 0.119706
0 0.377799 0.0726921 0.0725756 0.0643226
0 0.926922 0.256174 0.102373 0.064269
0 0.594374 0.623116 0.0687157 0.169576
0 0.430467 0.193382 0.100718 0.184904
0 0.242129 0.618424 0.22573 0.178632
0 0.632234 0.953804 0.0718987 0.0921776
