0 0.125955 0.12006 0.251911 0.24012
0 0.700337 0.735782 0.295735 0.429319
0 0.320108 0.397541 0.115812 0.13461
0 0.304579 0.295318 0.0968871 0.211716
0 0.506358 0.422899 0.129458 0.0991123
0 0.342223 0.0980512 0.102504 0.0814435
0 0.441559 0.270813 0.0803053 0.170827
0 0.0650055 0.660509 0.130011 0.280464
0 0.549434 0.511042 0.138585 0.123446
0 0.273415 0.690407 0.263305 0.176169
0 0.560551 0.295129 0.0840555 0.196788
0 0.125955 0.12006 0.251911 0.24012
0 0.700337 0.735782 0.295735 0.429319
0 0.320108 0.397541 0.115812 0.13461
0 0.304579 0.295318 0.0968871 0.211716
0 0.506358 0.422899 0.129458 0.0991123
0 0.342223 0.0980512 0.102504 0.0814435
0 0.441559 0.270813 0.0803053 0.170827
0 0.0650055 0.660509 0.130011 0.280464
0 0.549434 0.511042 0.138585 0.123446
0 0.273415 0.690407 0.263305 0.176169
0 0.560551 0.295129 0.0840555 0.196788
0 0.767857 0.161852 0.125567 0.121139
0 0.542442 0.526509 0.128144 0.148295
0 0.322988 0.403559 0.112894 0.129899
0 0.948788 0.201276 0.102425 0.100496
0 0.73563 0.769555 0.368579 0.425107
0 0.562767 0.304625 0.0715278 0.147212
0 0.131155 0.113971 0.24787 0.227943
0 0.909392 0.404899 0.181217 0.165579
0 0.642039 0.424305 0.0697624 0.114587
0 0.911075 0.923322 0.177849 0.153356
0 0.0703462 0.133716 0.137976 0.240654
0 0.834032 0.654477 0.0706283 0.257505
0 0.71607 0.519482 0.0673831 0.200862
0 0.440184 0.279008 0.0907877 0.194699
0 0.756451 0.821066 0.330247 0.357867
