0 0.317239 0.0955983 0.186247 0.171807
0 0.645751 0.547422 0.161215 0.183143
0 0.153086 0.314707 0.306172 0.33786
0 0.504211 0.227436 0.103829 0.0909961
0 0.37997 0.324128 0.0607126 0.125405
0 0.657196 0.116536 0.0986286 0.0847745
0 0.850598 0.265938 0.0998322 0.0847333
0 0.317239 0.0955983 0.186247 0.171807
0 0.645751 0.547422 0.161215 0.183143
0 0.153086 0.314707 0.306172 0.33786
0 0.504211 0.227436 0.103829 0.0909961
0 0.37997 0.324128 0.0607126 0.125405
0 0.657196 0.116536 0.0986286 0.0847745
0 0.850598 0.265938 0.0998322 0.0847333
0 0.309685 0.0918084 0.189486 0.170062
0 0.852275 0.273711 0.101658 0.0694731
0 0.147939 0.325172 0.295879 0.332126
0 0.642489 0.551138 0.158446 0.160239
0 0.20807 0.0907818 0.14773 0.0770663
0 0.373847 0.306638 0.0504868 0.156666
0 0.318054 0.597998 0.0514182 0.0547977
0 0.645301 0.117996 0.116824 0.0749944
