0 0.453249 0.31755 0.142769 0.164748
0 0.22156 0.475656 0.230444 0.175587
0 0.703521 0.533088 0.161462 0.141501
0 0.827753 0.836048 0.344495 0.327903
0 0.260369 0.665121 0.327468 0.254044
0 0.87772 0.449203 0.13483 0.129918
0 0.451264 0.853312 0.169125 0.293376
0 0.958282 0.552841 0.069062 0.156567
0 0.79241 0.841427 0.383902 0.317146
0 0.165299 0.154244 0.304269 0.304183
0 0.218904 0.668677 0.277369 0.213072
0 0.397448 0.211851 0.13326 0.105326
0 0.852746 0.119591 0.294509 0.239182
0 0.453249 0.31755 0.142769 0.164748
0 0.22156 0.475656 0.230444 0.175587
0 0.703521 0.533088 0.161462 0.141501
0 0.827753 0.836048 0.344495 0.327903
0 0.260369 0.665121 0.327468 0.254044
0 0.87772 0.449203 0.13483 0.129918
0 0.451264 0.853312 0.169125 0.293376
0 0.958282 0.552841 0.069062 0.156567
0 0.79241 0.841427 0.383902 0.317146
0 0.165299 0.154244 0.304269 0.304183
0 0.218904 0.668677 0.277369 0.213072
0 0.397448 0.211851 0.13326 0.105326
0 0.852746 0.119591 0.294509 0.239182
0 0.700783 0.544817 0.180739 0.17329
0 0.87191 0.45089 0.107986 0.131621
0 0.445678 0.850704 0.15418 0.298593
0 0.452497 0.319343 0.136109 0.185729
0 0.227662 0.479546 0.242349 0.19951
0 0.644453 0.13976 0.137633 0.127723
0 0.163767 0.161794 0.23768 0.210255
0 0.806746 0.842944 0.386509 0.314111
0 0.240005 0.676364 0.362653 0.29119
0 0.393522 0.216378 0.144967 0.126793
0 0.108126 0.0465585 0.14223 0.0791786
0 0.958183 0.519924 0.0833508 0.220065
0 0.831836 0.101433 0.336328 0.202866
0 0.476008 0.0761042 0.0927978 0.146176
0 0.0461029 0.34795 0.0911331 0.264774
