0 0.220837 0.062198 0.126228 0.102876
0 0.541276 0.230938 0.147261 0.106012
0 0.329897 0.301614 0.130921 0.148519
0 0.848785 0.107593 0.17176 0.181994
0 0.0485312 0.882272 0.0970313 0.235456
0 0.948831 0.578932 0.097196 0.183694
0 0.708499 0.272749 0.126947 0.105901
0 0.370578 0.059089 0.0967597 0.077873
0 0.220837 0.062198 0.126228 0.102876
0 0.541276 0.230938 0.147261 0.106012
0 0.329897 0.301614 0.130921 0.148519
0 0.848785 0.107593 0.17176 0.181994
0 0.0485312 0.882272 0.0970313 0.235456
0 0.948831 0.578932 0.097196 0.183694
0 0.708499 0.272749 0.126947 0.105901
0 0.370578 0.059089 0.0967597 0.077873
0 0.325629 0.300658 0.124728 0.142322
0 0.861043 0.107189 0.17788 0.164935
0 0.535437 0.235977 0.164202 0.110727
0 0.700421 0.273677 0.107948 0.11037
0 0.935288 0.330839 0.0831085 0.0499471
0 0.222138 0.133866 0.0707892 0.0657203
0 0.952935 0.571975 0.0911842 0.157633
0 0.886082 0.745705 0.0975887 0.287814
0 0.177665 0.102824 0.0676278 0.0397487
0 0.974485 0.465256 0.0510298 0.161353
0 0.210223 0.325414 0.0473615 0.0531669
0 0.239833 0.324068 0.0591398 0.0486885
0 0.217126 0.065347 0.107811 0.110636
