0 0.501451 0.823754 0.0619429 0.19369
0 0.593356 0.341391 0.122353 0.119375
0 0.618932 0.147521 0.155039 0.167772
0 0.102796 0.521195 0.191891 0.239881
0 0.519494 0.567115 0.112057 0.190954
0 0.609279 0.475047 0.0959488 0.165183
0 0.82085 0.287333 0.119445 0.0934464
0 0.497678 0.442374 0.100905 0.170681
0 0.36808 0.499864 0.0713962 0.116839
0 0.501451 0.823754 0.0619429 0.19369
0 0.593356 0.341391 0.122353 0.119375
0 0.618932 0.147521 0.155039 0.167772
0 0.102796 0.521195 0.191891 0.239881
0 0.519494 0.567115 0.112057 0.190954
0 0.609279 0.475047 0.0959488 0.165183
0 0.82085 0.287333 0.119445 0.0934464
0 0.497678 0.442374 0.100905 0.170681
0 0.36808 0.499864 0.0713962 0.116839
0 0.818058 0.288214 0.123224 0.104899
0 0.492074 0.44541 0.0965663 0.168476
0 0.589147 0.350764 0.114446 0.100226
0 0.623297 0.154931 0.172581 0.18943
0 0.504559 0.827133 0.068551 0.182564
0 0.519488 0.570796 0.0929049 0.180334
0 0.183816 0.315142 0.108345 0.0656383
0 0.0924572 0.878961 0.184914 0.242078
0 0.0347779 0.169393 0.0695559 0.0674635
