0 0.498182 0.561476 0.103025 0.179744
0 0.489015 0.817933 0.0645365 0.220479
0 0.594833 0.131302 0.150193 0.17603
0 0.311233 0.240582 0.309836 0.25047
0 0.570824 0.325499 0.113073 0.128951
0 0.475154 0.434981 0.109669 0.163604
0 0.795447 0.283051 0.126116 0.100389
0 0.583384 0.474144 0.0808413 0.156684
0 0.800224 0.0646347 0.145771 0.117908
0 0.118186 0.863947 0.211536 0.272106
0 0.679029 0.914123 0.0853018 0.147221
0 0.498182 0.561476 0.103025 0.179744
0 0.489015 0.817933 0.0645365 0.220479
0 0.594833 0.131302 0.150193 0.17603
0 0.311233 0.240582 0.309836 0.25047
0 0.570824 0.325499 0.113073 0.128951
0 0.475154 0.434981 0.109669 0.163604
0 0.795447 0.283051 0.126116 0.100389
0 0.583384 0.474144 0.0808413 0.156684
0 0.800224 0.0646347 0.145771 0.117908
0 0.118186 0.863947 0.211536 0.272106
0 0.679029 0.914123 0.0853018 0.147221
0 0.572591 0.34276 0.107602 0.109095
0 0.79328 0.284483 0.124667 0.109665
0 0.475069 0.432478 0.10578 0.161943
0 0.587531 0.134731 0.183734 0.187652
0 0.500858 0.557461 0.0860824 0.18151
0 0.495211 0.828189 0.0691367 0.187886
0 0.347962 0.248888 0.339699 0.264196
0 0.78175 0.0740404 0.162974 0.11396
