0 0.756631 0.548338 0.332668 0.277393
0 0.478617 0.248229 0.344078 0.312233
0 0.9321 0.407448 0.130973 0.128336
0 0.73402 0.309063 0.15117 0.135092
0 0.635094 0.237873 0.0965822 0.0829953
0 0.844746 0.344893 0.117308 0.100079
0 0.339466 0.0848676 0.111229 0.0855264
0 0.756631 0.548338 0.332668 0.277393
0 0.478617 0.248229 0.344078 0.312233
0 0.9321 0.407448 0.130973 0.128336
0 0.73402 0.309063 0.15117 0.135092
0 0.635094 0.237873 0.0965822 0.0829953
0 0.844746 0.344893 0.117308 0.100079
0 0.339466 0.0848676 0.111229 0.0855264
0 0.73289 0.308171 0.149066 0.136325
0 0.922219 0.418411 0.155562 0.148958
0 0.472589 0.264376 0.328261 0.314147
0 0.748208 0.569421 0.397507 0.339306
0 0.960298 0.681968 0.0741783 0.214068
0 0.832541 0.35547 0.119993 0.111576
0 0.700672 0.188946 0.089192 0.065899
0 0.0313552 0.194098 0.0602641 0.144697
0 0.802911 0.564646 0.216502 0.28998
