0 0.402666 0.293434 0.115417 0.120893
0 0.842207 0.443004 0.136457 0.132352
0 0.184597 0.052432 0.170474 0.103088
0 0.219718 0.271452 0.0913548 0.0797373
0 0.696559 0.368716 0.109911 0.148088
0 0.440538 0.122923 0.0813058 0.065264
0 0.315747 0.16233 0.0734613 0.0930552
0 0.547551 0.0694335 0.0891352 0.0774946
0 0.402666 0.293434 0.115417 0.120893
0 0.842207 0.443004 0.136457 0.132352
0 0.184597 0.052432 0.170474 0.103088
0 0.219718 0.271452 0.0913548 0.0797373
0 0.696559 0.368716 0.109911 0.148088
0 0.440538 0.122923 0.0813058 0.065264
0 0.315747 0.16233 0.0734613 0.0930552
0 0.547551 0.0694335 0.0891352 0.0774946
0 0.836577 0.443388 0.134642 0.142963
0 0.693585 0.370822 0.103717 0.148408
0 0.397532 0.290817 0.115742 0.113877
0 0.178327 0.0647154 0.188718 0.118083
0 0.224428 0.275369 0.10438 0.0693067
0 0.3168 0.161042 0.07002 0.0833576
0 0.539814 0.0677557 0.0679763 0.0601965
0 0.437297 0.120709 0.0626633 0.0631096
0 0.692598 0.224366 0.079073 0.0633934
0 0.595421 0.210104 0.0702513 0.0638683
0 0.709601 0.763265 0.136174 0.414871
