0 0.824614 0.215398 0.209565 0.150057
0 0.65306 0.221131 0.156328 0.122628
0 0.59898 0.390734 0.130807 0.0993069
0 0.964911 0.349045 0.070179 0.106892
0 0.650524 0.314853 0.0913052 0.064663
0 0.916569 0.108344 0.114161 0.0765089
0 0.0867491 0.0504267 0.148664 0.100853
0 0.824614 0.215398 0.209565 0.150057
0 0.65306 0.221131 0.156328 0.122628
0 0.59898 0.390734 0.130807 0.0993069
0 0.964911 0.349045 0.070179 0.106892
0 0.650524 0.314853 0.0913052 0.064663
0 0.916569 0.108344 0.114161 0.0765089
0 0.0867491 0.0504267 0.148664 0.100853
0 0.597961 0.386312 0.121179 0.0939123
0 0.653978 0.216823 0.156148 0.123087
0 0.0908025 0.0477126 0.154914 0.0954251
0 0.658166 0.321065 0.101303 0.0704013
0 0.828534 0.213556 0.223121 0.161875
0 0.96251 0.325005 0.07498 0.195228
0 0.408005 0.0732266 0.0884411 0.0651134
0 0.878688 0.0301205 0.0822182 0.0513455
