0 0.0628136 0.516307 0.125627 0.206586
0 0.510928 0.82534 0.110943 0.304666
0 0.586924 0.785826 0.111292 0.268457
0 0.332985 0.825926 0.103778 0.315455
0 0.366126 0.569324 0.0720725 0.198095
0 0.530152 0.458007 0.0827623 0.144585
0 0.871233 0.616814 0.0942238 0.172676
0 0.861541 0.840853 0.146753 0.139658
0 0.720743 0.676911 0.120546 0.195398
0 0.230562 0.554204 0.10013 0.0957354
0 0.163812 0.154679 0.116765 0.0989303
0 0.437704 0.450359 0.0734027 0.171943
0 0.42017 0.580314 0.0479427 0.110581
0 0.245218 0.341889 0.0687144 0.159778
0 0.332068 0.270141 0.0960833 0.1728
0 0.643714 0.683136 0.0891439 0.174081
0 0.617752 0.549781 0.0801472 0.203857
0 0.940871 0.674696 0.0786175 0.100258
0 0.830822 0.484635 0.0765033 0.0863829
0 0.184084 0.398138 0.0795071 0.119691
0 0.694806 0.281656 0.0802764 0.108185
0 0.460614 0.39159 0.065398 0.121993
0 0.0838373 0.363343 0.129854 0.118773
0 0.497614 0.544095 0.0890159 0.152027
0 0.122609 0.92203 0.0717691 0.15594
0 0.65642 0.828484 0.0553694 0.167625
0 0.377419 0.578664 0.0766107 0.20165
0 0.0254885 0.190494 0.04588 0.106564
0 0.355476 0.175566 0.0989206 0.0835236
0 0.365075 0.553124 0.0627048 0.153472
0 0.0419336 0.147372 0.075227 0.160199
0 0.0628136 0.516307 0.125627 0.206586
0 0.510928 0.82534 0.110943 0.304666
0 0.586924 0.785826 0.111292 0.268457
0 0.332985 0.825926 0.103778 0.315455
0 0.366126 0.569324 0.0720725 0.198095
0 0.530152 0.458007 0.0827623 0.144585
0 0.871233 0.616814 0.0942238 0.172676
0 0.861541 0.840853 0.146753 0.139658
0 0.720743 0.676911 0.120546 0.195398
0 0.230562 0.554204 0.10013 0.0957354
0 0.163812 0.154679 0.116765 0.0989303
0 0.437704 0.450359 0.0734027 0.171943
0 0.42017 0.580314 0.0479427 0.110581
0 0.245218 0.341889 0.0687144 0.159778
0 0.332068 0.270141 0.0960833 0.1728
0 0.643714 0.683136 0.0891439 0.174081
0 0.617752 0.549781 0.0801472 0.203857
0 0.940871 0.674696 0.0786175 0.100258
0 0.830822 0.484635 0.0765033 0.0863829
0 0.184084 0.398138 0.0795071 0.119691
0 0.694806 0.281656 0.0802764 0.108185
0 0.460614 0.39159 0.065398 0.121993
0 0.0838373 0.363343 0.129854 0.118773
0 0.497614 0.544095 0.0890159 0.152027
0 0.122609 0.92203 0.0717691 0.15594
0 0.65642 0.828484 0.0553694 0.167625
0 0.377419 0.578664 0.0766107 0.20165
0 0.0254885 0.190494 0.04588 0.106564
0 0.355476 0.175566 0.0989206 0.0835236
0 0.365075 0.553124 0.0627048 0.153472
0 0.0419336 0.147372 0.075227 0.160199
0 0.156039 0.161181 0.126961 0.109909
0 0.857723 0.845812 0.16189 0.153508
0 0.226767 0.555747 0.110087 0.114532
0 0.0663917 0.52515 0.132783 0.200238
0 0.875722 0.619951 0.0935991 0.170187
0 0.328842 0.264344 0.101186 0.150203
0 0.50804 0.819025 0.117193 0.297188
0 0.588996 0.786366 0.106287 0.246091
0 0.943572 0.675979 0.0775036 0.0858237
0 0.369083 0.579729 0.0778877 0.186041
0 0.421392 0.576683 0.0472025 0.103492
0 0.239549 0.343435 0.0823787 0.175226
0 0.53184 0.461385 0.0837317 0.135152
0 0.615025 0.534617 0.0832243 0.18141
0 0.834188 0.487833 0.082007 0.0861418
0 0.335124 0.818927 0.115186 0.331373
0 0.647094 0.801721 0.0634433 0.182476
0 0.692111 0.862427 0.0673622 0.1625
0 0.722932 0.678002 0.109678 0.16062
0 0.353631 0.175329 0.0981156 0.0753084
0 0.504179 0.554265 0.0918243 0.112269
0 0.462076 0.394394 0.0652109 0.103059
0 0.12886 0.920013 0.0607705 0.159975
0 0.437693 0.451693 0.0625236 0.150888
0 0.700218 0.282553 0.07819 0.0774977
0 0.469957 0.305575 0.0780336 0.101167
0 0.0816742 0.341354 0.156133 0.157235
0 0.641401 0.682565 0.0837675 0.177529
0 0.0406225 0.134381 0.0750992 0.12824
0 0.456675 0.411836 0.0729305 0.12872
0 0.449773 0.444076 0.0765386 0.165678
