0 0.420288 0.262886 0.152114 0.141017
0 0.259849 0.432239 0.196218 0.15496
0 0.616343 0.465753 0.153249 0.170593
0 0.841852 0.829336 0.316297 0.341328
0 0.0522135 0.745417 0.104427 0.202021
0 0.416291 0.789593 0.152014 0.356202
0 0.694369 0.335082 0.233735 0.230743
0 0.846449 0.425068 0.137772 0.139864
0 0.0991987 0.336252 0.196425 0.174446
0 0.316387 0.607291 0.283939 0.204641
0 0.334871 0.195378 0.132784 0.106871
0 0.397827 0.0687451 0.182202 0.13749
0 0.779089 0.221118 0.146795 0.112473
0 0.122584 0.0887677 0.234141 0.177535
0 0.866577 0.0564141 0.16253 0.112828
0 0.920125 0.515915 0.0507223 0.113321
0 0.928998 0.51508 0.0693859 0.12478
0 0.420288 0.262886 0.152114 0.141017
0 0.259849 0.432239 0.196218 0.15496
0 0.616343 0.465753 0.153249 0.170593
0 0.841852 0.829336 0.316297 0.341328
0 0.0522135 0.745417 0.104427 0.202021
0 0.416291 0.789593 0.152014 0.356202
0 0.694369 0.335082 0.233735 0.230743
0 0.846449 0.425068 0.137772 0.139864
0 0.0991987 0.336252 0.196425 0.174446
0 0.316387 0.607291 0.283939 0.204641
0 0.334871 0.195378 0.132784 0.106871
0 0.397827 0.0687451 0.182202 0.13749
0 0.779089 0.221118 0.146795 0.112473
0 0.122584 0.0887677 0.234141 0.177535
0 0.866577 0.0564141 0.16253 0.112828
0 0.920125 0.515915 0.0507223 0.113321
0 0.928998 0.51508 0.0693859 0.12478
0 0.847736 0.422654 0.135788 0.141073
0 0.618329 0.470216 0.168176 0.178899
0 0.426851 0.267242 0.144101 0.16303
0 0.806863 0.830599 0.386274 0.338803
0 0.307739 0.606546 0.273516 0.250822
0 0.270438 0.423493 0.208255 0.174871
0 0.0546267 0.747704 0.107422 0.21276
0 0.427166 0.764936 0.15891 0.330899
0 0.700914 0.347342 0.202764 0.236676
0 0.172036 0.190127 0.196195 0.158929
0 0.346955 0.193864 0.159579 0.118972
0 0.770434 0.227844 0.155625 0.129792
0 0.0715924 0.595128 0.140537 0.152657
0 0.64428 0.293133 0.128118 0.114382
0 0.0469033 0.489573 0.0873076 0.0882156
0 0.969164 0.557539 0.0616721 0.052081
0 0.564328 0.0970678 0.132991 0.138284
0 0.827877 0.0664044 0.0962085 0.0717914
0 0.0647429 0.271348 0.114018 0.0551554
0 0.826368 0.0692537 0.0855009 0.0555828
0 0.371565 0.0771582 0.139702 0.109161
