0 0.207078 0.537625 0.168535 0.250395
0 0.390868 0.849293 0.0857506 0.300452
0 0.116882 0.306561 0.13575 0.135932
0 0.653789 0.807897 0.11734 0.262278
0 0.104062 0.508529 0.0654192 0.177402
0 0.578512 0.861394 0.0964709 0.277212
0 0.49754 0.585906 0.0934429 0.163552
0 0.581917 0.445982 0.0942204 0.147929
0 0.937897 0.81124 0.124206 0.179644
0 0.141706 0.181107 0.0749031 0.164285
0 0.682051 0.648257 0.0842012 0.233787
0 0.936742 0.89986 0.0947514 0.20028
0 0.02722 0.733444 0.0522456 0.185159
0 0.339889 0.162741 0.0935675 0.0910546
0 0.234544 0.14007 0.0733239 0.117662
0 0.504008 0.453708 0.101873 0.139538
0 0.775388 0.644071 0.151163 0.157143
0 0.0634778 0.105603 0.0698909 0.167946
0 0.24374 0.258837 0.0574562 0.0968587
0 0.44227 0.620749 0.0798431 0.216727
0 0.299283 0.33634 0.0630403 0.137936
0 0.87591 0.471702 0.0770611 0.0938032
0 0.285555 0.504989 0.07834 0.0806691
0 0.372138 0.235834 0.0914295 0.116657
0 0.207078 0.537625 0.168535 0.250395
0 0.390868 0.849293 0.0857506 0.300452
0 0.116882 0.306561 0.13575 0.135932
0 0.653789 0.807897 0.11734 0.262278
0 0.104062 0.508529 0.0654192 0.177402
0 0.578512 0.861394 0.0964709 0.277212
0 0.49754 0.585906 0.0934429 0.163552
0 0.581917 0.445982 0.0942204 0.147929
0 0.937897 0.81124 0.124206 0.179644
0 0.141706 0.181107 0.0749031 0.164285
0 0.682051 0.648257 0.0842012 0.233787
0 0.936742 0.89986 0.0947514 0.20028
0 0.02722 0.733444 0.0522456 0.185159
0 0.339889 0.162741 0.0935675 0.0910546
0 0.234544 0.14007 0.0733239 0.117662
0 0.504008 0.453708 0.101873 0.139538
0 0.775388 0.644071 0.151163 0.157143
0 0.0634778 0.105603 0.0698909 0.167946
0 0.24374 0.258837 0.0574562 0.0968587
0 0.44227 0.620749 0.0798431 0.216727
0 0.299283 0.33634 0.0630403 0.137936
0 0.87591 0.471702 0.0770611 0.0938032
0 0.285555 0.504989 0.07834 0.0806691
0 0.372138 0.235834 0.0914295 0.116657
0 0.120152 0.312986 0.156383 0.127389
0 0.496928 0.575481 0.0856035 0.142369
0 0.20927 0.551316 0.170899 0.259216
0 0.658571 0.806885 0.125213 0.217095
0 0.0981027 0.510086 0.076731 0.177546
0 0.283241 0.506276 0.0828929 0.0872569
0 0.575987 0.447543 0.0910118 0.127879
0 0.577325 0.858431 0.100351 0.282305
0 0.0635535 0.118443 0.104586 0.212012
0 0.441438 0.632003 0.0808567 0.19908
0 0.391301 0.84935 0.0847651 0.300098
0 0.34184 0.167774 0.0974266 0.0782243
0 0.76561 0.637144 0.116949 0.137944
0 0.92604 0.897461 0.126687 0.205078
0 0.94647 0.809659 0.0982113 0.151131
0 0.510234 0.456091 0.112613 0.129164
0 0.684706 0.625881 0.115064 0.232124
0 0.373066 0.245503 0.0947187 0.12431
0 0.973165 0.653115 0.0536694 0.10251
0 0.244188 0.261698 0.0701119 0.0851272
0 0.877324 0.474674 0.0767784 0.0811744
