0 0.786656 0.423384 0.162155 0.157202
0 0.727014 0.578571 0.172318 0.248515
0 0.46497 0.392769 0.246342 0.254675
0 0.164432 0.729978 0.300076 0.27826
0 0.585382 0.765483 0.373149 0.382762
0 0.96743 0.730745 0.0583786 0.181902
0 0.707116 0.766046 0.1065 0.154409
0 0.617657 0.800511 0.302928 0.398978
0 0.906702 0.349672 0.116673 0.105014
0 0.166586 0.47341 0.179133 0.181371
0 0.841365 0.567141 0.116107 0.134422
0 0.582131 0.764071 0.503696 0.46235
0 0.617736 0.514203 0.0480596 0.132734
0 0.160272 0.905478 0.316577 0.189044
0 0.921981 0.558916 0.104512 0.155244
0 0.562172 0.739523 0.313641 0.310052
0 0.915656 0.880997 0.120148 0.195906
0 0.786656 0.423384 0.162155 0.157202
0 0.727014 0.578571 0.172318 0.248515
0 0.46497 0.392769 0.246342 0.254675
0 0.164432 0.729978 0.300076 0.27826
0 0.585382 0.765483 0.373149 0.382762
0 0.96743 0.730745 0.0583786 0.181902
0 0.707116 0.766046 0.1065 0.154409
0 0.617657 0.800511 0.302928 0.398978
0 0.906702 0.349672 0.116673 0.105014
0 0.166586 0.47341 0.179133 0.181371
0 0.841365 0.567141 0.116107 0.134422
0 0.582131 0.764071 0.503696 0.46235
0 0.617736 0.514203 0.0480596 0.132734
0 0.160272 0.905478 0.316577 0.189044
0 0.921981 0.558916 0.104512 0.155244
0 0.562172 0.739523 0.313641 0.310052
0 0.915656 0.880997 0.120148 0.195906
0 0.731043 0.594742 0.168928 0.242252
0 0.468292 0.39347 0.241761 0.257409
0 0.788823 0.427158 0.166443 0.142942
0 0.166723 0.71836 0.330656 0.302681
0 0.141863 0.908175 0.259413 0.15992
0 0.161542 0.486968 0.177024 0.173254
0 0.595708 0.774601 0.360295 0.397663
0 0.132119 0.43245 0.0871283 0.144924
0 0.838945 0.568981 0.115682 0.12493
0 0.712486 0.763374 0.0955082 0.140093
0 0.905766 0.352386 0.112524 0.0969507
0 0.913043 0.55526 0.137819 0.156666
0 0.0557097 0.357834 0.0980424 0.132691
0 0.615501 0.516705 0.055727 0.13599
0 0.341844 0.216256 0.08089 0.108706
0 0.972581 0.746829 0.0548376 0.199438
0 0.913588 0.86632 0.153209 0.197316
0 0.349508 0.214308 0.102439 0.125484
