0 0.762111 0.589498 0.147524 0.126116
0 0.362678 0.501217 0.179347 0.130029
0 0.391285 0.86434 0.160697 0.27132
0 0.487602 0.274058 0.12636 0.116102
0 0.886127 0.491983 0.0886261 0.186886
0 0.82975 0.251353 0.151154 0.109255
0 0.0825238 0.141416 0.143616 0.112086
0 0.33234 0.258275 0.0486585 0.131237
0 0.738889 0.0454144 0.0956966 0.0809434
0 0.976796 0.499774 0.0464076 0.167984
0 0.9777 0.631798 0.0446004 0.118035
0 0.208318 0.138954 0.075541 0.0841055
0 0.607543 0.552924 0.0689934 0.110244
0 0.762111 0.589498 0.147524 0.126116
0 0.362678 0.501217 0.179347 0.130029
0 0.391285 0.86434 0.160697 0.27132
0 0.487602 0.274058 0.12636 0.116102
0 0.886127 0.491983 0.0886261 0.186886
0 0.82975 0.251353 0.151154 0.109255
0 0.0825238 0.141416 0.143616 0.112086
0 0.33234 0.258275 0.0486585 0.131237
0 0.738889 0.0454144 0.0956966 0.0809434
0 0.976796 0.499774 0.0464076 0.167984
0 0.9777 0.631798 0.0446004 0.118035
0 0.208318 0.138954 0.075541 0.0841055
0 0.607543 0.552924 0.0689934 0.110244
0 0.090475 0.152592 0.18095 0.138971
0 0.352246 0.509791 0.189104 0.145764
0 0.830126 0.241724 0.159711 0.102594
0 0.391871 0.862204 0.131862 0.262972
0 0.756839 0.585814 0.141838 0.117552
0 0.49184 0.275611 0.126491 0.125289
0 0.183169 0.908873 0.216759 0.182254
0 0.604879 0.139454 0.0554152 0.05203
0 0.204479 0.141628 0.0783887 0.0819034
0 0.877161 0.481848 0.0746662 0.145557
