0 0.662484 0.349472 0.17934 0.139141
0 0.724248 0.28649 0.130698 0.096039
0 0.83508 0.411836 0.0705269 0.084705
0 0.954232 0.511206 0.0915356 0.186513
0 0.0272254 0.726465 0.0529465 0.158998
0 0.676094 0.89142 0.077339 0.0980416
0 0.295888 0.288285 0.131397 0.18295
0 0.662484 0.349472 0.17934 0.139141
0 0.724248 0.28649 0.130698 0.096039
0 0.83508 0.411836 0.0705269 0.084705
0 0.954232 0.511206 0.0915356 0.186513
0 0.0272254 0.726465 0.0529465 0.158998
0 0.676094 0.89142 0.077339 0.0980416
0 0.295888 0.288285 0.131397 0.18295
0 0.661002 0.355765 0.169487 0.151944
0 0.726941 0.290874 0.125787 0.0941767
0 0.27501 0.321881 0.0845044 0.264394
0 0.92611 0.178698 0.0855362 0.070657
0 0.568178 0.227407 0.0684017 0.0553777
