0 0.615971 0.642693 0.291799 0.23976
0 0.837305 0.547601 0.155919 0.2064
0 0.777046 0.903801 0.136325 0.192398
0 0.911793 0.84569 0.131506 0.296073
0 0.146208 0.704563 0.292415 0.284813
0 0.405667 0.35976 0.119852 0.137541
0 0.940885 0.502366 0.101134 0.200526
0 0.791994 0.377114 0.0946524 0.143627
0 0.707615 0.423868 0.0732833 0.124601
0 0.71984 0.245705 0.101558 0.100144
0 0.0978545 0.358828 0.192898 0.191434
0 0.960808 0.732784 0.0698847 0.188673
0 0.928389 0.498205 0.0997564 0.23415
0 0.323662 0.434391 0.126472 0.146509
0 0.55741 0.32163 0.124077 0.118011
0 0.276348 0.0842439 0.104754 0.0872134
0 0.977097 0.344579 0.0411528 0.144705
0 0.402059 0.142503 0.114599 0.104246
0 0.456445 0.0436941 0.0647102 0.0873881
0 0.615971 0.642693 0.291799 0.23976
0 0.837305 0.547601 0.155919 0.2064
0 0.777046 0.903801 0.136325 0.192398
0 0.911793 0.84569 0.131506 0.296073
0 0.146208 0.704563 0.292415 0.284813
0 0.405667 0.35976 0.119852 0.137541
0 0.940885 0.502366 0.101134 0.200526
0 0.791994 0.377114 0.0946524 0.143627
0 0.707615 0.423868 0.0732833 0.124601
0 0.71984 0.245705 0.101558 0.100144
0 0.0978545 0.358828 0.192898 0.191434
0 0.960808 0.732784 0.0698847 0.188673
0 0.928389 0.498205 0.0997564 0.23415
0 0.323662 0.434391 0.126472 0.146509
0 0.55741 0.32163 0.124077 0.118011
0 0.276348 0.0842439 0.104754 0.0872134
0 0.977097 0.344579 0.0411528 0.144705
0 0.402059 0.142503 0.114599 0.104246
0 0.456445 0.0436941 0.0647102 0.0873881
0 0.621486 0.646482 0.277154 0.27651
0 0.907709 0.842989 0.150816 0.301213
0 0.106438 0.36178 0.212875 0.219629
0 0.836898 0.552343 0.157699 0.193934
0 0.157756 0.711987 0.315511 0.340289
0 0.55957 0.323478 0.123529 0.115629
0 0.865156 0.290282 0.103051 0.140076
0 0.786704 0.914538 0.149473 0.170923
0 0.362844 0.410022 0.218129 0.246969
0 0.724267 0.243001 0.0870088 0.100353
0 0.179016 0.763124 0.358033 0.402705
0 0.950675 0.69361 0.0936718 0.228629
0 0.712026 0.426372 0.0722644 0.108029
