0 0.541764 0.394593 0.139267 0.144973
0 0.347754 0.295273 0.140562 0.105576
0 0.859686 0.890387 0.24265 0.219227
0 0.901111 0.549632 0.188096 0.124156
0 0.101274 0.0669605 0.172971 0.112616
0 0.68525 0.468464 0.115616 0.210025
0 0.367039 0.154914 0.0987294 0.0834003
0 0.471704 0.100426 0.109319 0.0878338
0 0.187653 0.284809 0.0807099 0.0667326
0 0.590316 0.905391 0.0881767 0.189218
0 0.607103 0.211561 0.0867368 0.066289
0 0.518329 0.211235 0.0721328 0.0598755
0 0.541764 0.394593 0.139267 0.144973
0 0.347754 0.295273 0.140562 0.105576
0 0.859686 0.890387 0.24265 0.219227
0 0.901111 0.549632 0.188096 0.124156
0 0.101274 0.0669605 0.172971 0.112616
0 0.68525 0.468464 0.115616 0.210025
0 0.367039 0.154914 0.0987294 0.0834003
0 0.471704 0.100426 0.109319 0.0878338
0 0.187653 0.284809 0.0807099 0.0667326
0 0.590316 0.905391 0.0881767 0.189218
0 0.607103 0.211561 0.0867368 0.066289
0 0.518329 0.211235 0.0721328 0.0598755
0 0.09773 0.062978 0.186258 0.114499
0 0.350243 0.295653 0.135478 0.111399
0 0.533718 0.39403 0.127629 0.14705
0 0.687801 0.476534 0.122431 0.202565
0 0.904399 0.551296 0.178064 0.133227
0 0.522145 0.210225 0.0750546 0.0619662
0 0.367209 0.151855 0.0956212 0.068486
0 0.949541 0.326739 0.0963009 0.156373
0 0.470997 0.105538 0.097229 0.0851111
0 0.850006 0.896913 0.218863 0.206173
0 0.0836209 0.0674535 0.167242 0.0932924
