0 0.440327 0.0750616 0.145037 0.124129
0 0.150513 0.294296 0.143764 0.13037
0 0.0903212 0.0512056 0.157486 0.102411
0 0.218926 0.106218 0.11289 0.0845081
0 0.5034 0.441834 0.14156 0.254993
0 0.278881 0.708062 0.081349 0.186469
0 0.494051 0.614788 0.0821581 0.175465
0 0.268913 0.229324 0.0396986 0.0781328
0 0.947793 0.533355 0.0968731 0.125954
0 0.440327 0.0750616 0.145037 0.124129
0 0.150513 0.294296 0.143764 0.13037
0 0.0903212 0.0512056 0.157486 0.102411
0 0.218926 0.106218 0.11289 0.0845081
0 0.5034 0.441834 0.14156 0.254993
0 0.278881 0.708062 0.081349 0.186469
0 0.494051 0.614788 0.0821581 0.175465
0 0.268913 0.229324 0.0396986 0.0781328
0 0.947793 0.533355 0.0968731 0.125954
0 0.153468 0.295048 0.1528 0.143899
0 0.096581 0.0495933 0.163617 0.0991867
0 0.442109 0.0720465 0.15437 0.122949
0 0.511564 0.435513 0.118959 0.257235
0 0.222899 0.104831 0.127751 0.097321
0 0.615417 0.526808 0.149208 0.271326
0 0.183682 0.184127 0.0654879 0.0800692
0 0.027927 0.255874 0.055854 0.118464
