0 0.883699 0.664821 0.232602 0.26597
0 0.118229 0.45406 0.126999 0.19459
0 0.661512 0.156138 0.164019 0.148139
0 0.332431 0.318673 0.266547 0.238415
0 0.755476 0.343491 0.140697 0.130504
0 0.636449 0.589045 0.0745865 0.217461
0 0.856359 0.474094 0.138367 0.137391
0 0.745091 0.599371 0.147293 0.144294
0 0.717196 0.377426 0.225717 0.176591
0 0.915214 0.254447 0.119619 0.111138
0 0.883699 0.664821 0.232602 0.26597
0 0.118229 0.45406 0.126999 0.19459
0 0.661512 0.156138 0.164019 0.148139
0 0.332431 0.318673 0.266547 0.238415
0 0.755476 0.343491 0.140697 0.130504
0 0.636449 0.589045 0.0745865 0.217461
0 0.856359 0.474094 0.138367 0.137391
0 0.745091 0.599371 0.147293 0.144294
0 0.717196 0.377426 0.225717 0.176591
0 0.915214 0.254447 0.119619 0.111138
0 0.892747 0.659265 0.214505 0.224092
0 0.856762 0.474661 0.151578 0.13972
0 0.684779 0.39079 0.137676 0.15477
0 0.741995 0.607961 0.130565 0.132602
0 0.900594 0.253175 0.103967 0.11205
0 0.753878 0.33788 0.123758 0.123416
0 0.350218 0.301753 0.272633 0.220037
0 0.638875 0.588647 0.0725403 0.164013
0 0.406207 0.180187 0.13192 0.106944
0 0.0933363 0.412988 0.16969 0.256667
0 0.969269 0.593318 0.0538503 0.166625
0 0.834536 0.763565 0.0563136 0.124321
0 0.662965 0.17099 0.173864 0.155121
0 0.0975898 0.215592 0.159288 0.104586
