0 0.314584 0.65183 0.190789 0.362439
0 0.441268 0.338154 0.119616 0.14065
0 0.187301 0.3807 0.0764037 0.1405
0 0.541479 0.148309 0.129028 0.122651
0 0.601888 0.546112 0.0963457 0.238732
0 0.949153 0.363078 0.101694 0.18393
0 0.462081 0.608792 0.105177 0.302598
0 0.745444 0.0694837 0.106813 0.0898913
0 0.505231 0.87033 0.125274 0.25934
0 0.115107 0.457997 0.0851814 0.177419
0 0.669912 0.202878 0.12202 0.11988
0 0.366018 0.940519 0.142051 0.118962
0 0.238967 0.26094 0.0921611 0.135916
0 0.951391 0.497938 0.0782202 0.113253
0 0.501341 0.270485 0.16014 0.166001
0 0.314584 0.65183 0.190789 0.362439
0 0.441268 0.338154 0.119616 0.14065
0 0.187301 0.3807 0.0764037 0.1405
0 0.541479 0.148309 0.129028 0.122651
0 0.601888 0.546112 0.0963457 0.238732
0 0.949153 0.363078 0.101694 0.18393
0 0.462081 0.608792 0.105177 0.302598
0 0.745444 0.0694837 0.106813 0.0898913
0 0.505231 0.87033 0.125274 0.25934
0 0.115107 0.457997 0.0851814 0.177419
0 0.669912 0.202878 0.12202 0.11988
0 0.366018 0.940519 0.142051 0.118962
0 0.238967 0.26094 0.0921611 0.135916
0 0.951391 0.497938 0.0782202 0.113253
0 0.501341 0.270485 0.16014 0.166001
0 0.532413 0.147185 0.102633 0.116717
0 0.18991 0.390715 0.0811668 0.156593
0 0.675698 0.206381 0.134664 0.124162
0 0.74959 0.0763718 0.10542 0.0791878
0 0.497377 0.269164 0.158663 0.178924
0 0.3083 0.654683 0.181451 0.335945
0 0.46141 0.618449 0.13111 0.336435
0 0.943701 0.358396 0.104452 0.169738
0 0.0341959 0.339975 0.0683918 0.144151
0 0.435598 0.340884 0.11605 0.143593
0 0.602603 0.547681 0.110004 0.246018
0 0.919895 0.686596 0.139687 0.177911
0 0.625869 0.11524 0.106794 0.101792
0 0.0776392 0.203098 0.0777303 0.0984282
0 0.140767 0.634196 0.0891071 0.217939
0 0.122587 0.469349 0.0875948 0.197394
0 0.0287339 0.140237 0.0574678 0.0970076
