0 0.771959 0.598258 0.147182 0.127536
0 0.392081 0.872356 0.161835 0.255287
0 0.885664 0.501647 0.0840565 0.159736
0 0.837833 0.260289 0.136483 0.101679
0 0.743009 0.060107 0.0979753 0.088859
0 0.246911 0.231251 0.107852 0.112235
0 0.400169 0.509405 0.187921 0.121847
0 0.501434 0.271392 0.106861 0.100619
0 0.335554 0.276374 0.0454816 0.129904
0 0.975127 0.501798 0.0476288 0.173114
0 0.0728258 0.147832 0.134872 0.118665
0 0.0320974 0.369407 0.0641948 0.189649
0 0.82761 0.139071 0.0810812 0.0685518
0 0.220355 0.150708 0.0690099 0.0814553
0 0.978615 0.776266 0.0396955 0.169559
0 0.97771 0.635854 0.0445802 0.120677
0 0.771959 0.598258 0.147182 0.127536
0 0.392081 0.872356 0.161835 0.255287
0 0.885664 0.501647 0.0840565 0.159736
0 0.837833 0.260289 0.136483 0.101679
0 0.743009 0.060107 0.0979753 0.088859
0 0.246911 0.231251 0.107852 0.112235
0 0.400169 0.509405 0.187921 0.121847
0 0.501434 0.271392 0.106861 0.100619
0 0.335554 0.276374 0.0454816 0.129904
0 0.975127 0.501798 0.0476288 0.173114
0 0.0728258 0.147832 0.134872 0.118665
0 0.0320974 0.369407 0.0641948 0.189649
0 0.82761 0.139071 0.0810812 0.0685518
0 0.220355 0.150708 0.0690099 0.0814553
0 0.978615 0.776266 0.0396955 0.169559
0 0.97771 0.635854 0.0445802 0.120677
0 0.0882036 0.155254 0.176407 0.131337
0 0.389249 0.518785 0.187338 0.141055
0 0.771807 0.597761 0.147201 0.125192
0 0.835889 0.259263 0.163242 0.108912
0 0.391284 0.869966 0.135422 0.260068
0 0.496065 0.284785 0.124042 0.118989
0 0.880818 0.495551 0.0699257 0.145926
0 0.250731 0.223211 0.113554 0.110101
0 0.604776 0.150826 0.0650176 0.0521797
0 0.0333299 0.367376 0.0666598 0.187324
0 0.19047 0.913244 0.228692 0.173513
