0 0.52589 0.117863 0.228919 0.176505
0 0.359872 0.537611 0.242624 0.182555
0 0.390212 0.193154 0.120411 0.0994897
0 0.905988 0.493251 0.154369 0.104352
0 0.349552 0.113662 0.122596 0.0717764
0 0.52589 0.117863 0.228919 0.176505
0 0.359872 0.537611 0.242624 0.182555
0 0.390212 0.193154 0.120411 0.0994897
0 0.905988 0.493251 0.154369 0.104352
0 0.349552 0.113662 0.122596 0.0717764
0 0.391989 0.196359 0.124564 0.0964703
0 0.54001 0.122509 0.220909 0.175749
0 0.362438 0.544955 0.240857 0.16766
0 0.356656 0.119772 0.116402 0.0645251
0 0.128087 0.909115 0.256174 0.18177
