0 0.501932 0.855493 0.260224 0.266756
0 0.846894 0.794333 0.243174 0.237756
0 0.434017 0.110061 0.186792 0.180486
0 0.340126 0.482563 0.246504 0.18387
0 0.823905 0.951592 0.184321 0.0968168
0 0.664584 0.243969 0.126219 0.0969337
0 0.290929 0.856273 0.358403 0.287455
0 0.373216 0.481316 0.187264 0.152778
0 0.247143 0.120314 0.0977419 0.0753285
0 0.26093 0.793028 0.374494 0.413944
0 0.479821 0.292853 0.1084 0.137162
0 0.568337 0.316923 0.102067 0.100463
0 0.501932 0.855493 0.260224 0.266756
0 0.846894 0.794333 0.243174 0.237756
0 0.434017 0.110061 0.186792 0.180486
0 0.340126 0.482563 0.246504 0.18387
0 0.823905 0.951592 0.184321 0.0968168
0 0.664584 0.243969 0.126219 0.0969337
0 0.290929 0.856273 0.358403 0.287455
0 0.373216 0.481316 0.187264 0.152778
0 0.247143 0.120314 0.0977419 0.0753285
0 0.26093 0.793028 0.374494 0.413944
0 0.479821 0.292853 0.1084 0.137162
0 0.568337 0.316923 0.102067 0.100463
0 0.506976 0.85265 0.247916 0.255031
0 0.438051 0.112626 0.184805 0.194878
0 0.355057 0.489416 0.193907 0.208922
0 0.857413 0.785376 0.234708 0.218524
0 0.56023 0.125629 0.116803 0.0830152
0 0.828875 0.946238 0.214671 0.107525
0 0.86418 0.196224 0.136302 0.0824933
0 0.874908 0.478501 0.153553 0.25621
0 0.661519 0.249372 0.111536 0.0937577
0 0.51031 0.455351 0.0985632 0.093332
0 0.482822 0.277339 0.109186 0.126241
0 0.566042 0.31719 0.103321 0.119457
0 0.291117 0.830009 0.406823 0.339981
0 0.870039 0.313104 0.105855 0.0705987
0 0.244326 0.794777 0.443975 0.410445
