0 0.0919219 0.13214 0.163595 0.129166
0 0.611871 0.637609 0.206265 0.192311
0 0.266479 0.104421 0.166823 0.121644
0 0.8207 0.572612 0.116462 0.267175
0 0.595885 0.212624 0.133121 0.111292
0 0.752471 0.211517 0.14264 0.151671
0 0.933373 0.718274 0.114543 0.129893
0 0.0981447 0.144211 0.140061 0.104953
0 0.390611 0.152056 0.168253 0.110106
0 0.429487 0.899362 0.0943395 0.130138
0 0.884233 0.497874 0.0954876 0.150622
0 0.956835 0.490853 0.0842081 0.246398
0 0.227588 0.866102 0.113319 0.169048
0 0.0919219 0.13214 0.163595 0.129166
0 0.611871 0.637609 0.206265 0.192311
0 0.266479 0.104421 0.166823 0.121644
0 0.8207 0.572612 0.116462 0.267175
0 0.595885 0.212624 0.133121 0.111292
0 0.752471 0.211517 0.14264 0.151671
0 0.933373 0.718274 0.114543 0.129893
0 0.0981447 0.144211 0.140061 0.104953
0 0.390611 0.152056 0.168253 0.110106
0 0.429487 0.899362 0.0943395 0.130138
0 0.884233 0.497874 0.0954876 0.150622
0 0.956835 0.490853 0.0842081 0.246398
0 0.227588 0.866102 0.113319 0.169048
0 0.0843627 0.125055 0.161661 0.14033
0 0.256952 0.107767 0.171254 0.129861
0 0.590187 0.215457 0.127898 0.112525
0 0.61066 0.646129 0.211956 0.184408
0 0.812437 0.56127 0.126185 0.249251
0 0.389076 0.160583 0.202397 0.132916
0 0.642941 0.335732 0.128426 0.10018
0 0.885229 0.495114 0.0875758 0.140891
0 0.852184 0.284084 0.0899951 0.0534412
0 0.929318 0.728966 0.136142 0.136366
0 0.754946 0.21137 0.144466 0.152968
0 0.368354 0.153449 0.153203 0.127408
0 0.401532 0.232635 0.0621533 0.0607225
0 0.664099 0.800814 0.0549294 0.0546851
0 0.163053 0.292922 0.0681276 0.0499029
