0 0.674468 0.662366 0.179291 0.241753
0 0.826666 0.701877 0.154844 0.23521
0 0.648102 0.922375 0.1585 0.15525
0 0.352974 0.906839 0.13894 0.186323
0 0.410944 0.615017 0.136579 0.116449
0 0.135188 0.547068 0.059121 0.149709
0 0.396816 0.803518 0.118228 0.124596
0 0.25809 0.520019 0.110755 0.178138
0 0.971582 0.634867 0.0560436 0.133944
0 0.94676 0.955056 0.0986298 0.0898873
0 0.605306 0.385978 0.13735 0.179682
0 0.971142 0.838851 0.0534046 0.149719
0 0.156332 0.850794 0.104847 0.298412
0 0.765734 0.467249 0.055529 0.0887353
0 0.181992 0.358355 0.0466462 0.107818
0 0.959928 0.535785 0.0801449 0.0913157
0 0.125326 0.486411 0.0592962 0.16774
0 0.674468 0.662366 0.179291 0.241753
0 0.826666 0.701877 0.154844 0.23521
0 0.648102 0.922375 0.1585 0.15525
0 0.352974 0.906839 0.13894 0.186323
0 0.410944 0.615017 0.136579 0.116449
0 0.135188 0.547068 0.059121 0.149709
0 0.396816 0.803518 0.118228 0.124596
0 0.25809 0.520019 0.110755 0.178138
0 0.971582 0.634867 0.0560436 0.133944
0 0.94676 0.955056 0.0986298 0.0898873
0 0.605306 0.385978 0.13735 0.179682
0 0.971142 0.838851 0.0534046 0.149719
0 0.156332 0.850794 0.104847 0.298412
0 0.765734 0.467249 0.055529 0.0887353
0 0.181992 0.358355 0.0466462 0.107818
0 0.959928 0.535785 0.0801449 0.0913157
0 0.125326 0.486411 0.0592962 0.16774
0 0.826342 0.694772 0.149339 0.2258
0 0.684341 0.675725 0.168141 0.230159
0 0.408658 0.618994 0.135779 0.124373
0 0.391756 0.798744 0.122099 0.126071
0 0.397009 0.318157 0.143198 0.162902
0 0.939599 0.954549 0.11598 0.0909017
0 0.612436 0.385734 0.132786 0.17999
0 0.648581 0.918751 0.159699 0.162499
0 0.135582 0.555048 0.0688278 0.176269
0 0.356446 0.900608 0.129138 0.198783
0 0.266656 0.527913 0.125152 0.196668
0 0.162392 0.830116 0.0828284 0.292108
0 0.180598 0.351383 0.0506639 0.109414
0 0.0284869 0.546957 0.0569737 0.257428
