0 0.527811 0.771146 0.154251 0.199952
0 0.105418 0.31803 0.120831 0.176104
0 0.315415 0.84251 0.234635 0.29657
0 0.584144 0.577209 0.100412 0.205623
0 0.424321 0.517738 0.129744 0.291942
0 0.0480724 0.152311 0.0946744 0.119333
0 0.195371 0.458677 0.0830773 0.209598
0 0.957731 0.649213 0.0783787 0.15446
0 0.70177 0.696778 0.116657 0.119432
0 0.417587 0.49851 0.166496 0.305336
0 0.83304 0.247608 0.0906582 0.0936132
0 0.72244 0.636771 0.0779659 0.165902
0 0.527811 0.771146 0.154251 0.199952
0 0.105418 0.31803 0.120831 0.176104
0 0.315415 0.84251 0.234635 0.29657
0 0.584144 0.577209 0.100412 0.205623
0 0.424321 0.517738 0.129744 0.291942
0 0.0480724 0.152311 0.0946744 0.119333
0 0.195371 0.458677 0.0830773 0.209598
0 0.957731 0.649213 0.0783787 0.15446
0 0.70177 0.696778 0.116657 0.119432
0 0.417587 0.49851 0.166496 0.305336
0 0.83304 0.247608 0.0906582 0.0936132
0 0.72244 0.636771 0.0779659 0.165902
0 0.413835 0.506852 0.156798 0.311749
0 0.587014 0.578301 0.0992048 0.179897
0 0.309188 0.834541 0.247342 0.289567
0 0.103919 0.307406 0.12591 0.196027
0 0.535618 0.76958 0.183928 0.250031
0 0.697385 0.699948 0.11487 0.11766
0 0.516293 0.600755 0.10296 0.214805
0 0.737358 0.585062 0.129492 0.150708
0 0.379417 0.333956 0.10444 0.160286
0 0.958926 0.650618 0.076833 0.154
0 0.0469356 0.163731 0.0862072 0.100636
0 0.92312 0.439094 0.0764896 0.0888594
0 0.627437 0.383359 0.0842282 0.0961843
0 0.144006 0.554508 0.126603 0.144101
0 0.18537 0.456474 0.0797882 0.193388
0 0.785995 0.870887 0.228875 0.240726
