0 0.659688 0.24863 0.165594 0.135008
0 0.455267 0.119762 0.185599 0.167767
0 0.940184 0.843562 0.119633 0.262075
0 0.766474 0.522802 0.125362 0.100983
0 0.786317 0.228914 0.0809694 0.0860858
0 0.659688 0.24863 0.165594 0.135008
0 0.455267 0.119762 0.185599 0.167767
0 0.940184 0.843562 0.119633 0.262075
0 0.766474 0.522802 0.125362 0.100983
0 0.786317 0.228914 0.0809694 0.0860858
0 0.451703 0.117673 0.176937 0.171039
0 0.660574 0.253401 0.14991 0.123124
0 0.773162 0.527829 0.116859 0.0922628
0 0.922922 0.23652 0.148749 0.149421
0 0.125806 0.0464576 0.0718416 0.051967
0 0.253706 0.890341 0.162345 0.210618
0 0.93998 0.84968 0.116455 0.275277
0 0.0594367 0.414309 0.0561894 0.073696
0 0.115438 0.815669 0.230877 0.368662
0 0.322596 0.0564923 0.0961118 0.0955487
0 0.785437 0.231676 0.0758822 0.0715683
0 0.325204 0.856044 0.0978676 0.166041
0 0.048742 0.896196 0.0958139 0.207609
0 0.162577 0.331495 0.0567049 0.0522762
0 0.368732 0.803721 0.080186 0.142709
