0 0.077888 0.111413 0.146806 0.130215
0 0.248423 0.0884727 0.163596 0.128242
0 0.601245 0.6321 0.206219 0.181441
0 0.921465 0.719144 0.131392 0.130505
0 0.813482 0.562177 0.121318 0.251087
0 0.747997 0.211396 0.144814 0.14588
0 0.59358 0.209275 0.128531 0.108848
0 0.425506 0.902674 0.0889085 0.13043
0 0.881286 0.494434 0.098616 0.149417
0 0.635993 0.329084 0.126529 0.10155
0 0.373649 0.139029 0.134438 0.103321
0 0.077888 0.111413 0.146806 0.130215
0 0.248423 0.0884727 0.163596 0.128242
0 0.601245 0.6321 0.206219 0.181441
0 0.921465 0.719144 0.131392 0.130505
0 0.813482 0.562177 0.121318 0.251087
0 0.747997 0.211396 0.144814 0.14588
0 0.59358 0.209275 0.128531 0.108848
0 0.425506 0.902674 0.0889085 0.13043
0 0.881286 0.494434 0.098616 0.149417
0 0.635993 0.329084 0.126529 0.10155
0 0.373649 0.139029 0.134438 0.103321
0 0.0740663 0.108246 0.148133 0.144382
0 0.232774 0.0939847 0.177922 0.134344
0 0.598163 0.639175 0.218296 0.177692
0 0.587025 0.211645 0.128405 0.113181
0 0.635996 0.33415 0.126543 0.100028
0 0.810341 0.548373 0.135159 0.250487
0 0.386165 0.154427 0.18929 0.133496
0 0.88264 0.491887 0.0865761 0.145281
0 0.92351 0.72578 0.137179 0.123208
0 0.744228 0.205298 0.137189 0.157478
0 0.842924 0.28157 0.099861 0.0541794
0 0.361676 0.145657 0.170433 0.132302
