0 0.533741 0.364206 0.15692 0.189421
0 0.262417 0.0899476 0.128338 0.10019
0 0.634232 0.347038 0.0592066 0.161659
0 0.842796 0.751965 0.111541 0.327713
0 0.227488 0.698252 0.084049 0.181465
0 0.404121 0.869268 0.118136 0.152847
0 0.816988 0.399972 0.100333 0.0775114
0 0.427056 0.647289 0.0693839 0.137493
0 0.883603 0.625273 0.13919 0.195328
0 0.79209 0.285652 0.119078 0.0937252
0 0.533741 0.364206 0.15692 0.189421
0 0.262417 0.0899476 0.128338 0.10019
0 0.634232 0.347038 0.0592066 0.161659
0 0.842796 0.751965 0.111541 0.327713
0 0.227488 0.698252 0.084049 0.181465
0 0.404121 0.869268 0.118136 0.152847
0 0.816988 0.399972 0.100333 0.0775114
0 0.427056 0.647289 0.0693839 0.137493
0 0.883603 0.625273 0.13919 0.195328
0 0.79209 0.285652 0.119078 0.0937252
0 0.53734 0.357074 0.152982 0.181138
0 0.891258 0.622517 0.15808 0.202286
0 0.81863 0.407508 0.0984292 0.0688263
0 0.262936 0.0919835 0.121619 0.0758074
0 0.328673 0.930853 0.0547726 0.087679
