0 0.196929 0.175938 0.148706 0.130931
0 0.0806209 0.311116 0.161242 0.150756
0 0.0840088 0.629162 0.108268 0.196864
0 0.903344 0.660713 0.0909687 0.242446
0 0.678847 0.812904 0.33041 0.348888
0 0.958061 0.441271 0.0755903 0.197532
0 0.316307 0.454626 0.124937 0.130969
0 0.66238 0.0291357 0.0773951 0.0582714
0 0.648643 0.790289 0.342092 0.419423
0 0.196929 0.175938 0.148706 0.130931
0 0.0806209 0.311116 0.161242 0.150756
0 0.0840088 0.629162 0.108268 0.196864
0 0.903344 0.660713 0.0909687 0.242446
0 0.678847 0.812904 0.33041 0.348888
0 0.958061 0.441271 0.0755903 0.197532
0 0.316307 0.454626 0.124937 0.130969
0 0.66238 0.0291357 0.0773951 0.0582714
0 0.648643 0.790289 0.342092 0.419423
0 0.202832 0.176267 0.153563 0.131889
0 0.0782432 0.305994 0.156486 0.15565
0 0.0846874 0.626444 0.111645 0.178652
0 0.959491 0.433799 0.071708 0.159953
0 0.318837 0.453389 0.12441 0.145341
