0 0.710715 0.562528 0.144548 0.163158
0 0.473574 0.276232 0.127992 0.112922
0 0.786069 0.224301 0.147695 0.122266
0 0.198167 0.461405 0.18595 0.123858
0 0.404416 0.846979 0.16295 0.306042
0 0.0901209 0.147873 0.157431 0.119431
0 0.319418 0.216081 0.0562082 0.145315
0 0.874603 0.490541 0.111729 0.187986
0 0.855546 0.201883 0.094396 0.0840811
0 0.979013 0.643506 0.0419733 0.154918
0 0.710715 0.562528 0.144548 0.163158
0 0.473574 0.276232 0.127992 0.112922
0 0.786069 0.224301 0.147695 0.122266
0 0.198167 0.461405 0.18595 0.123858
0 0.404416 0.846979 0.16295 0.306042
0 0.0901209 0.147873 0.157431 0.119431
0 0.319418 0.216081 0.0562082 0.145315
0 0.874603 0.490541 0.111729 0.187986
0 0.855546 0.201883 0.094396 0.0840811
0 0.979013 0.643506 0.0419733 0.154918
0 0.781227 0.21804 0.167475 0.109361
0 0.104904 0.166956 0.194537 0.156436
0 0.475601 0.28443 0.131066 0.123876
0 0.393113 0.859033 0.133856 0.281935
0 0.188522 0.469157 0.184345 0.142817
0 0.706504 0.570693 0.14757 0.141794
0 0.225486 0.212303 0.092347 0.119216
0 0.557577 0.108474 0.100736 0.0641713
0 0.869473 0.4798 0.0928204 0.138661
0 0.855882 0.202044 0.0940231 0.0671762
0 0.323993 0.20915 0.0685251 0.153802
0 0.172951 0.11369 0.0529924 0.0596077
0 0.55472 0.920982 0.0544418 0.0671115
0 0.126039 0.92744 0.235373 0.145121
