0 0.586442 0.400043 0.130124 0.145079
0 0.713996 0.73711 0.115952 0.327601
0 0.913895 0.552806 0.167254 0.184338
0 0.734 0.529658 0.0674896 0.16358
0 0.394633 0.108001 0.115653 0.183782
0 0.44622 0.412649 0.0998405 0.121234
0 0.827713 0.631158 0.103857 0.0920135
0 0.98053 0.293325 0.0358078 0.126941
0 0.922422 0.820381 0.151912 0.359238
0 0.526415 0.132067 0.0894403 0.0858838
0 0.682047 0.179086 0.120345 0.119605
0 0.821485 0.421801 0.0885803 0.0837114
0 0.586442 0.400043 0.130124 0.145079
0 0.713996 0.73711 0.115952 0.327601
0 0.913895 0.552806 0.167254 0.184338
0 0.734 0.529658 0.0674896 0.16358
0 0.394633 0.108001 0.115653 0.183782
0 0.44622 0.412649 0.0998405 0.121234
0 0.827713 0.631158 0.103857 0.0920135
0 0.98053 0.293325 0.0358078 0.126941
0 0.922422 0.820381 0.151912 0.359238
0 0.526415 0.132067 0.0894403 0.0858838
0 0.682047 0.179086 0.120345 0.119605
0 0.821485 0.421801 0.0885803 0.0837114
0 0.898104 0.537658 0.176989 0.172226
0 0.38763 0.105797 0.114687 0.17302
0 0.736826 0.527309 0.0598555 0.14269
0 0.440939 0.407326 0.0975484 0.109403
0 0.71203 0.721912 0.134238 0.35757
0 0.0475973 0.0826287 0.0951946 0.165257
0 0.910532 0.825881 0.178936 0.348238
0 0.825409 0.633911 0.10438 0.0891322
0 0.642365 0.363072 0.0688544 0.0653237
0 0.586011 0.41837 0.117088 0.0897459
0 0.577736 0.413705 0.137471 0.11153
