0 0.639597 0.685681 0.256308 0.237084
0 0.486775 0.375819 0.143818 0.122294
0 0.822405 0.6053 0.112604 0.144269
0 0.819566 0.727148 0.0485621 0.113565
0 0.301834 0.592394 0.283529 0.200006
0 0.877355 0.849732 0.0751011 0.139744
0 0.901003 0.712336 0.0667244 0.0913736
0 0.375713 0.853887 0.114765 0.219397
0 0.829066 0.609983 0.0913417 0.116463
0 0.944907 0.611898 0.0733318 0.17381
0 0.953753 0.626785 0.0744381 0.194216
0 0.278052 0.567971 0.282858 0.189904
0 0.969575 0.651195 0.044899 0.182516
0 0.650846 0.921668 0.0847427 0.156665
0 0.974093 0.669111 0.0408917 0.170233
0 0.639597 0.685681 0.256308 0.237084
0 0.486775 0.375819 0.143818 0.122294
0 0.822405 0.6053 0.112604 0.144269
0 0.819566 0.727148 0.0485621 0.113565
0 0.301834 0.592394 0.283529 0.200006
0 0.877355 0.849732 0.0751011 0.139744
0 0.901003 0.712336 0.0667244 0.0913736
0 0.375713 0.853887 0.114765 0.219397
0 0.829066 0.609983 0.0913417 0.116463
0 0.944907 0.611898 0.0733318 0.17381
0 0.953753 0.626785 0.0744381 0.194216
0 0.278052 0.567971 0.282858 0.189904
0 0.969575 0.651195 0.044899 0.182516
0 0.650846 0.921668 0.0847427 0.156665
0 0.974093 0.669111 0.0408917 0.170233
0 0.64128 0.691202 0.25195 0.264427
0 0.879148 0.850504 0.0680397 0.138514
0 0.345919 0.587698 0.210505 0.188708
0 0.157266 0.303262 0.0936332 0.0745238
0 0.493724 0.386656 0.156664 0.138869
0 0.903723 0.712831 0.0735729 0.0815352
0 0.178539 0.137097 0.0795518 0.0999631
0 0.651191 0.91342 0.0873652 0.159681
0 0.822172 0.725747 0.0496144 0.112765
0 0.669914 0.912332 0.120114 0.159173
0 0.128289 0.56553 0.0607411 0.256055
