0 0.311208 0.553256 0.139976 0.121713
0 0.0627687 0.437757 0.125537 0.200057
0 0.287273 0.391649 0.129993 0.110169
0 0.928448 0.697411 0.143105 0.191372
0 0.921877 0.520377 0.13577 0.13846
0 0.120636 0.86358 0.241272 0.229048
0 0.45141 0.245655 0.13188 0.11957
0 0.594258 0.415366 0.0942188 0.119196
0 0.925304 0.335217 0.143783 0.0956263
0 0.311208 0.553256 0.139976 0.121713
0 0.0627687 0.437757 0.125537 0.200057
0 0.287273 0.391649 0.129993 0.110169
0 0.928448 0.697411 0.143105 0.191372
0 0.921877 0.520377 0.13577 0.13846
0 0.120636 0.86358 0.241272 0.229048
0 0.45141 0.245655 0.13188 0.11957
0 0.594258 0.415366 0.0942188 0.119196
0 0.925304 0.335217 0.143783 0.0956263
0 0.286568 0.391647 0.141603 0.108316
0 0.306046 0.553214 0.147774 0.119384
0 0.0717969 0.428882 0.143594 0.180953
0 0.600711 0.412232 0.0892185 0.114655
0 0.933747 0.701314 0.132507 0.142206
0 0.537625 0.324872 0.0800827 0.0664209
0 0.495623 0.25599 0.0695162 0.0587986
0 0.0905656 0.963187 0.181131 0.0736265
0 0.0261264 0.751719 0.0522529 0.115131
0 0.662357 0.270188 0.101268 0.0732156
0 0.198074 0.1755 0.0696996 0.0464376
