0 0.244365 0.769549 0.194984 0.312149
0 0.787578 0.811032 0.167234 0.16352
0 0.15365 0.330062 0.140725 0.165782
0 0.634185 0.648011 0.129515 0.239301
0 0.546899 0.640677 0.116367 0.252411
0 0.534256 0.345864 0.0611841 0.156058
0 0.483102 0.743933 0.12252 0.282327
0 0.701812 0.890079 0.120056 0.20022
0 0.0846671 0.208221 0.137671 0.137169
0 0.189277 0.59695 0.125347 0.125832
0 0.305036 0.487867 0.104213 0.131447
0 0.733276 0.528126 0.0517619 0.133649
0 0.484416 0.761787 0.143296 0.345501
0 0.390097 0.529132 0.0570118 0.129588
0 0.943352 0.797536 0.113295 0.305489
0 0.844184 0.485258 0.136452 0.180537
0 0.276345 0.229132 0.108062 0.123866
0 0.0583253 0.821355 0.115667 0.35729
0 0.470162 0.385855 0.0834218 0.112058
0 0.655589 0.458875 0.0457994 0.115019
0 0.930782 0.801235 0.138437 0.371396
0 0.480194 0.383915 0.058307 0.104986
0 0.0776734 0.810956 0.155347 0.378088
0 0.926695 0.583919 0.0693359 0.0971003
0 0.244365 0.769549 0.194984 0.312149
0 0.787578 0.811032 0.167234 0.16352
0 0.15365 0.330062 0.140725 0.165782
0 0.634185 0.648011 0.129515 0.239301
0 0.546899 0.640677 0.116367 0.252411
0 0.534256 0.345864 0.0611841 0.156058
0 0.483102 0.743933 0.12252 0.282327
0 0.701812 0.890079 0.120056 0.20022
0 0.0846671 0.208221 0.137671 0.137169
0 0.189277 0.59695 0.125347 0.125832
0 0.305036 0.487867 0.104213 0.131447
0 0.733276 0.528126 0.0517619 0.133649
0 0.484416 0.761787 0.143296 0.345501
0 0.390097 0.529132 0.0570118 0.129588
0 0.943352 0.797536 0.113295 0.305489
0 0.844184 0.485258 0.136452 0.180537
0 0.276345 0.229132 0.108062 0.123866
0 0.0583253 0.821355 0.115667 0.35729
0 0.470162 0.385855 0.0834218 0.112058
0 0.655589 0.458875 0.0457994 0.115019
0 0.930782 0.801235 0.138437 0.371396
0 0.480194 0.383915 0.058307 0.104986
0 0.0776734 0.810956 0.155347 0.378088
0 0.926695 0.583919 0.0693359 0.0971003
0 0.143402 0.32814 0.141784 0.145857
0 0.784627 0.809985 0.159485 0.152596
0 0.633843 0.638716 0.130797 0.181176
0 0.275244 0.241374 0.0976178 0.129038
0 0.0906754 0.211995 0.143443 0.135495
0 0.54378 0.638459 0.123407 0.259114
0 0.302399 0.486056 0.0986181 0.124518
0 0.708624 0.886554 0.128394 0.199714
0 0.479871 0.765764 0.141307 0.30305
0 0.849725 0.486329 0.120305 0.1329
0 0.935167 0.805088 0.129666 0.298525
0 0.480294 0.382556 0.0704383 0.0987912
0 0.243142 0.767676 0.196642 0.309813
0 0.183563 0.608355 0.123829 0.140371
0 0.392076 0.530948 0.0545251 0.134246
0 0.533244 0.346205 0.0577669 0.133041
0 0.736809 0.529587 0.0476734 0.133743
0 0.797503 0.412154 0.0697264 0.0681847
0 0.431627 0.270191 0.0682745 0.0948433
0 0.0516834 0.818951 0.103367 0.354051
0 0.928378 0.587676 0.0780073 0.0885871
0 0.0238178 0.40053 0.0476356 0.127887
0 0.309397 0.134378 0.0652842 0.0992136
