0 0.416872 0.178159 0.14611 0.16236
0 0.751533 0.586729 0.174979 0.133554
0 0.463945 0.436898 0.120661 0.108554
0 0.450649 0.566503 0.180555 0.183705
0 0.74221 0.463489 0.147189 0.140816
0 0.447773 0.331789 0.116827 0.128613
0 0.236165 0.494653 0.380618 0.424438
0 0.29591 0.560463 0.352695 0.440534
0 0.232651 0.245993 0.108871 0.121993
0 0.648451 0.527218 0.078093 0.0821763
0 0.0879049 0.0719795 0.173036 0.143959
0 0.0682659 0.620656 0.135724 0.175241
0 0.320698 0.0505893 0.0938107 0.0661442
0 0.652874 0.423714 0.0640383 0.172658
0 0.244181 0.766356 0.0500162 0.124759
0 0.717015 0.207872 0.0949823 0.0833588
0 0.776513 0.0775583 0.127093 0.10731
0 0.537165 0.183905 0.111515 0.126734
0 0.416872 0.178159 0.14611 0.16236
0 0.751533 0.586729 0.174979 0.133554
0 0.463945 0.436898 0.120661 0.108554
0 0.450649 0.566503 0.180555 0.183705
0 0.74221 0.463489 0.147189 0.140816
0 0.447773 0.331789 0.116827 0.128613
0 0.236165 0.494653 0.380618 0.424438
0 0.29591 0.560463 0.352695 0.440534
0 0.232651 0.245993 0.108871 0.121993
0 0.648451 0.527218 0.078093 0.0821763
0 0.0879049 0.0719795 0.173036 0.143959
0 0.0682659 0.620656 0.135724 0.175241
0 0.320698 0.0505893 0.0938107 0.0661442
0 0.652874 0.423714 0.0640383 0.172658
0 0.244181 0.766356 0.0500162 0.124759
0 0.717015 0.207872 0.0949823 0.0833588
0 0.776513 0.0775583 0.127093 0.10731
0 0.537165 0.183905 0.111515 0.126734
0 0.412036 0.177738 0.132097 0.175082
0 0.750327 0.593258 0.176555 0.155117
0 0.0818542 0.0625476 0.126233 0.125095
0 0.458598 0.578681 0.207572 0.230501
0 0.742224 0.480431 0.163445 0.16961
0 0.461391 0.451286 0.144163 0.138677
0 0.451559 0.347137 0.151487 0.180348
0 0.0671899 0.629557 0.13438 0.201407
0 0.884003 0.0277838 0.112207 0.0555676
0 0.650191 0.280659 0.126263 0.126357
0 0.949442 0.906078 0.0985947 0.184964
0 0.298149 0.571565 0.394296 0.501488
0 0.922575 0.22637 0.154851 0.25514
0 0.329421 0.045452 0.0870862 0.0797767
0 0.257133 0.472882 0.369781 0.428578
