0 0.331626 0.796829 0.124739 0.243432
0 0.416712 0.717596 0.155814 0.24158
0 0.555203 0.812247 0.139642 0.212391
0 0.475786 0.612549 0.120725 0.204929
0 0.124908 0.620216 0.161283 0.246812
0 0.678543 0.890292 0.142221 0.147852
0 0.553963 0.597235 0.0724136 0.189188
0 0.208555 0.184091 0.0925901 0.0901591
0 0.71497 0.447341 0.122447 0.126665
0 0.0717542 0.312159 0.103265 0.0892984
0 0.628764 0.333616 0.0914881 0.0750623
0 0.941848 0.825532 0.116304 0.119593
0 0.368959 0.483052 0.0838684 0.116307
0 0.102454 0.765723 0.177841 0.237525
0 0.20527 0.371114 0.15093 0.159961
0 0.742096 0.320436 0.06653 0.0977853
0 0.247686 0.514231 0.070066 0.162005
0 0.550094 0.575945 0.0563595 0.142193
0 0.331626 0.796829 0.124739 0.243432
0 0.416712 0.717596 0.155814 0.24158
0 0.555203 0.812247 0.139642 0.212391
0 0.475786 0.612549 0.120725 0.204929
0 0.124908 0.620216 0.161283 0.246812
0 0.678543 0.890292 0.142221 0.147852
0 0.553963 0.597235 0.0724136 0.189188
0 0.208555 0.184091 0.0925901 0.0901591
0 0.71497 0.447341 0.122447 0.126665
0 0.0717542 0.312159 0.103265 0.0892984
0 0.628764 0.333616 0.0914881 0.0750623
0 0.941848 0.825532 0.116304 0.119593
0 0.368959 0.483052 0.0838684 0.116307
0 0.102454 0.765723 0.177841 0.237525
0 0.20527 0.371114 0.15093 0.159961
0 0.742096 0.320436 0.06653 0.0977853
0 0.247686 0.514231 0.070066 0.162005
0 0.550094 0.575945 0.0563595 0.142193
0 0.550209 0.799398 0.145827 0.215191
0 0.416961 0.718383 0.149202 0.255214
0 0.47633 0.606952 0.119396 0.186733
0 0.707919 0.450109 0.125115 0.118914
0 0.332961 0.799179 0.119853 0.208738
0 0.131328 0.603072 0.16527 0.265272
0 0.638531 0.663409 0.121003 0.237448
0 0.0667624 0.317973 0.0905354 0.0717723
0 0.106106 0.741195 0.186165 0.182005
0 0.206227 0.379554 0.169272 0.218881
0 0.248086 0.498067 0.103302 0.115263
0 0.554982 0.58618 0.0523483 0.156832
0 0.202553 0.186255 0.0785337 0.0754009
0 0.96205 0.162547 0.0758993 0.107214
0 0.749837 0.326831 0.0730473 0.0931928
0 0.940081 0.819458 0.116197 0.145268
0 0.625641 0.334238 0.0896107 0.0736565
0 0.690261 0.892204 0.14093 0.185757
0 0.967335 0.495522 0.0653306 0.254954
0 0.495982 0.473963 0.04198 0.13561
