0 0.692485 0.193787 0.199525 0.213059
0 0.792213 0.0916786 0.198177 0.183357
0 0.575468 0.0695179 0.148662 0.114763
0 0.754074 0.500055 0.0974754 0.107437
0 0.926661 0.565191 0.103082 0.169619
0 0.692485 0.193787 0.199525 0.213059
0 0.792213 0.0916786 0.198177 0.183357
0 0.575468 0.0695179 0.148662 0.114763
0 0.754074 0.500055 0.0974754 0.107437
0 0.926661 0.565191 0.103082 0.169619
0 0.705629 0.194162 0.178385 0.215433
0 0.757406 0.50897 0.097948 0.0904602
0 0.138557 0.632936 0.0618708 0.104999
0 0.802965 0.0998088 0.166187 0.199618
0 0.914084 0.5547 0.125382 0.179195
0 0.0617507 0.18187 0.0575138 0.050798
0 0.0624115 0.19068 0.0590116 0.0478089
0 0.227206 0.921258 0.104747 0.15637
0 0.586558 0.0799053 0.137724 0.0621366
