0 0.671685 0.348975 0.182735 0.148666
0 0.741467 0.281461 0.116776 0.102261
0 0.957398 0.524714 0.0852039 0.169345
0 0.845087 0.409053 0.0775963 0.0890422
0 0.431603 0.911116 0.0983799 0.162762
0 0.671685 0.348975 0.182735 0.148666
0 0.741467 0.281461 0.116776 0.102261
0 0.957398 0.524714 0.0852039 0.169345
0 0.845087 0.409053 0.0775963 0.0890422
0 0.431603 0.911116 0.0983799 0.162762
0 0.679997 0.351337 0.174543 0.154639
0 0.739771 0.284344 0.11791 0.109
0 0.831084 0.931448 0.104241 0.106364
0 0.576599 0.228901 0.0693544 0.0603357
0 0.284131 0.365803 0.0828599 0.30551
0 0.969299 0.513654 0.0614028 0.131582
0 0.845852 0.409985 0.073546 0.0750075
0 0.268928 0.179364 0.0647862 0.0931098
0 0.936916 0.180383 0.0967423 0.0849971
0 0.855774 0.183002 0.0897186 0.105238
0 0.683196 0.877494 0.047224 0.0640554
0 0.39937 0.26793 0.153835 0.186998
