0 0.715648 0.759471 0.134114 0.2779
0 0.24057 0.524999 0.245773 0.247032
0 0.461242 0.213922 0.149758 0.156128
0 0.808898 0.264989 0.0840244 0.0554406
0 0.974255 0.708888 0.0476473 0.160264
0 0.528998 0.660561 0.0862452 0.135707
0 0.198683 0.039789 0.136003 0.079578
0 0.715648 0.759471 0.134114 0.2779
0 0.24057 0.524999 0.245773 0.247032
0 0.461242 0.213922 0.149758 0.156128
0 0.808898 0.264989 0.0840244 0.0554406
0 0.974255 0.708888 0.0476473 0.160264
0 0.528998 0.660561 0.0862452 0.135707
0 0.198683 0.039789 0.136003 0.079578
0 0.202591 0.0552299 0.182762 0.11046
0 0.713061 0.747208 0.14035 0.258185
0 0.468438 0.219923 0.197897 0.170024
0 0.236333 0.528109 0.230361 0.233697
0 0.625955 0.210558 0.0893033 0.059627
0 0.711489 0.398984 0.417586 0.345846
0 0.893706 0.339978 0.101942 0.0805321
0 0.804251 0.268162 0.0866114 0.0477971
