0 0.888665 0.928192 0.202119 0.143616
0 0.391436 0.453699 0.209313 0.17289
0 0.919129 0.77784 0.161743 0.188693
0 0.403699 0.753293 0.377282 0.418567
0 0.122259 0.327804 0.103284 0.255678
0 0.370655 0.706504 0.349216 0.449088
0 0.455539 0.789398 0.415038 0.421203
0 0.584163 0.271293 0.127156 0.102811
0 0.294502 0.0956262 0.118309 0.0971028
0 0.656707 0.354177 0.0554353 0.0958527
0 0.26002 0.602848 0.321147 0.248232
0 0.90834 0.148337 0.125685 0.086641
0 0.460643 0.787143 0.548111 0.425713
0 0.40614 0.44558 0.169156 0.148723
0 0.888665 0.928192 0.202119 0.143616
0 0.391436 0.453699 0.209313 0.17289
0 0.919129 0.77784 0.161743 0.188693
0 0.403699 0.753293 0.377282 0.418567
0 0.122259 0.327804 0.103284 0.255678
0 0.370655 0.706504 0.349216 0.449088
0 0.455539 0.789398 0.415038 0.421203
0 0.584163 0.271293 0.127156 0.102811
0 0.294502 0.0956262 0.118309 0.0971028
0 0.656707 0.354177 0.0554353 0.0958527
0 0.26002 0.602848 0.321147 0.248232
0 0.90834 0.148337 0.125685 0.086641
0 0.460643 0.787143 0.548111 0.425713
0 0.40614 0.44558 0.169156 0.148723
0 0.888005 0.926824 0.223989 0.146351
0 0.294389 0.110386 0.132854 0.117599
0 0.905247 0.151921 0.147306 0.071288
0 0.536221 0.422073 0.0880701 0.0927611
0 0.907966 0.772842 0.172852 0.176669
0 0.432663 0.123898 0.136448 0.202118
0 0.106193 0.638824 0.154251 0.143072
0 0.756889 0.18514 0.115196 0.0927384
0 0.893324 0.25661 0.11863 0.0733002
0 0.581576 0.0954302 0.102852 0.0826374
0 0.524908 0.817204 0.428251 0.365593
0 0.397657 0.452972 0.179587 0.177778
0 0.411744 0.775505 0.461268 0.44899
0 0.311808 0.739115 0.47019 0.486439
0 0.882027 0.468771 0.124948 0.355495
0 0.585465 0.274817 0.106753 0.0925834
