0 0.770429 0.425476 0.122437 0.143148
0 0.464737 0.240119 0.19472 0.223987
0 0.864647 0.499196 0.161686 0.207779
0 0.241074 0.77879 0.276263 0.308656
0 0.617353 0.78121 0.255955 0.43758
0 0.834969 0.722933 0.0994474 0.239767
0 0.627727 0.48575 0.0822808 0.172639
0 0.0810075 0.378467 0.155205 0.146843
0 0.0859962 0.121266 0.157406 0.10602
0 0.87701 0.175246 0.148883 0.126369
0 0.955171 0.469911 0.0896572 0.108118
0 0.252963 0.338047 0.0776718 0.151378
0 0.529117 0.42914 0.0886585 0.139109
0 0.190276 0.188155 0.103052 0.157526
0 0.922213 0.385768 0.111119 0.0802782
0 0.928606 0.801994 0.142787 0.396013
0 0.100105 0.153831 0.195751 0.169025
0 0.694764 0.233285 0.101819 0.0958612
0 0.483469 0.340085 0.0382357 0.111312
0 0.770429 0.425476 0.122437 0.143148
0 0.464737 0.240119 0.19472 0.223987
0 0.864647 0.499196 0.161686 0.207779
0 0.241074 0.77879 0.276263 0.308656
0 0.617353 0.78121 0.255955 0.43758
0 0.834969 0.722933 0.0994474 0.239767
0 0.627727 0.48575 0.0822808 0.172639
0 0.0810075 0.378467 0.155205 0.146843
0 0.0859962 0.121266 0.157406 0.10602
0 0.87701 0.175246 0.148883 0.126369
0 0.955171 0.469911 0.0896572 0.108118
0 0.252963 0.338047 0.0776718 0.151378
0 0.529117 0.42914 0.0886585 0.139109
0 0.190276 0.188155 0.103052 0.157526
0 0.922213 0.385768 0.111119 0.0802782
0 0.928606 0.801994 0.142787 0.396013
0 0.100105 0.153831 0.195751 0.169025
0 0.694764 0.233285 0.101819 0.0958612
0 0.483469 0.340085 0.0382357 0.111312
0 0.244301 0.76277 0.280352 0.407352
0 0.869412 0.504381 0.158647 0.20417
0 0.767247 0.424727 0.120204 0.13909
0 0.891811 0.179561 0.171006 0.131952
0 0.104381 0.146113 0.208762 0.15704
0 0.453994 0.245257 0.164163 0.24292
0 0.92861 0.389843 0.0974915 0.0734127
0 0.833608 0.724746 0.108531 0.262167
0 0.634467 0.494361 0.0796927 0.175415
0 0.700827 0.238622 0.101256 0.108133
0 0.0972345 0.392601 0.194469 0.1858
0 0.924709 0.78618 0.150581 0.382223
0 0.956284 0.475779 0.0874326 0.0813763
0 0.61135 0.754303 0.237764 0.353066
0 0.611828 0.795241 0.264033 0.409519
0 0.257151 0.341026 0.0801071 0.13869
