0 0.324507 0.14091 0.139021 0.115081
0 0.356198 0.805004 0.208376 0.389991
0 0.874134 0.674296 0.251733 0.185353
0 0.142551 0.371834 0.285101 0.284834
0 0.812394 0.300572 0.231174 0.242504
0 0.29083 0.301961 0.104934 0.112968
0 0.56097 0.213827 0.212761 0.191965
0 0.324507 0.14091 0.139021 0.115081
0 0.356198 0.805004 0.208376 0.389991
0 0.874134 0.674296 0.251733 0.185353
0 0.142551 0.371834 0.285101 0.284834
0 0.812394 0.300572 0.231174 0.242504
0 0.29083 0.301961 0.104934 0.112968
0 0.56097 0.213827 0.212761 0.191965
0 0.877868 0.687028 0.244264 0.220274
0 0.836116 0.255925 0.140257 0.153365
0 0.329912 0.141066 0.140322 0.107089
0 0.35749 0.808929 0.250182 0.382143
0 0.100599 0.30662 0.199918 0.116402
0 0.426419 0.681724 0.135066 0.144633
0 0.570426 0.168672 0.14273 0.124909
0 0.369286 0.196718 0.102211 0.0671619
0 0.313677 0.428706 0.0846396 0.207257
0 0.714812 0.46881 0.066437 0.108186
0 0.291552 0.298782 0.114128 0.141947
0 0.671531 0.286277 0.0801615 0.0754047
0 0.0386745 0.474393 0.0766893 0.169451
0 0.508702 0.065249 0.116897 0.0763543
