0 0.1238 0.774194 0.243134 0.194049
0 0.664852 0.275872 0.156218 0.110649
0 0.65952 0.647006 0.24034 0.390427
0 0.469401 0.387655 0.166261 0.139629
0 0.837465 0.132885 0.106106 0.0846168
0 0.523075 0.142326 0.131345 0.11676
0 0.739738 0.486371 0.109378 0.114252
0 0.188152 0.120548 0.244765 0.181851
0 0.457427 0.762678 0.106148 0.25647
0 0.251529 0.503154 0.125905 0.235473
0 0.0616349 0.951739 0.115266 0.0965222
0 0.367423 0.455651 0.0776774 0.0630183
0 0.607875 0.086197 0.135409 0.123816
0 0.596925 0.428942 0.0958762 0.10361
0 0.919732 0.412939 0.160536 0.187431
0 0.510652 0.522696 0.115773 0.139738
0 0.161905 0.404826 0.0829286 0.114973
0 0.164559 0.460747 0.0832681 0.09909
0 0.1238 0.774194 0.243134 0.194049
0 0.664852 0.275872 0.156218 0.110649
0 0.65952 0.647006 0.24034 0.390427
0 0.469401 0.387655 0.166261 0.139629
0 0.837465 0.132885 0.106106 0.0846168
0 0.523075 0.142326 0.131345 0.11676
0 0.739738 0.486371 0.109378 0.114252
0 0.188152 0.120548 0.244765 0.181851
0 0.457427 0.762678 0.106148 0.25647
0 0.251529 0.503154 0.125905 0.235473
0 0.0616349 0.951739 0.115266 0.0965222
0 0.367423 0.455651 0.0776774 0.0630183
0 0.607875 0.086197 0.135409 0.123816
0 0.596925 0.428942 0.0958762 0.10361
0 0.919732 0.412939 0.160536 0.187431
0 0.510652 0.522696 0.115773 0.139738
0 0.161905 0.404826 0.0829286 0.114973
0 0.164559 0.460747 0.0832681 0.09909
0 0.129479 0.77402 0.249305 0.203086
0 0.827424 0.139098 0.128194 0.0781465
0 0.66053 0.654699 0.24021 0.363079
0 0.667572 0.289639 0.169577 0.136319
0 0.466239 0.405081 0.167141 0.18389
0 0.246542 0.509842 0.125512 0.315407
0 0.213065 0.1119 0.201414 0.147375
0 0.518824 0.150558 0.15164 0.128766
0 0.452297 0.772329 0.10682 0.288524
0 0.894195 0.535142 0.0877209 0.0677508
0 0.738928 0.488591 0.110193 0.107469
0 0.701952 0.131386 0.147911 0.12568
0 0.170662 0.12757 0.254076 0.193843
0 0.907412 0.421891 0.184301 0.231254
