0 0.464858 0.0900104 0.139154 0.128282
0 0.30519 0.21255 0.133961 0.154127
0 0.701447 0.323719 0.147963 0.166996
0 0.747592 0.134779 0.117814 0.10732
0 0.415083 0.800267 0.0989221 0.187611
0 0.34004 0.121784 0.114229 0.106526
0 0.464858 0.0900104 0.139154 0.128282
0 0.30519 0.21255 0.133961 0.154127
0 0.701447 0.323719 0.147963 0.166996
0 0.747592 0.134779 0.117814 0.10732
0 0.415083 0.800267 0.0989221 0.187611
0 0.34004 0.121784 0.114229 0.106526
0 0.699458 0.316888 0.145397 0.147404
0 0.300458 0.213878 0.140459 0.148298
0 0.464456 0.0921998 0.135323 0.127258
0 0.420803 0.792198 0.0986784 0.235375
0 0.751357 0.141133 0.0981148 0.106724
