0 0.768571 0.65126 0.141468 0.177932
0 0.258585 0.152309 0.269414 0.237295
0 0.648169 0.878118 0.112618 0.243764
0 0.0878456 0.147479 0.16698 0.18468
0 0.837039 0.4905 0.125477 0.131425
0 0.803135 0.881734 0.100718 0.194507
0 0.950762 0.768476 0.0928082 0.233881
0 0.680253 0.564219 0.0731048 0.0851871
0 0.615311 0.669159 0.0517474 0.146513
0 0.193565 0.250418 0.082277 0.0732206
0 0.768571 0.65126 0.141468 0.177932
0 0.258585 0.152309 0.269414 0.237295
0 0.648169 0.878118 0.112618 0.243764
0 0.0878456 0.147479 0.16698 0.18468
0 0.837039 0.4905 0.125477 0.131425
0 0.803135 0.881734 0.100718 0.194507
0 0.950762 0.768476 0.0928082 0.233881
0 0.680253 0.564219 0.0731048 0.0851871
0 0.615311 0.669159 0.0517474 0.146513
0 0.193565 0.250418 0.082277 0.0732206
0 0.762468 0.648878 0.136948 0.173035
0 0.842692 0.477138 0.144784 0.159871
0 0.0920196 0.145329 0.184039 0.171302
0 0.652906 0.872461 0.095738 0.21694
0 0.29551 0.168247 0.186857 0.218613
0 0.256237 0.162443 0.28153 0.25137
0 0.547016 0.319819 0.0812326 0.0799196
0 0.0772436 0.379833 0.154487 0.238095
