0 0.653166 0.697555 0.255909 0.251607
0 0.828474 0.731761 0.0532024 0.130337
0 0.305909 0.573254 0.288124 0.191852
0 0.906946 0.712463 0.0720446 0.10238
0 0.952368 0.622294 0.0827286 0.188608
0 0.831279 0.612278 0.12188 0.146137
0 0.886108 0.855898 0.0702563 0.136108
0 0.662707 0.921652 0.0890612 0.156696
0 0.498046 0.379855 0.152258 0.131955
0 0.161005 0.310809 0.10132 0.0869597
0 0.376694 0.874521 0.117561 0.223305
0 0.723562 0.504033 0.0788467 0.089244
0 0.967918 0.639445 0.0558708 0.188531
0 0.976937 0.66164 0.0369789 0.154801
0 0.0211331 0.520924 0.0404174 0.143685
0 0.653166 0.697555 0.255909 0.251607
0 0.828474 0.731761 0.0532024 0.130337
0 0.305909 0.573254 0.288124 0.191852
0 0.906946 0.712463 0.0720446 0.10238
0 0.952368 0.622294 0.0827286 0.188608
0 0.831279 0.612278 0.12188 0.146137
0 0.886108 0.855898 0.0702563 0.136108
0 0.662707 0.921652 0.0890612 0.156696
0 0.498046 0.379855 0.152258 0.131955
0 0.161005 0.310809 0.10132 0.0869597
0 0.376694 0.874521 0.117561 0.223305
0 0.723562 0.504033 0.0788467 0.089244
0 0.967918 0.639445 0.0558708 0.188531
0 0.976937 0.66164 0.0369789 0.154801
0 0.0211331 0.520924 0.0404174 0.143685
0 0.65839 0.690213 0.247567 0.281693
0 0.888732 0.855342 0.069474 0.150928
0 0.290849 0.56817 0.211137 0.15705
0 0.909903 0.715215 0.0724236 0.0845294
0 0.500221 0.384381 0.148447 0.12123
0 0.378331 0.86676 0.116103 0.244503
0 0.166159 0.304557 0.0909885 0.0707214
0 0.138889 0.578179 0.0590109 0.268594
0 0.0305901 0.272013 0.0611802 0.0941088
0 0.340473 0.614297 0.288461 0.253317
0 0.656631 0.912673 0.0845259 0.15769
0 0.365464 0.585124 0.200031 0.176784
0 0.686091 0.913273 0.142143 0.151714
0 0.0298462 0.52999 0.0596924 0.242195
0 0.829358 0.730019 0.051152 0.108264
0 0.965413 0.651579 0.0691747 0.24212
0 0.84276 0.616084 0.0914162 0.106243
0 0.18448 0.143227 0.0806391 0.098212
