0 0.944117 0.906277 0.0997021 0.187445
0 0.928369 0.220956 0.139991 0.134858
0 0.352576 0.783306 0.230891 0.433389
0 0.820455 0.608294 0.282689 0.216236
0 0.321615 0.757558 0.244485 0.441648
0 0.344333 0.250418 0.135329 0.119875
0 0.353142 0.371102 0.102444 0.178254
0 0.0516308 0.638146 0.102446 0.255248
0 0.398958 0.0943455 0.140711 0.13612
0 0.576331 0.173091 0.190439 0.192605
0 0.202123 0.339674 0.177971 0.13138
0 0.68377 0.316748 0.091168 0.0984005
0 0.944117 0.906277 0.0997021 0.187445
0 0.928369 0.220956 0.139991 0.134858
0 0.352576 0.783306 0.230891 0.433389
0 0.820455 0.608294 0.282689 0.216236
0 0.321615 0.757558 0.244485 0.441648
0 0.344333 0.250418 0.135329 0.119875
0 0.353142 0.371102 0.102444 0.178254
0 0.0516308 0.638146 0.102446 0.255248
0 0.398958 0.0943455 0.140711 0.13612
0 0.576331 0.173091 0.190439 0.192605
0 0.202123 0.339674 0.177971 0.13138
0 0.68377 0.316748 0.091168 0.0984005
0 0.837031 0.629093 0.301566 0.284147
0 0.401961 0.0881137 0.157383 0.130363
0 0.935601 0.230243 0.128798 0.137497
0 0.33738 0.241778 0.134596 0.124782
0 0.201567 0.334831 0.194384 0.139061
0 0.330488 0.781713 0.359762 0.436574
0 0.0558141 0.641043 0.109321 0.230075
0 0.93503 0.894008 0.114551 0.211985
0 0.0718697 0.426554 0.143739 0.224456
0 0.356147 0.377603 0.126337 0.202834
0 0.318483 0.762115 0.269275 0.399528
0 0.8242 0.317579 0.0896191 0.206734
