0 0.299383 0.737237 0.101524 0.209295
0 0.144332 0.437433 0.190279 0.115159
0 0.407937 0.729548 0.113876 0.160325
0 0.429018 0.886902 0.124209 0.226196
0 0.177295 0.222656 0.138016 0.112239
0 0.0806499 0.819916 0.156896 0.265775
0 0.428942 0.859433 0.152382 0.281135
0 0.478808 0.532195 0.132152 0.0910409
0 0.299383 0.737237 0.101524 0.209295
0 0.144332 0.437433 0.190279 0.115159
0 0.407937 0.729548 0.113876 0.160325
0 0.429018 0.886902 0.124209 0.226196
0 0.177295 0.222656 0.138016 0.112239
0 0.0806499 0.819916 0.156896 0.265775
0 0.428942 0.859433 0.152382 0.281135
0 0.478808 0.532195 0.132152 0.0910409
0 0.144685 0.436724 0.158469 0.110588
0 0.298338 0.744427 0.100316 0.1996
0 0.400427 0.731961 0.108842 0.157334
0 0.237141 0.284399 0.0893446 0.0713709
0 0.168569 0.217103 0.117018 0.0872533
0 0.476761 0.529709 0.111723 0.0717524
0 0.74373 0.415759 0.0721816 0.0757533
0 0.307481 0.388793 0.0473434 0.0609134
0 0.077608 0.81372 0.155216 0.288978
