0 0.838194 0.689747 0.186514 0.31963
0 0.163024 0.475006 0.100914 0.220099
0 0.142264 0.057986 0.165102 0.115972
0 0.356835 0.715128 0.0651718 0.220566
0 0.759575 0.351584 0.152951 0.143752
0 0.968146 0.705823 0.0637088 0.181155
0 0.510273 0.601493 0.128571 0.17852
0 0.18931 0.863744 0.0851749 0.272511
0 0.408186 0.47839 0.057138 0.150183
0 0.339558 0.487954 0.0658264 0.202687
0 0.20135 0.135787 0.116286 0.0940374
0 0.299406 0.452511 0.0456584 0.139216
0 0.19979 0.326066 0.0828735 0.100204
0 0.510911 0.896087 0.0877351 0.207826
0 0.586984 0.852227 0.105259 0.125138
0 0.510227 0.458943 0.0602235 0.0913979
0 0.548826 0.884134 0.183226 0.225245
0 0.0172715 0.700116 0.034543 0.102554
0 0.351684 0.478321 0.0873114 0.182153
0 0.0205524 0.807289 0.0373572 0.138843
0 0.838194 0.689747 0.186514 0.31963
0 0.163024 0.475006 0.100914 0.220099
0 0.142264 0.057986 0.165102 0.115972
0 0.356835 0.715128 0.0651718 0.220566
0 0.759575 0.351584 0.152951 0.143752
0 0.968146 0.705823 0.0637088 0.181155
0 0.510273 0.601493 0.128571 0.17852
0 0.18931 0.863744 0.0851749 0.272511
0 0.408186 0.47839 0.057138 0.150183
0 0.339558 0.487954 0.0658264 0.202687
0 0.20135 0.135787 0.116286 0.0940374
0 0.299406 0.452511 0.0456584 0.139216
0 0.19979 0.326066 0.0828735 0.100204
0 0.510911 0.896087 0.0877351 0.207826
0 0.586984 0.852227 0.105259 0.125138
0 0.510227 0.458943 0.0602235 0.0913979
0 0.548826 0.884134 0.183226 0.225245
0 0.0172715 0.700116 0.034543 0.102554
0 0.351684 0.478321 0.0873114 0.182153
0 0.0205524 0.807289 0.0373572 0.138843
0 0.135603 0.0595348 0.167338 0.11847
0 0.514076 0.606031 0.122886 0.154029
0 0.171497 0.48677 0.0964483 0.230802
0 0.357866 0.712537 0.0621973 0.227377
0 0.195925 0.140751 0.0968312 0.0768636
0 0.966374 0.700956 0.067252 0.170045
0 0.511514 0.460301 0.0590544 0.0803345
0 0.407656 0.487487 0.0764967 0.171145
0 0.766088 0.358242 0.151946 0.155055
0 0.839326 0.701019 0.208626 0.304403
0 0.586312 0.852538 0.117319 0.131374
0 0.523922 0.282805 0.112156 0.127129
0 0.334801 0.502642 0.0567478 0.157325
0 0.351485 0.31602 0.0763581 0.117157
0 0.832007 0.952699 0.086566 0.0946028
0 0.580301 0.354051 0.0678502 0.0615407
0 0.496959 0.887711 0.0889953 0.223878
0 0.296034 0.44584 0.0579079 0.134449
0 0.123264 0.397006 0.0486191 0.140248
