0 0.488322 0.801021 0.116407 0.293195
0 0.805712 0.831834 0.159113 0.142757
0 0.289821 0.791378 0.154022 0.351296
0 0.561117 0.731886 0.0978178 0.268312
0 0.57644 0.453175 0.0872082 0.173623
0 0.134707 0.19889 0.15168 0.126313
0 0.628851 0.669523 0.107573 0.221017
0 0.0494038 0.375215 0.0988076 0.128042
0 0.299233 0.248091 0.0989071 0.135608
0 0.335347 0.531399 0.0748766 0.178236
0 0.201137 0.584759 0.123149 0.137174
0 0.503305 0.445759 0.0734798 0.118864
0 0.915666 0.916386 0.100765 0.167227
0 0.397314 0.588649 0.0493734 0.165436
0 0.808318 0.457466 0.0753443 0.0816859
0 0.681274 0.891165 0.110776 0.189765
0 0.6232 0.657399 0.106084 0.160708
0 0.166587 0.399696 0.0833823 0.144075
0 0.0684295 0.861666 0.11772 0.276668
0 0.152715 0.232699 0.194406 0.182597
0 0.502536 0.589689 0.136338 0.19096
0 0.921879 0.644956 0.0791431 0.104798
0 0.853164 0.572364 0.110814 0.169559
0 0.645567 0.775111 0.0729698 0.168668
0 0.45599 0.310696 0.0837041 0.12377
0 0.652021 0.25174 0.0701523 0.0771165
0 0.488322 0.801021 0.116407 0.293195
0 0.805712 0.831834 0.159113 0.142757
0 0.289821 0.791378 0.154022 0.351296
0 0.561117 0.731886 0.0978178 0.268312
0 0.57644 0.453175 0.0872082 0.173623
0 0.134707 0.19889 0.15168 0.126313
0 0.628851 0.669523 0.107573 0.221017
0 0.0494038 0.375215 0.0988076 0.128042
0 0.299233 0.248091 0.0989071 0.135608
0 0.335347 0.531399 0.0748766 0.178236
0 0.201137 0.584759 0.123149 0.137174
0 0.503305 0.445759 0.0734798 0.118864
0 0.915666 0.916386 0.100765 0.167227
0 0.397314 0.588649 0.0493734 0.165436
0 0.808318 0.457466 0.0753443 0.0816859
0 0.681274 0.891165 0.110776 0.189765
0 0.6232 0.657399 0.106084 0.160708
0 0.166587 0.399696 0.0833823 0.144075
0 0.0684295 0.861666 0.11772 0.276668
0 0.152715 0.232699 0.194406 0.182597
0 0.502536 0.589689 0.136338 0.19096
0 0.921879 0.644956 0.0791431 0.104798
0 0.853164 0.572364 0.110814 0.169559
0 0.645567 0.775111 0.0729698 0.168668
0 0.45599 0.310696 0.0837041 0.12377
0 0.652021 0.25174 0.0701523 0.0771165
0 0.805869 0.834075 0.15671 0.144144
0 0.504725 0.446191 0.0790699 0.122041
0 0.624143 0.66612 0.120868 0.181342
0 0.20144 0.592107 0.109247 0.126389
0 0.810582 0.465304 0.0797001 0.082389
0 0.571808 0.445541 0.0834245 0.161625
0 0.289515 0.799307 0.160579 0.314234
0 0.142866 0.217895 0.164006 0.179824
0 0.332638 0.529087 0.0790239 0.152631
0 0.4021 0.574007 0.0437177 0.115581
0 0.300342 0.260811 0.0959694 0.139367
0 0.684556 0.885945 0.109999 0.187756
0 0.555771 0.729778 0.101628 0.26423
0 0.484937 0.790851 0.112441 0.295132
0 0.0514069 0.386225 0.0994256 0.123354
0 0.856076 0.557609 0.104287 0.141518
0 0.0900702 0.10243 0.127502 0.104306
0 0.91631 0.888413 0.1406 0.223174
0 0.485157 0.574145 0.135151 0.150361
0 0.180594 0.333652 0.0899763 0.136038
0 0.925739 0.645752 0.0793835 0.101829
0 0.644821 0.770215 0.0706829 0.148938
0 0.133437 0.200301 0.137369 0.130402
0 0.449845 0.302319 0.0851038 0.102276
