0 0.690645 0.352671 0.175692 0.146735
0 0.446351 0.904197 0.113931 0.177324
0 0.301089 0.448802 0.107612 0.250163
0 0.859767 0.402314 0.0979786 0.0876572
0 0.953087 0.517579 0.0883397 0.19298
0 0.690645 0.352671 0.175692 0.146735
0 0.446351 0.904197 0.113931 0.177324
0 0.301089 0.448802 0.107612 0.250163
0 0.859767 0.402314 0.0979786 0.0876572
0 0.953087 0.517579 0.0883397 0.19298
0 0.690513 0.351872 0.17161 0.149458
0 0.865462 0.406264 0.0951252 0.0824637
0 0.287186 0.410732 0.121158 0.292179
0 0.964404 0.517213 0.0700733 0.139069
0 0.586394 0.22902 0.0713184 0.0615217
0 0.872155 0.170708 0.0916978 0.106552
0 0.958067 0.81066 0.0838661 0.248268
