0 0.363015 0.489638 0.1692 0.297734
0 0.540264 0.857227 0.192588 0.193336
0 0.225092 0.176278 0.130331 0.121054
0 0.556504 0.568239 0.0870476 0.198364
0 0.32352 0.834471 0.225476 0.331058
0 0.719827 0.585068 0.126666 0.187536
0 0.168702 0.452267 0.0858248 0.18146
0 0.682107 0.720944 0.124565 0.175725
0 0.498304 0.607854 0.11969 0.223646
0 0.374727 0.515154 0.133435 0.319068
0 0.0605001 0.625777 0.0973976 0.166471
0 0.936695 0.857269 0.108718 0.285462
0 0.0226026 0.153299 0.0440017 0.135796
0 0.952306 0.697063 0.0953878 0.162529
0 0.395167 0.200987 0.0958782 0.134112
0 0.340603 0.305153 0.0973293 0.161838
0 0.363015 0.489638 0.1692 0.297734
0 0.540264 0.857227 0.192588 0.193336
0 0.225092 0.176278 0.130331 0.121054
0 0.556504 0.568239 0.0870476 0.198364
0 0.32352 0.834471 0.225476 0.331058
0 0.719827 0.585068 0.126666 0.187536
0 0.168702 0.452267 0.0858248 0.18146
0 0.682107 0.720944 0.124565 0.175725
0 0.498304 0.607854 0.11969 0.223646
0 0.374727 0.515154 0.133435 0.319068
0 0.0605001 0.625777 0.0973976 0.166471
0 0.936695 0.857269 0.108718 0.285462
0 0.0226026 0.153299 0.0440017 0.135796
0 0.952306 0.697063 0.0953878 0.162529
0 0.395167 0.200987 0.0958782 0.134112
0 0.340603 0.305153 0.0973293 0.161838
0 0.556616 0.563416 0.0804756 0.181245
0 0.362045 0.503775 0.162571 0.305379
0 0.542635 0.866338 0.207729 0.228217
0 0.218613 0.176143 0.121956 0.105511
0 0.715031 0.587305 0.125592 0.150197
0 0.34992 0.824928 0.154767 0.341724
0 0.505566 0.620895 0.115353 0.235532
0 0.950999 0.689108 0.0949968 0.150354
0 0.060689 0.607766 0.102808 0.148354
0 0.164356 0.446392 0.082337 0.17113
0 0.682544 0.725622 0.122963 0.178584
0 0.902129 0.436621 0.0699871 0.0824026
0 0.345815 0.322797 0.0899761 0.198868
0 0.927191 0.849105 0.135637 0.270973
0 0.0296666 0.159618 0.0593332 0.125908
0 0.604055 0.384533 0.0867603 0.105103
0 0.337449 0.844033 0.205615 0.311934
