0 0.658546 0.863468 0.165863 0.147509
0 0.214038 0.710401 0.105056 0.165306
0 0.444182 0.809549 0.092612 0.185619
0 0.538355 0.59898 0.260343 0.264931
0 0.949859 0.683599 0.100282 0.160646
0 0.735761 0.349389 0.145511 0.117543
0 0.794894 0.781763 0.0622674 0.0955838
0 0.300411 0.522668 0.073957 0.0842509
0 0.800689 0.968742 0.127472 0.0625163
0 0.658546 0.863468 0.165863 0.147509
0 0.214038 0.710401 0.105056 0.165306
0 0.444182 0.809549 0.092612 0.185619
0 0.538355 0.59898 0.260343 0.264931
0 0.949859 0.683599 0.100282 0.160646
0 0.735761 0.349389 0.145511 0.117543
0 0.794894 0.781763 0.0622674 0.0955838
0 0.300411 0.522668 0.073957 0.0842509
0 0.800689 0.968742 0.127472 0.0625163
0 0.215273 0.710698 0.111828 0.160689
0 0.653443 0.866144 0.150442 0.158961
0 0.446422 0.80559 0.0890785 0.172055
0 0.732081 0.349123 0.151167 0.107961
0 0.520867 0.629795 0.299925 0.27795
0 0.940608 0.686315 0.118785 0.199956
0 0.409385 0.505041 0.0528312 0.072305
0 0.361883 0.566006 0.0585142 0.0776417
0 0.35217 0.475192 0.0552293 0.0629442
0 0.796936 0.779883 0.0882127 0.0861416
0 0.535468 0.451399 0.0879246 0.110564
