0 0.268304 0.259232 0.105425 0.212254
0 0.219918 0.0310892 0.0836025 0.0621784
0 0.887463 0.482587 0.0742271 0.122072
0 0.207156 0.665101 0.0745311 0.228512
0 0.901673 0.329831 0.0805901 0.14132
0 0.147317 0.0818538 0.0791119 0.135646
0 0.726514 0.19353 0.0532208 0.100986
0 0.268304 0.259232 0.105425 0.212254
0 0.219918 0.0310892 0.0836025 0.0621784
0 0.887463 0.482587 0.0742271 0.122072
0 0.207156 0.665101 0.0745311 0.228512
0 0.901673 0.329831 0.0805901 0.14132
0 0.147317 0.0818538 0.0791119 0.135646
0 0.726514 0.19353 0.0532208 0.100986
0 0.208793 0.657413 0.0765641 0.265234
0 0.90881 0.337556 0.0805435 0.119172
0 0.571096 0.0758176 0.111156 0.0686647
0 0.746861 0.633274 0.068671 0.0513733
