0 0.259379 0.484465 0.141125 0.122644
0 0.267541 0.345864 0.131507 0.112892
0 0.257229 0.721862 0.115636 0.127095
0 0.466516 0.194275 0.143486 0.11334
0 0.595867 0.364934 0.093848 0.124054
0 0.934954 0.635239 0.130092 0.153785
0 0.0504369 0.397207 0.100874 0.213905
0 0.936598 0.480875 0.119342 0.151581
0 0.259379 0.484465 0.141125 0.122644
0 0.267541 0.345864 0.131507 0.112892
0 0.257229 0.721862 0.115636 0.127095
0 0.466516 0.194275 0.143486 0.11334
0 0.595867 0.364934 0.093848 0.124054
0 0.934954 0.635239 0.130092 0.153785
0 0.0504369 0.397207 0.100874 0.213905
0 0.936598 0.480875 0.119342 0.151581
0 0.266752 0.344803 0.145077 0.109892
0 0.264378 0.490141 0.151336 0.119473
0 0.934807 0.472146 0.11657 0.137319
0 0.598285 0.363464 0.0909892 0.12165
0 0.937409 0.644453 0.125183 0.130957
0 0.497483 0.209342 0.0858361 0.0673982
0 0.111158 0.931433 0.206343 0.137134
0 0.04196 0.376105 0.0839199 0.170304
0 0.412468 0.061293 0.0917656 0.0708719
0 0.0377092 0.787267 0.075277 0.137733
0 0.942032 0.147381 0.11064 0.0793087
0 0.114438 0.794873 0.197796 0.198844
