0 0.822262 0.858159 0.355477 0.283682
0 0.851671 0.233534 0.296657 0.342095
0 0.204694 0.662967 0.341013 0.258924
0 0.502432 0.902779 0.135277 0.194442
0 0.86984 0.649672 0.186815 0.153983
0 0.165858 0.156449 0.331716 0.312899
0 0.898471 0.48194 0.12613 0.09534
0 0.277812 0.282647 0.0890152 0.199006
0 0.102536 0.533975 0.187582 0.215212
0 0.459189 0.294801 0.357769 0.349889
0 0.177145 0.669405 0.354291 0.300298
0 0.822262 0.858159 0.355477 0.283682
0 0.851671 0.233534 0.296657 0.342095
0 0.204694 0.662967 0.341013 0.258924
0 0.502432 0.902779 0.135277 0.194442
0 0.86984 0.649672 0.186815 0.153983
0 0.165858 0.156449 0.331716 0.312899
0 0.898471 0.48194 0.12613 0.09534
0 0.277812 0.282647 0.0890152 0.199006
0 0.102536 0.533975 0.187582 0.215212
0 0.459189 0.294801 0.357769 0.349889
0 0.177145 0.669405 0.354291 0.300298
0 0.81411 0.862882 0.361492 0.274236
0 0.872938 0.645325 0.199058 0.144233
0 0.853488 0.247769 0.293025 0.340188
0 0.462207 0.293763 0.380767 0.310885
0 0.853503 0.0942515 0.196476 0.188503
0 0.189153 0.676728 0.378307 0.324803
0 0.478502 0.912276 0.183872 0.175447
0 0.507749 0.912869 0.116545 0.162397
0 0.842529 0.313725 0.263863 0.439548
0 0.168023 0.169984 0.336045 0.339969
0 0.10741 0.536862 0.200776 0.248972
0 0.886567 0.497432 0.138325 0.109697
0 0.174336 0.645759 0.346096 0.425536
0 0.117519 0.565593 0.219779 0.331
