0 0.427766 0.07709 0.209658 0.15418
0 0.313746 0.151884 0.0524166 0.110618
0 0.055102 0.0498671 0.107423 0.0825631
0 0.178428 0.122834 0.0957452 0.0902454
0 0.754799 0.435002 0.159492 0.147611
0 0.427766 0.07709 0.209658 0.15418
0 0.313746 0.151884 0.0524166 0.110618
0 0.055102 0.0498671 0.107423 0.0825631
0 0.178428 0.122834 0.0957452 0.0902454
0 0.754799 0.435002 0.159492 0.147611
0 0.425786 0.0773893 0.209768 0.154779
0 0.915471 0.0979066 0.125862 0.10709
0 0.803566 0.595748 0.0997052 0.101236
0 0.0532541 0.064221 0.0946216 0.0738874
0 0.471489 0.198339 0.100987 0.0798293
0 0.403177 0.0616776 0.177403 0.123355
