0 0.280882 0.562613 0.120442 0.217958
0 0.425199 0.408359 0.26061 0.286995
0 0.269618 0.400313 0.127833 0.174804
0 0.458642 0.238889 0.147673 0.163131
0 0.21732 0.310053 0.149374 0.220702
0 0.0533288 0.70682 0.104388 0.106082
0 0.0282316 0.524594 0.0564631 0.186551
0 0.280882 0.562613 0.120442 0.217958
0 0.425199 0.408359 0.26061 0.286995
0 0.269618 0.400313 0.127833 0.174804
0 0.458642 0.238889 0.147673 0.163131
0 0.21732 0.310053 0.149374 0.220702
0 0.0533288 0.70682 0.104388 0.106082
0 0.0282316 0.524594 0.0564631 0.186551
0 0.460134 0.236465 0.148425 0.159826
0 0.213846 0.318942 0.122459 0.234757
0 0.275204 0.557682 0.113008 0.208462
0 0.436633 0.41732 0.213528 0.276131
0 0.270881 0.403098 0.11973 0.166074
0 0.787587 0.23677 0.0970896 0.0842995
0 0.029771 0.531445 0.0576912 0.166314
0 0.894631 0.374669 0.0670927 0.0957782
