0 0.303744 0.723364 0.108079 0.249423
0 0.433539 0.746834 0.111757 0.238188
0 0.658177 0.908954 0.0649346 0.182092
0 0.541359 0.630577 0.0996741 0.184422
0 0.0675139 0.61858 0.124881 0.217247
0 0.0541801 0.74356 0.10836 0.18632
0 0.199466 0.78248 0.0602284 0.152646
0 0.654522 0.48028 0.124355 0.124803
0 0.428606 0.476331 0.0714123 0.151095
0 0.145946 0.351736 0.145847 0.168597
0 0.906247 0.176853 0.151347 0.105951
0 0.368628 0.576105 0.0951827 0.171966
0 0.935685 0.682845 0.12863 0.204114
0 0.145746 0.192642 0.0957979 0.0899078
0 0.898967 0.686489 0.181847 0.215117
0 0.296152 0.301883 0.0883625 0.127461
0 0.375297 0.927501 0.0928318 0.144997
0 0.81801 0.925147 0.118933 0.140038
0 0.178943 0.510243 0.0794429 0.0957981
0 0.677592 0.334655 0.0563765 0.0910363
0 0.303744 0.723364 0.108079 0.249423
0 0.433539 0.746834 0.111757 0.238188
0 0.658177 0.908954 0.0649346 0.182092
0 0.541359 0.630577 0.0996741 0.184422
0 0.0675139 0.61858 0.124881 0.217247
0 0.0541801 0.74356 0.10836 0.18632
0 0.199466 0.78248 0.0602284 0.152646
0 0.654522 0.48028 0.124355 0.124803
0 0.428606 0.476331 0.0714123 0.151095
0 0.145946 0.351736 0.145847 0.168597
0 0.906247 0.176853 0.151347 0.105951
0 0.368628 0.576105 0.0951827 0.171966
0 0.935685 0.682845 0.12863 0.204114
0 0.145746 0.192642 0.0957979 0.0899078
0 0.898967 0.686489 0.181847 0.215117
0 0.296152 0.301883 0.0883625 0.127461
0 0.375297 0.927501 0.0928318 0.144997
0 0.81801 0.925147 0.118933 0.140038
0 0.178943 0.510243 0.0794429 0.0957981
0 0.677592 0.334655 0.0563765 0.0910363
0 0.653317 0.489905 0.145192 0.12949
0 0.301682 0.725066 0.107811 0.266409
0 0.432473 0.743447 0.107926 0.223676
0 0.552308 0.663732 0.105971 0.241407
0 0.154629 0.356234 0.162662 0.192265
0 0.385561 0.612884 0.127574 0.240147
0 0.136161 0.18891 0.0761941 0.0758477
0 0.383188 0.932326 0.0842571 0.135348
0 0.660203 0.914253 0.0689566 0.171494
0 0.29494 0.296597 0.096987 0.124005
0 0.0777702 0.6007 0.15554 0.292941
0 0.901481 0.182799 0.142295 0.103597
0 0.201528 0.776163 0.0589871 0.172185
0 0.0648172 0.766893 0.129634 0.248319
0 0.484931 0.554545 0.0381083 0.144533
0 0.205504 0.188395 0.0844545 0.0776509
0 0.117147 0.89063 0.234294 0.196453
0 0.905094 0.672599 0.181265 0.168576
0 0.167347 0.51792 0.110959 0.12737
