0 0.290263 0.595801 0.201195 0.210733
0 0.436522 0.709716 0.0869217 0.161513
0 0.210117 0.51535 0.182172 0.12434
0 0.5527 0.672657 0.108731 0.0854069
0 0.0653179 0.150164 0.126611 0.0936661
0 0.72351 0.4367 0.0690346 0.151017
0 0.490317 0.551493 0.0939253 0.116262
0 0.585488 0.564553 0.0840307 0.10958
0 0.258557 0.585819 0.274924 0.24065
0 0.596651 0.930631 0.120043 0.124302
0 0.428478 0.609604 0.0925892 0.0840598
0 0.208618 0.536276 0.216564 0.172136
0 0.290263 0.595801 0.201195 0.210733
0 0.436522 0.709716 0.0869217 0.161513
0 0.210117 0.51535 0.182172 0.12434
0 0.5527 0.672657 0.108731 0.0854069
0 0.0653179 0.150164 0.126611 0.0936661
0 0.72351 0.4367 0.0690346 0.151017
0 0.490317 0.551493 0.0939253 0.116262
0 0.585488 0.564553 0.0840307 0.10958
0 0.258557 0.585819 0.274924 0.24065
0 0.596651 0.930631 0.120043 0.124302
0 0.428478 0.609604 0.0925892 0.0840598
0 0.208618 0.536276 0.216564 0.172136
0 0.212383 0.52486 0.183506 0.148072
0 0.286468 0.621733 0.187472 0.176824
0 0.439211 0.714672 0.0838923 0.162278
0 0.0626488 0.148004 0.123553 0.0950273
0 0.553924 0.675133 0.0939179 0.0652978
0 0.484871 0.555632 0.0904828 0.0893383
0 0.138757 0.496201 0.0669664 0.185053
0 0.131665 0.320318 0.26333 0.307587
0 0.140547 0.476195 0.0650559 0.134916
0 0.946689 0.940422 0.068853 0.111909
0 0.308651 0.174081 0.0447488 0.078909
