0 0.640998 0.350409 0.25855 0.195269
0 0.383829 0.855905 0.174453 0.284206
0 0.489121 0.282678 0.132876 0.13012
0 0.761788 0.339096 0.123889 0.100894
0 0.640998 0.350409 0.25855 0.195269
0 0.383829 0.855905 0.174453 0.284206
0 0.489121 0.282678 0.132876 0.13012
0 0.761788 0.339096 0.123889 0.100894
0 0.63667 0.350676 0.207971 0.188892
0 0.384528 0.850677 0.170128 0.256413
0 0.493784 0.285092 0.123494 0.134704
0 0.763298 0.342143 0.118543 0.0924713
0 0.0471106 0.253245 0.0942213 0.104507
0 0.364957 0.16987 0.0645279 0.0667248
