0 0.729812 0.61281 0.255587 0.22182
0 0.219277 0.280176 0.200931 0.196542
0 0.555812 0.338085 0.175567 0.146473
0 0.537621 0.355572 0.222444 0.186797
0 0.0904681 0.437563 0.180936 0.148656
0 0.72554 0.140861 0.0991779 0.112337
0 0.529137 0.811201 0.0954693 0.288518
0 0.467348 0.503042 0.113973 0.204315
0 0.729812 0.61281 0.255587 0.22182
0 0.219277 0.280176 0.200931 0.196542
0 0.555812 0.338085 0.175567 0.146473
0 0.537621 0.355572 0.222444 0.186797
0 0.0904681 0.437563 0.180936 0.148656
0 0.72554 0.140861 0.0991779 0.112337
0 0.529137 0.811201 0.0954693 0.288518
0 0.467348 0.503042 0.113973 0.204315
0 0.734638 0.613962 0.245322 0.20872
0 0.545227 0.337423 0.181752 0.156457
0 0.0776344 0.442165 0.155269 0.156277
0 0.464598 0.501816 0.141636 0.199101
0 0.227035 0.296199 0.200555 0.198098
0 0.526072 0.816203 0.0965572 0.238427
0 0.22499 0.267507 0.195579 0.131251
0 0.0367062 0.223619 0.0729039 0.127748
