0 0.817081 0.798864 0.173454 0.281584
0 0.117544 0.531257 0.185992 0.24116
0 0.714436 0.90714 0.142123 0.137792
0 0.534159 0.598893 0.0796962 0.193175
0 0.45374 0.851411 0.122315 0.297179
0 0.24791 0.243335 0.107436 0.0969013
0 0.966449 0.605031 0.0653297 0.232801
0 0.410572 0.414017 0.142332 0.159069
0 0.134723 0.37422 0.11977 0.120103
0 0.817081 0.798864 0.173454 0.281584
0 0.117544 0.531257 0.185992 0.24116
0 0.714436 0.90714 0.142123 0.137792
0 0.534159 0.598893 0.0796962 0.193175
0 0.45374 0.851411 0.122315 0.297179
0 0.24791 0.243335 0.107436 0.0969013
0 0.966449 0.605031 0.0653297 0.232801
0 0.410572 0.414017 0.142332 0.159069
0 0.134723 0.37422 0.11977 0.120103
0 0.717071 0.901629 0.13735 0.153326
0 0.253398 0.242303 0.110091 0.106291
0 0.817034 0.805956 0.179077 0.282057
0 0.124298 0.527889 0.203269 0.236667
0 0.456565 0.858947 0.118119 0.282106
0 0.240417 0.15079 0.0947191 0.0637324
0 0.149429 0.0369813 0.101726 0.0679158
0 0.534891 0.597286 0.0692385 0.192001
0 0.96932 0.609973 0.0613595 0.223729
0 0.52579 0.334307 0.0465757 0.0898538
0 0.387785 0.46625 0.0687834 0.23377
