0 0.321283 0.626985 0.16174 0.148054
0 0.57172 0.3059 0.140915 0.142885
0 0.865673 0.718623 0.268654 0.256696
0 0.357764 0.325411 0.161929 0.217856
0 0.242749 0.684758 0.215407 0.162979
0 0.795015 0.435902 0.116534 0.156813
0 0.115526 0.198642 0.0571421 0.0771363
0 0.275258 0.412874 0.0391084 0.099909
0 0.868731 0.467654 0.0865596 0.140524
0 0.30312 0.14051 0.112604 0.120236
0 0.0898795 0.0567223 0.0656198 0.0740959
0 0.07381 0.236659 0.0572973 0.0808102
0 0.0284478 0.22303 0.0568957 0.0874235
0 0.0368599 0.229608 0.0737198 0.108602
0 0.569251 0.126969 0.0769192 0.0652954
0 0.321283 0.626985 0.16174 0.148054
0 0.57172 0.3059 0.140915 0.142885
0 0.865673 0.718623 0.268654 0.256696
0 0.357764 0.325411 0.161929 0.217856
0 0.242749 0.684758 0.215407 0.162979
0 0.795015 0.435902 0.116534 0.156813
0 0.115526 0.198642 0.0571421 0.0771363
0 0.275258 0.412874 0.0391084 0.099909
0 0.868731 0.467654 0.0865596 0.140524
0 0.30312 0.14051 0.112604 0.120236
0 0.0898795 0.0567223 0.0656198 0.0740959
0 0.07381 0.236659 0.0572973 0.0808102
0 0.0284478 0.22303 0.0568957 0.0874235
0 0.0368599 0.229608 0.0737198 0.108602
0 0.569251 0.126969 0.0769192 0.0652954
0 0.365359 0.323428 0.169586 0.234313
0 0.857589 0.725299 0.266198 0.237194
0 0.569933 0.310171 0.142705 0.140879
0 0.326243 0.626878 0.158705 0.161945
0 0.799659 0.443385 0.111288 0.157581
0 0.24325 0.697633 0.207846 0.169818
0 0.303007 0.139568 0.129442 0.134881
0 0.116514 0.197028 0.0609877 0.0793554
0 0.0749342 0.23516 0.0624723 0.0801156
0 0.871593 0.461732 0.0927492 0.126095
0 0.030044 0.226762 0.060088 0.079602
0 0.503473 0.0669438 0.0864041 0.0569732
