0 0.756904 0.714775 0.256047 0.235704
0 0.385213 0.579889 0.276409 0.199516
0 0.738137 0.920891 0.11778 0.158218
0 0.429451 0.905632 0.0818389 0.179291
0 0.951123 0.885803 0.0834137 0.173248
0 0.0778462 0.562395 0.079847 0.173099
0 0.957242 0.722126 0.0771053 0.136143
0 0.214915 0.640452 0.0671619 0.231981
0 0.21959 0.965232 0.193267 0.0695355
0 0.0259314 0.882781 0.0518399 0.187883
0 0.756904 0.714775 0.256047 0.235704
0 0.385213 0.579889 0.276409 0.199516
0 0.738137 0.920891 0.11778 0.158218
0 0.429451 0.905632 0.0818389 0.179291
0 0.951123 0.885803 0.0834137 0.173248
0 0.0778462 0.562395 0.079847 0.173099
0 0.957242 0.722126 0.0771053 0.136143
0 0.214915 0.640452 0.0671619 0.231981
0 0.21959 0.965232 0.193267 0.0695355
0 0.0259314 0.882781 0.0518399 0.187883
0 0.75788 0.703369 0.250577 0.230481
0 0.955732 0.888817 0.0788639 0.156688
0 0.083772 0.56576 0.0705664 0.184685
0 0.23751 0.320578 0.0767107 0.0704119
0 0.428042 0.581812 0.195857 0.175151
0 0.217893 0.619452 0.0485508 0.232353
0 0.0624572 0.296796 0.09149 0.110732
0 0.0765931 0.431605 0.121078 0.207495
0 0.902548 0.636832 0.0873589 0.0918584
0 0.365085 0.567453 0.20919 0.147874
0 0.560326 0.391714 0.136219 0.100219
0 0.0226081 0.854982 0.0452162 0.200173
0 0.214972 0.611986 0.0620378 0.293566
0 0.424949 0.907095 0.0901743 0.185811
