0 0.770534 0.418966 0.214319 0.263854
0 0.811156 0.0976786 0.221625 0.182437
0 0.901343 0.492959 0.197315 0.245078
0 0.0750261 0.135851 0.150052 0.239366
0 0.206419 0.395699 0.0798711 0.14645
0 0.688756 0.782505 0.176679 0.168379
0 0.645182 0.09788 0.220201 0.153882
0 0.845379 0.204235 0.0815079 0.0741757
0 0.770534 0.418966 0.214319 0.263854
0 0.811156 0.0976786 0.221625 0.182437
0 0.901343 0.492959 0.197315 0.245078
0 0.0750261 0.135851 0.150052 0.239366
0 0.206419 0.395699 0.0798711 0.14645
0 0.688756 0.782505 0.176679 0.168379
0 0.645182 0.09788 0.220201 0.153882
0 0.845379 0.204235 0.0815079 0.0741757
0 0.812003 0.452597 0.301445 0.330801
0 0.668303 0.100512 0.176716 0.163862
0 0.950931 0.927823 0.0981379 0.13405
0 0.0705681 0.13525 0.141136 0.198006
0 0.83778 0.110025 0.19483 0.203917
0 0.228806 0.3045 0.286295 0.362571
0 0.841713 0.206017 0.103501 0.080424
0 0.235884 0.118866 0.329376 0.237732
0 0.904092 0.478002 0.191816 0.201828
