0 0.277939 0.501105 0.141052 0.114445
0 0.274724 0.357965 0.130627 0.113148
0 0.0577609 0.402584 0.115522 0.186972
0 0.466026 0.212036 0.144919 0.112846
0 0.93022 0.649242 0.139559 0.176768
0 0.932408 0.487419 0.121856 0.152768
0 0.242043 0.756604 0.0942969 0.154973
0 0.131828 0.827435 0.238421 0.193707
0 0.595909 0.377824 0.0942769 0.125648
0 0.277939 0.501105 0.141052 0.114445
0 0.274724 0.357965 0.130627 0.113148
0 0.0577609 0.402584 0.115522 0.186972
0 0.466026 0.212036 0.144919 0.112846
0 0.93022 0.649242 0.139559 0.176768
0 0.932408 0.487419 0.121856 0.152768
0 0.242043 0.756604 0.0942969 0.154973
0 0.131828 0.827435 0.238421 0.193707
0 0.595909 0.377824 0.0942769 0.125648
0 0.271447 0.354213 0.142702 0.104711
0 0.273088 0.501227 0.140261 0.102742
0 0.0577138 0.393337 0.114473 0.181628
0 0.490341 0.217467 0.102562 0.0651615
0 0.93826 0.654259 0.12348 0.129181
0 0.599483 0.375333 0.0886816 0.116452
0 0.262744 0.180277 0.12307 0.0930804
0 0.0359835 0.708614 0.0719145 0.126844
0 0.930397 0.483029 0.126218 0.140176
0 0.114623 0.939193 0.21552 0.121614
0 0.946409 0.162901 0.0975018 0.0757161
0 0.645745 0.343233 0.0710955 0.0585684
