0 0.491104 0.56279 0.105483 0.177394
0 0.485241 0.82317 0.0678303 0.241603
0 0.587698 0.131297 0.174245 0.186485
0 0.790299 0.0699415 0.154857 0.129983
0 0.781474 0.279649 0.132077 0.104917
0 0.58172 0.477512 0.0882479 0.161384
0 0.081953 0.527949 0.163906 0.237009
0 0.465347 0.432807 0.114424 0.162801
0 0.568111 0.328723 0.118058 0.121589
0 0.113113 0.867823 0.212071 0.264354
0 0.675845 0.926665 0.0842304 0.138175
0 0.456128 0.10483 0.0958826 0.0758014
0 0.179928 0.306938 0.0781869 0.0795742
0 0.491104 0.56279 0.105483 0.177394
0 0.485241 0.82317 0.0678303 0.241603
0 0.587698 0.131297 0.174245 0.186485
0 0.790299 0.0699415 0.154857 0.129983
0 0.781474 0.279649 0.132077 0.104917
0 0.58172 0.477512 0.0882479 0.161384
0 0.081953 0.527949 0.163906 0.237009
0 0.465347 0.432807 0.114424 0.162801
0 0.568111 0.328723 0.118058 0.121589
0 0.113113 0.867823 0.212071 0.264354
0 0.675845 0.926665 0.0842304 0.138175
0 0.456128 0.10483 0.0958826 0.0758014
0 0.179928 0.306938 0.0781869 0.0795742
0 0.580726 0.136561 0.180204 0.192062
0 0.568092 0.340716 0.110862 0.114182
0 0.494482 0.556528 0.0883018 0.180764
0 0.469022 0.434173 0.107232 0.167277
0 0.78087 0.287992 0.133524 0.108665
0 0.169839 0.315203 0.108046 0.0807266
0 0.494111 0.821532 0.0701551 0.196254
0 0.0765875 0.516013 0.145769 0.23977
0 0.349684 0.264862 0.369819 0.30727
0 0.569951 0.476994 0.0923553 0.143592
0 0.773687 0.0710834 0.149755 0.0998481
0 0.211192 0.545893 0.0842739 0.145499
0 0.492715 0.272248 0.103044 0.0701656
