0 0.250818 0.113603 0.137339 0.0960898
0 0.243688 0.326517 0.0922174 0.08506
0 0.950804 0.550837 0.0983915 0.12392
0 0.789297 0.467523 0.0822034 0.149912
0 0.464956 0.328791 0.0669002 0.127968
0 0.120213 0.127869 0.10942 0.0770667
0 0.628777 0.138819 0.0947872 0.0809768
0 0.824448 0.794788 0.146634 0.410424
0 0.825831 0.78005 0.112782 0.341147
0 0.668097 0.264732 0.0590767 0.0834513
0 0.317041 0.382129 0.0613185 0.148236
0 0.250818 0.113603 0.137339 0.0960898
0 0.243688 0.326517 0.0922174 0.08506
0 0.950804 0.550837 0.0983915 0.12392
0 0.789297 0.467523 0.0822034 0.149912
0 0.464956 0.328791 0.0669002 0.127968
0 0.120213 0.127869 0.10942 0.0770667
0 0.628777 0.138819 0.0947872 0.0809768
0 0.824448 0.794788 0.146634 0.410424
0 0.825831 0.78005 0.112782 0.341147
0 0.668097 0.264732 0.0590767 0.0834513
0 0.317041 0.382129 0.0613185 0.148236
0 0.241684 0.122965 0.173345 0.113875
0 0.950532 0.547638 0.0985966 0.116487
0 0.464613 0.331104 0.0659976 0.127645
0 0.79615 0.465324 0.0893996 0.169027
0 0.83782 0.769443 0.100145 0.307048
0 0.0957503 0.318807 0.0730056 0.0696559
0 0.491364 0.154444 0.0566057 0.0569179
0 0.36233 0.200801 0.061095 0.0905556
0 0.245093 0.326808 0.105247 0.0669453
0 0.113934 0.137983 0.110103 0.0889733
0 0.830352 0.806731 0.1056 0.386537
