0 0.597345 0.345261 0.261599 0.281503
0 0.84974 0.546688 0.30052 0.321571
0 0.413664 0.279895 0.127388 0.161245
0 0.474086 0.197263 0.132642 0.17047
0 0.566008 0.0345594 0.0894116 0.0651865
0 0.597345 0.345261 0.261599 0.281503
0 0.84974 0.546688 0.30052 0.321571
0 0.413664 0.279895 0.127388 0.161245
0 0.474086 0.197263 0.132642 0.17047
0 0.566008 0.0345594 0.0894116 0.0651865
0 0.864367 0.558686 0.271265 0.320728
0 0.418429 0.279407 0.128027 0.15561
0 0.91389 0.38315 0.172219 0.146273
0 0.605773 0.354727 0.229139 0.3079
0 0.931508 0.711913 0.0789708 0.132558
0 0.7022 0.168561 0.0922646 0.0685947
0 0.745659 0.3535 0.0684061 0.163717
0 0.0377083 0.785588 0.0745463 0.115746
0 0.638504 0.235508 0.0706259 0.0839321
