0 0.585704 0.105299 0.14014 0.11178
0 0.400885 0.601741 0.0797289 0.287882
0 0.434879 0.320734 0.099157 0.1372
0 0.051046 0.475427 0.102092 0.186735
0 0.544469 0.461628 0.0727917 0.172287
0 0.136989 0.401713 0.0883133 0.136414
0 0.7244 0.0504657 0.123887 0.0832405
0 0.959798 0.457683 0.0804043 0.0772093
0 0.96441 0.56121 0.0669273 0.131189
0 0.18014 0.133781 0.146946 0.134373
0 0.934145 0.90575 0.128819 0.15008
0 0.422605 0.910249 0.188653 0.179502
0 0.585704 0.105299 0.14014 0.11178
0 0.400885 0.601741 0.0797289 0.287882
0 0.434879 0.320734 0.099157 0.1372
0 0.051046 0.475427 0.102092 0.186735
0 0.544469 0.461628 0.0727917 0.172287
0 0.136989 0.401713 0.0883133 0.136414
0 0.7244 0.0504657 0.123887 0.0832405
0 0.959798 0.457683 0.0804043 0.0772093
0 0.96441 0.56121 0.0669273 0.131189
0 0.18014 0.133781 0.146946 0.134373
0 0.934145 0.90575 0.128819 0.15008
0 0.422605 0.910249 0.188653 0.179502
0 0.183014 0.136204 0.147497 0.134043
0 0.424495 0.919521 0.163763 0.160959
0 0.582429 0.106168 0.137118 0.108348
0 0.432651 0.314418 0.0930855 0.130529
0 0.0562486 0.481793 0.11203 0.202272
0 0.821865 0.246805 0.0754363 0.101187
0 0.40971 0.584903 0.0965657 0.259848
0 0.550269 0.479431 0.0905538 0.237632
0 0.72029 0.054926 0.11081 0.0856375
0 0.135637 0.398431 0.0809916 0.129172
0 0.0566212 0.15794 0.104186 0.141806
0 0.32416 0.218292 0.0878528 0.141839
0 0.940196 0.919266 0.119608 0.161469
0 0.920021 0.948231 0.159958 0.10256
0 0.923005 0.912123 0.15399 0.16939
0 0.963625 0.588663 0.0727495 0.189501
0 0.0316541 0.747595 0.0633083 0.253911
