0 0.214623 0.676732 0.0771002 0.232094
0 0.890509 0.488198 0.0901157 0.137435
0 0.907314 0.337564 0.0769428 0.139468
0 0.218149 0.0375566 0.0858499 0.0739502
0 0.274595 0.281934 0.100517 0.154634
0 0.560545 0.96087 0.12012 0.0782605
0 0.0472043 0.0581978 0.0870186 0.0716112
0 0.214623 0.676732 0.0771002 0.232094
0 0.890509 0.488198 0.0901157 0.137435
0 0.907314 0.337564 0.0769428 0.139468
0 0.218149 0.0375566 0.0858499 0.0739502
0 0.274595 0.281934 0.100517 0.154634
0 0.560545 0.96087 0.12012 0.0782605
0 0.0472043 0.0581978 0.0870186 0.0716112
0 0.215779 0.68277 0.0841533 0.275405
0 0.911756 0.341401 0.0791456 0.120265
0 0.159581 0.095487 0.0795174 0.158956
0 0.576479 0.959848 0.164308 0.0803049
0 0.579895 0.0813053 0.102726 0.0652554
