0 0.462901 0.37267 0.199352 0.169311
0 0.665174 0.415913 0.337525 0.414503
0 0.29492 0.460875 0.22179 0.159744
0 0.67176 0.112977 0.134624 0.113074
0 0.48416 0.929788 0.235274 0.140425
0 0.136025 0.194143 0.126433 0.0915476
0 0.462901 0.37267 0.199352 0.169311
0 0.665174 0.415913 0.337525 0.414503
0 0.29492 0.460875 0.22179 0.159744
0 0.67176 0.112977 0.134624 0.113074
0 0.48416 0.929788 0.235274 0.140425
0 0.136025 0.194143 0.126433 0.0915476
0 0.462815 0.372667 0.207165 0.191108
0 0.675579 0.412015 0.314355 0.406097
0 0.300477 0.456338 0.200329 0.157307
0 0.670532 0.115407 0.145626 0.122647
0 0.488128 0.928412 0.237858 0.143176
0 0.110666 0.103326 0.120125 0.0668887
0 0.140136 0.196613 0.141427 0.0943591
0 0.792681 0.177659 0.130101 0.126994
0 0.0555893 0.164873 0.109501 0.160187
0 0.184889 0.0287689 0.124522 0.0575377
