0 0.495851 0.338214 0.146477 0.193934
0 0.839598 0.613027 0.142766 0.198697
0 0.628873 0.841483 0.244276 0.316696
0 0.112426 0.277709 0.12458 0.126237
0 0.212931 0.150883 0.12329 0.122353
0 0.284451 0.769017 0.158346 0.340777
0 0.0353592 0.0330554 0.0707183 0.0661107
0 0.638078 0.18369 0.0739948 0.114122
0 0.0715264 0.791421 0.0821995 0.228085
0 0.495851 0.338214 0.146477 0.193934
0 0.839598 0.613027 0.142766 0.198697
0 0.628873 0.841483 0.244276 0.316696
0 0.112426 0.277709 0.12458 0.126237
0 0.212931 0.150883 0.12329 0.122353
0 0.284451 0.769017 0.158346 0.340777
0 0.0353592 0.0330554 0.0707183 0.0661107
0 0.638078 0.18369 0.0739948 0.114122
0 0.0715264 0.791421 0.0821995 0.228085
0 0.21054 0.152873 0.122128 0.112644
0 0.838898 0.608482 0.139436 0.189462
0 0.110612 0.274276 0.13465 0.134611
0 0.491029 0.337874 0.140938 0.171863
0 0.624971 0.841141 0.240785 0.292653
0 0.275867 0.773341 0.150878 0.324746
0 0.0776726 0.783182 0.08879 0.261208
0 0.292145 0.0623524 0.106865 0.0878201
0 0.111023 0.105667 0.0841445 0.112602
0 0.795903 0.276058 0.0712658 0.111292
0 0.692466 0.10164 0.101658 0.0654608
0 0.0323544 0.0366857 0.0647088 0.0640593
0 0.217525 0.578243 0.0427271 0.0606991
0 0.637551 0.177496 0.076733 0.114719
