0 0.16103 0.293754 0.148857 0.125668
0 0.441537 0.0733801 0.149393 0.124482
0 0.513612 0.435313 0.132108 0.226482
0 0.100127 0.0526095 0.16943 0.105219
0 0.219319 0.105043 0.110176 0.0824632
0 0.0694916 0.961641 0.134087 0.076719
0 0.274846 0.231051 0.0392967 0.0850773
0 0.283769 0.696453 0.0512128 0.17504
0 0.189926 0.187043 0.0799505 0.0869614
0 0.815316 0.651989 0.106811 0.157264
0 0.948242 0.524533 0.0973919 0.132498
0 0.16103 0.293754 0.148857 0.125668
0 0.441537 0.0733801 0.149393 0.124482
0 0.513612 0.435313 0.132108 0.226482
0 0.100127 0.0526095 0.16943 0.105219
0 0.219319 0.105043 0.110176 0.0824632
0 0.0694916 0.961641 0.134087 0.076719
0 0.274846 0.231051 0.0392967 0.0850773
0 0.283769 0.696453 0.0512128 0.17504
0 0.189926 0.187043 0.0799505 0.0869614
0 0.815316 0.651989 0.106811 0.157264
0 0.948242 0.524533 0.0973919 0.132498
0 0.158414 0.294065 0.148198 0.135468
0 0.0943673 0.0496083 0.156124 0.0988553
0 0.441537 0.0733627 0.154771 0.117585
0 0.613937 0.536192 0.141267 0.269212
0 0.515871 0.440396 0.126785 0.255883
0 0.236773 0.107497 0.137617 0.101119
0 0.185246 0.185816 0.0641678 0.075962
0 0.0326353 0.254043 0.0652706 0.118613
0 0.275454 0.240994 0.0409875 0.0883591
