0 0.549613 0.766099 0.123835 0.16092
0 0.251491 0.522976 0.196261 0.159866
0 0.54646 0.198667 0.171276 0.132211
0 0.357398 0.241327 0.145954 0.136875
0 0.420884 0.184528 0.125498 0.142206
0 0.857134 0.59361 0.15658 0.171608
0 0.825352 0.764556 0.0632066 0.143127
0 0.878007 0.365882 0.148302 0.127135
0 0.124033 0.0448554 0.17116 0.0897108
0 0.751078 0.927087 0.0883638 0.145826
0 0.0677131 0.341835 0.13443 0.149981
0 0.0426226 0.164392 0.0838211 0.151587
0 0.953317 0.515991 0.087458 0.159773
0 0.684367 0.435968 0.0867451 0.234526
0 0.115613 0.321072 0.0654932 0.123507
0 0.300673 0.188969 0.0841049 0.0986436
0 0.218586 0.161079 0.0622551 0.0941918
0 0.549613 0.766099 0.123835 0.16092
0 0.251491 0.522976 0.196261 0.159866
0 0.54646 0.198667 0.171276 0.132211
0 0.357398 0.241327 0.145954 0.136875
0 0.420884 0.184528 0.125498 0.142206
0 0.857134 0.59361 0.15658 0.171608
0 0.825352 0.764556 0.0632066 0.143127
0 0.878007 0.365882 0.148302 0.127135
0 0.124033 0.0448554 0.17116 0.0897108
0 0.751078 0.927087 0.0883638 0.145826
0 0.0677131 0.341835 0.13443 0.149981
0 0.0426226 0.164392 0.0838211 0.151587
0 0.953317 0.515991 0.087458 0.159773
0 0.684367 0.435968 0.0867451 0.234526
0 0.115613 0.321072 0.0654932 0.123507
0 0.300673 0.188969 0.0841049 0.0986436
0 0.218586 0.161079 0.0622551 0.0941918
0 0.249069 0.51715 0.179492 0.167276
0 0.126986 0.0462391 0.187444 0.0924782
0 0.561734 0.20682 0.210841 0.147912
0 0.859315 0.365559 0.1507 0.150257
0 0.686319 0.443733 0.0694051 0.221977
0 0.149087 0.159653 0.0639226 0.0575929
0 0.740321 0.929958 0.0817369 0.140083
0 0.737179 0.305597 0.10005 0.135804
