0 0.9153 0.781537 0.155538 0.260694
0 0.756288 0.80814 0.128094 0.203829
0 0.482056 0.500742 0.123153 0.262271
0 0.212024 0.465216 0.0846661 0.211714
0 0.861134 0.913174 0.162982 0.173651
0 0.621325 0.894939 0.0908171 0.20885
0 0.0542618 0.497695 0.102047 0.16588
0 0.350629 0.784868 0.0635028 0.148779
0 0.356677 0.956946 0.126759 0.0861072
0 0.338169 0.489246 0.0832243 0.185833
0 0.656215 0.48676 0.143297 0.171891
0 0.476462 0.50279 0.154949 0.311596
0 0.588969 0.621919 0.121908 0.139222
0 0.186195 0.306877 0.145929 0.128683
0 0.960798 0.459286 0.0742447 0.137661
0 0.588352 0.524954 0.11169 0.14359
0 0.735534 0.584192 0.063842 0.12088
0 0.474933 0.834382 0.0514542 0.183684
0 0.564762 0.726898 0.0816846 0.118003
0 0.9153 0.781537 0.155538 0.260694
0 0.756288 0.80814 0.128094 0.203829
0 0.482056 0.500742 0.123153 0.262271
0 0.212024 0.465216 0.0846661 0.211714
0 0.861134 0.913174 0.162982 0.173651
0 0.621325 0.894939 0.0908171 0.20885
0 0.0542618 0.497695 0.102047 0.16588
0 0.350629 0.784868 0.0635028 0.148779
0 0.356677 0.956946 0.126759 0.0861072
0 0.338169 0.489246 0.0832243 0.185833
0 0.656215 0.48676 0.143297 0.171891
0 0.476462 0.50279 0.154949 0.311596
0 0.588969 0.621919 0.121908 0.139222
0 0.186195 0.306877 0.145929 0.128683
0 0.960798 0.459286 0.0742447 0.137661
0 0.588352 0.524954 0.11169 0.14359
0 0.735534 0.584192 0.063842 0.12088
0 0.474933 0.834382 0.0514542 0.183684
0 0.564762 0.726898 0.0816846 0.118003
0 0.655811 0.487492 0.134436 0.146877
0 0.357913 0.780842 0.0699129 0.131777
0 0.494768 0.501191 0.097915 0.200931
0 0.616494 0.556638 0.172393 0.208234
0 0.10136 0.392246 0.140659 0.113863
0 0.618747 0.895752 0.0713964 0.205598
0 0.869887 0.924766 0.148601 0.150468
0 0.172477 0.29337 0.12018 0.116144
0 0.177963 0.569559 0.0895638 0.125912
0 0.211751 0.449014 0.0908291 0.232545
0 0.91484 0.771073 0.143343 0.21883
0 0.957425 0.453144 0.0795826 0.148799
0 0.592317 0.623489 0.110439 0.099153
0 0.747444 0.807448 0.105109 0.189444
0 0.346248 0.956886 0.136117 0.0862286
0 0.0479994 0.49728 0.0899291 0.189293
0 0.375298 0.30465 0.05598 0.153047
0 0.344534 0.50516 0.0578452 0.106901
0 0.737015 0.581207 0.0657927 0.126574
