0 0.628315 0.418445 0.241557 0.221731
0 0.355782 0.417776 0.172977 0.149816
0 0.939679 0.746099 0.120643 0.236447
0 0.91681 0.524665 0.166381 0.171706
0 0.514567 0.165031 0.117336 0.112252
0 0.772027 0.558255 0.207096 0.171802
0 0.154353 0.829067 0.117495 0.17041
0 0.847268 0.180591 0.0966961 0.0972076
0 0.412301 0.207674 0.119301 0.141809
0 0.160176 0.234929 0.130595 0.108826
0 0.102005 0.155186 0.148625 0.119476
0 0.294859 0.204414 0.16612 0.142044
0 0.907551 0.307703 0.133878 0.0912323
0 0.532414 0.858626 0.250168 0.282747
0 0.655386 0.618107 0.105427 0.0911497
0 0.483645 0.537176 0.11112 0.1666
0 0.415736 0.390202 0.0673228 0.0973999
0 0.628315 0.418445 0.241557 0.221731
0 0.355782 0.417776 0.172977 0.149816
0 0.939679 0.746099 0.120643 0.236447
0 0.91681 0.524665 0.166381 0.171706
0 0.514567 0.165031 0.117336 0.112252
0 0.772027 0.558255 0.207096 0.171802
0 0.154353 0.829067 0.117495 0.17041
0 0.847268 0.180591 0.0966961 0.0972076
0 0.412301 0.207674 0.119301 0.141809
0 0.160176 0.234929 0.130595 0.108826
0 0.102005 0.155186 0.148625 0.119476
0 0.294859 0.204414 0.16612 0.142044
0 0.907551 0.307703 0.133878 0.0912323
0 0.532414 0.858626 0.250168 0.282747
0 0.655386 0.618107 0.105427 0.0911497
0 0.483645 0.537176 0.11112 0.1666
0 0.415736 0.390202 0.0673228 0.0973999
0 0.0891861 0.158268 0.160316 0.129298
0 0.303193 0.207327 0.194542 0.160474
0 0.412812 0.217788 0.178141 0.202013
0 0.659118 0.424321 0.280104 0.221317
0 0.936978 0.731692 0.12241 0.20581
0 0.361905 0.4203 0.182859 0.172423
0 0.914369 0.530685 0.171263 0.179519
0 0.510216 0.168432 0.141408 0.120854
0 0.776814 0.560807 0.21238 0.177608
0 0.783841 0.315826 0.113429 0.113437
0 0.487436 0.540317 0.112416 0.186033
0 0.490505 0.830854 0.394993 0.338292
0 0.0828445 0.0363488 0.129699 0.070372
0 0.38005 0.762082 0.388571 0.324971
0 0.75718 0.56602 0.163166 0.158273
