0 0.764191 0.415903 0.200476 0.232856
0 0.290543 0.122135 0.304038 0.24427
0 0.850786 0.151187 0.204408 0.188787
0 0.911866 0.543819 0.166812 0.253743
0 0.674913 0.791605 0.164355 0.206143
0 0.271776 0.305818 0.306479 0.256648
0 0.764191 0.415903 0.200476 0.232856
0 0.290543 0.122135 0.304038 0.24427
0 0.850786 0.151187 0.204408 0.188787
0 0.911866 0.543819 0.166812 0.253743
0 0.674913 0.791605 0.164355 0.206143
0 0.271776 0.305818 0.306479 0.256648
0 0.840688 0.147751 0.227488 0.189038
0 0.08064 0.170857 0.158849 0.206611
0 0.906305 0.893537 0.0980389 0.124291
0 0.308401 0.127781 0.242876 0.210568
0 0.674561 0.783366 0.131899 0.14537
0 0.771196 0.433877 0.227431 0.284025
0 0.658491 0.13205 0.253176 0.183271
0 0.912818 0.529289 0.170584 0.222234
0 0.210765 0.381715 0.148892 0.169168
0 0.26262 0.312003 0.277942 0.245659
