0 0.098382 0.515332 0.178405 0.222661
0 0.118327 0.820972 0.236654 0.298283
0 0.73946 0.395703 0.187293 0.232162
0 0.661145 0.198063 0.180141 0.201933
0 0.386626 0.150421 0.178383 0.129143
0 0.335217 0.0617187 0.0740472 0.0735754
0 0.941411 0.316434 0.117177 0.136891
0 0.282561 0.635463 0.0521516 0.154206
0 0.209906 0.356337 0.200269 0.151671
0 0.636577 0.76297 0.0890037 0.149132
0 0.198789 0.349348 0.148104 0.128436
0 0.86198 0.462634 0.120435 0.116882
0 0.369977 0.16854 0.226394 0.1789
0 0.391587 0.902014 0.0938742 0.192641
0 0.098382 0.515332 0.178405 0.222661
0 0.118327 0.820972 0.236654 0.298283
0 0.73946 0.395703 0.187293 0.232162
0 0.661145 0.198063 0.180141 0.201933
0 0.386626 0.150421 0.178383 0.129143
0 0.335217 0.0617187 0.0740472 0.0735754
0 0.941411 0.316434 0.117177 0.136891
0 0.282561 0.635463 0.0521516 0.154206
0 0.209906 0.356337 0.200269 0.151671
0 0.636577 0.76297 0.0890037 0.149132
0 0.198789 0.349348 0.148104 0.128436
0 0.86198 0.462634 0.120435 0.116882
0 0.369977 0.16854 0.226394 0.1789
0 0.391587 0.902014 0.0938742 0.192641
0 0.385732 0.158004 0.174394 0.140933
0 0.100185 0.520094 0.175579 0.231511
0 0.119444 0.828271 0.238889 0.335255
0 0.744457 0.401426 0.199787 0.224747
0 0.667457 0.20048 0.152462 0.205707
0 0.781727 0.843126 0.0697099 0.173001
0 0.638923 0.786244 0.0960596 0.226935
0 0.223967 0.119464 0.178921 0.175114
0 0.33329 0.0723105 0.0879044 0.0898769
0 0.258588 0.318012 0.374101 0.340238
0 0.846552 0.235853 0.152748 0.176785
