0 0.596404 0.446535 0.125963 0.0911665
0 0.728223 0.287153 0.189913 0.125395
0 0.852485 0.285161 0.178913 0.12567
0 0.0555322 0.567695 0.103309 0.182028
0 0.596404 0.446535 0.125963 0.0911665
0 0.728223 0.287153 0.189913 0.125395
0 0.852485 0.285161 0.178913 0.12567
0 0.0555322 0.567695 0.103309 0.182028
0 0.72911 0.292556 0.189312 0.141503
0 0.857947 0.284794 0.208057 0.131861
0 0.599688 0.448609 0.115018 0.0865048
0 0.924397 0.228734 0.131996 0.0939641
0 0.054493 0.570673 0.108214 0.190446
0 0.128721 0.106089 0.127041 0.100351
