0 0.249972 0.669661 0.117473 0.173112
0 0.0811234 0.859977 0.160303 0.280047
0 0.0585595 0.386223 0.109806 0.173413
0 0.0709612 0.640611 0.10569 0.176903
0 0.0643604 0.168565 0.128083 0.110967
0 0.249972 0.669661 0.117473 0.173112
0 0.0811234 0.859977 0.160303 0.280047
0 0.0585595 0.386223 0.109806 0.173413
0 0.0709612 0.640611 0.10569 0.176903
0 0.0643604 0.168565 0.128083 0.110967
0 0.34306 0.487 0.11358 0.0909271
0 0.246013 0.669918 0.110453 0.169508
0 0.0571628 0.162442 0.107712 0.0770078
0 0.0707822 0.638256 0.105798 0.159901
0 0.0533695 0.384822 0.105646 0.167915
0 0.129206 0.236676 0.0762127 0.0593903
0 0.0797899 0.834476 0.15958 0.331048
0 0.567248 0.471516 0.0936671 0.0592289
