0 0.749882 0.485356 0.201051 0.327121
0 0.636184 0.36223 0.128858 0.136844
0 0.376085 0.382645 0.360492 0.358685
0 0.921933 0.368103 0.114456 0.13452
0 0.927782 0.920865 0.144436 0.149212
0 0.360729 0.379239 0.444322 0.434869
0 0.649257 0.191728 0.0989664 0.176193
0 0.508903 0.493065 0.0987724 0.122819
0 0.977894 0.78505 0.0399088 0.167906
0 0.156873 0.876022 0.149121 0.141391
0 0.749882 0.485356 0.201051 0.327121
0 0.636184 0.36223 0.128858 0.136844
0 0.376085 0.382645 0.360492 0.358685
0 0.921933 0.368103 0.114456 0.13452
0 0.927782 0.920865 0.144436 0.149212
0 0.360729 0.379239 0.444322 0.434869
0 0.649257 0.191728 0.0989664 0.176193
0 0.508903 0.493065 0.0987724 0.122819
0 0.977894 0.78505 0.0399088 0.167906
0 0.156873 0.876022 0.149121 0.141391
0 0.748076 0.49151 0.194022 0.302604
0 0.512158 0.197352 0.145461 0.17457
0 0.641661 0.176389 0.126551 0.186022
0 0.388766 0.398481 0.421063 0.452356
0 0.277221 0.0407129 0.150358 0.0814259
0 0.924119 0.894984 0.151761 0.210032
0 0.922397 0.353419 0.0845434 0.0999908
0 0.341146 0.164958 0.178253 0.301207
