0 0.706875 0.57464 0.171357 0.25013
0 0.478485 0.399167 0.214286 0.254064
0 0.792832 0.44704 0.16007 0.155968
0 0.513326 0.738374 0.365993 0.340744
0 0.16302 0.478716 0.185478 0.193784
0 0.604701 0.514476 0.046445 0.142324
0 0.960056 0.748593 0.0747503 0.204847
0 0.82747 0.575482 0.111209 0.124403
0 0.124496 0.728299 0.248993 0.34297
0 0.593074 0.795585 0.392224 0.408831
0 0.922148 0.90857 0.129518 0.170221
0 0.677589 0.749141 0.0785573 0.0874936
0 0.116477 0.93054 0.225794 0.138921
0 0.892327 0.361764 0.12086 0.10146
0 0.557517 0.767072 0.541938 0.465856
0 0.738682 0.200764 0.0989323 0.0886803
0 0.906581 0.568384 0.0703091 0.105581
0 0.0212888 0.454962 0.0389319 0.118746
0 0.706875 0.57464 0.171357 0.25013
0 0.478485 0.399167 0.214286 0.254064
0 0.792832 0.44704 0.16007 0.155968
0 0.513326 0.738374 0.365993 0.340744
0 0.16302 0.478716 0.185478 0.193784
0 0.604701 0.514476 0.046445 0.142324
0 0.960056 0.748593 0.0747503 0.204847
0 0.82747 0.575482 0.111209 0.124403
0 0.124496 0.728299 0.248993 0.34297
0 0.593074 0.795585 0.392224 0.408831
0 0.922148 0.90857 0.129518 0.170221
0 0.677589 0.749141 0.0785573 0.0874936
0 0.116477 0.93054 0.225794 0.138921
0 0.892327 0.361764 0.12086 0.10146
0 0.557517 0.767072 0.541938 0.465856
0 0.738682 0.200764 0.0989323 0.0886803
0 0.906581 0.568384 0.0703091 0.105581
0 0.0212888 0.454962 0.0389319 0.118746
0 0.163366 0.493166 0.180463 0.190492
0 0.473456 0.411023 0.222286 0.247752
0 0.71402 0.591575 0.18573 0.268964
0 0.118659 0.736955 0.237318 0.391941
0 0.792083 0.451818 0.161051 0.1487
0 0.74149 0.20711 0.0939439 0.0913161
0 0.604488 0.511457 0.0544331 0.132677
0 0.121151 0.446786 0.0947245 0.18267
0 0.109244 0.924344 0.218488 0.151311
0 0.825176 0.580374 0.116787 0.121297
0 0.536455 0.771197 0.433715 0.388142
0 0.580383 0.791021 0.372021 0.417959
0 0.920655 0.911706 0.150909 0.176588
0 0.208544 0.222833 0.0733776 0.0524122
0 0.346223 0.215376 0.0745382 0.112416
0 0.351972 0.213631 0.0933818 0.129662
0 0.963472 0.744133 0.0730568 0.19781
0 0.881368 0.362012 0.143499 0.126006
0 0.0319244 0.460886 0.0638488 0.178652
