0 0.369851 0.888379 0.213749 0.223242
0 0.568489 0.380608 0.287058 0.337628
0 0.336004 0.309004 0.276702 0.200808
0 0.0507668 0.134461 0.101534 0.151884
0 0.223965 0.425796 0.211194 0.144087
0 0.59307 0.0748504 0.11486 0.0990999
0 0.369851 0.888379 0.213749 0.223242
0 0.568489 0.380608 0.287058 0.337628
0 0.336004 0.309004 0.276702 0.200808
0 0.0507668 0.134461 0.101534 0.151884
0 0.223965 0.425796 0.211194 0.144087
0 0.59307 0.0748504 0.11486 0.0990999
0 0.578764 0.383369 0.272927 0.341346
0 0.333102 0.304577 0.268396 0.200881
0 0.370061 0.882625 0.218232 0.234749
0 0.227926 0.413906 0.189889 0.15085
0 0.765949 0.10167 0.166933 0.138745
0 0.0467379 0.136242 0.0908665 0.147108
0 0.599727 0.0831093 0.113797 0.10172
0 0.0456139 0.189021 0.0775035 0.0442362
0 0.778069 0.299391 0.0661346 0.0711885
0 0.0499798 0.102355 0.0970178 0.08731
