0 0.711596 0.575199 0.220027 0.275772
0 0.561624 0.433566 0.183257 0.246143
0 0.942287 0.756741 0.112308 0.168339
0 0.20569 0.393923 0.183065 0.243158
0 0.068927 0.332095 0.135707 0.169162
0 0.670009 0.75871 0.0848539 0.187226
0 0.191324 0.705064 0.273104 0.379079
0 0.142054 0.341927 0.094457 0.178722
0 0.913659 0.501451 0.172682 0.201084
0 0.886787 0.39442 0.126718 0.0930927
0 0.396461 0.460361 0.0413713 0.0961232
0 0.216334 0.376176 0.145384 0.182354
0 0.584646 0.409156 0.148592 0.192151
0 0.81139 0.526088 0.108905 0.140981
0 0.218513 0.573846 0.110986 0.128747
0 0.400743 0.466598 0.04829 0.118502
0 0.711596 0.575199 0.220027 0.275772
0 0.561624 0.433566 0.183257 0.246143
0 0.942287 0.756741 0.112308 0.168339
0 0.20569 0.393923 0.183065 0.243158
0 0.068927 0.332095 0.135707 0.169162
0 0.670009 0.75871 0.0848539 0.187226
0 0.191324 0.705064 0.273104 0.379079
0 0.142054 0.341927 0.094457 0.178722
0 0.913659 0.501451 0.172682 0.201084
0 0.886787 0.39442 0.126718 0.0930927
0 0.396461 0.460361 0.0413713 0.0961232
0 0.216334 0.376176 0.145384 0.182354
0 0.584646 0.409156 0.148592 0.192151
0 0.81139 0.526088 0.108905 0.140981
0 0.218513 0.573846 0.110986 0.128747
0 0.400743 0.466598 0.04829 0.118502
0 0.716205 0.578472 0.233755 0.278337
0 0.196544 0.399888 0.205153 0.23131
0 0.0676939 0.343386 0.135388 0.19269
0 0.943506 0.751958 0.112988 0.155125
0 0.140387 0.339515 0.0917981 0.179626
0 0.673305 0.754947 0.0824928 0.175307
0 0.543803 0.429882 0.15456 0.253365
0 0.887109 0.390251 0.103658 0.0693008
0 0.889632 0.514677 0.220736 0.228492
0 0.170131 0.134689 0.0729323 0.0537425
0 0.243545 0.797173 0.437498 0.405655
0 0.818211 0.53272 0.121318 0.141266
