0 0.125729 0.314796 0.195566 0.152261
0 0.209763 0.178241 0.138747 0.124457
0 0.176351 0.510397 0.145002 0.104351
0 0.281171 0.503993 0.125148 0.119226
0 0.906754 0.617247 0.0603016 0.186774
0 0.901279 0.406753 0.0751623 0.14222
0 0.969951 0.354777 0.0600973 0.152186
0 0.625789 0.875117 0.29483 0.249766
0 0.125729 0.314796 0.195566 0.152261
0 0.209763 0.178241 0.138747 0.124457
0 0.176351 0.510397 0.145002 0.104351
0 0.281171 0.503993 0.125148 0.119226
0 0.906754 0.617247 0.0603016 0.186774
0 0.901279 0.406753 0.0751623 0.14222
0 0.969951 0.354777 0.0600973 0.152186
0 0.625789 0.875117 0.29483 0.249766
0 0.210165 0.183443 0.155163 0.127099
0 0.122494 0.316835 0.209703 0.152284
0 0.0455732 0.647778 0.0909814 0.175601
0 0.0917679 0.415543 0.15008 0.127124
0 0.172436 0.508628 0.126182 0.102843
0 0.187127 0.812483 0.374254 0.375034
0 0.914101 0.61697 0.0817577 0.200362
0 0.972764 0.37199 0.0544729 0.193784
0 0.951094 0.125154 0.0832924 0.0589023
0 0.908038 0.413336 0.0691681 0.111129
0 0.271921 0.505999 0.110587 0.12068
