0 0.553111 0.513385 0.130485 0.251859
0 0.408531 0.615265 0.141043 0.253779
0 0.736729 0.675161 0.0968294 0.208961
0 0.712597 0.908469 0.132762 0.183062
0 0.968153 0.799343 0.0636936 0.226
0 0.258883 0.357528 0.0806623 0.0965405
0 0.356824 0.225925 0.103608 0.109556
0 0.831335 0.350581 0.0475399 0.107061
0 0.676588 0.351888 0.0722736 0.0911633
0 0.553111 0.513385 0.130485 0.251859
0 0.408531 0.615265 0.141043 0.253779
0 0.736729 0.675161 0.0968294 0.208961
0 0.712597 0.908469 0.132762 0.183062
0 0.968153 0.799343 0.0636936 0.226
0 0.258883 0.357528 0.0806623 0.0965405
0 0.356824 0.225925 0.103608 0.109556
0 0.831335 0.350581 0.0475399 0.107061
0 0.676588 0.351888 0.0722736 0.0911633
0 0.404674 0.616962 0.148747 0.244384
0 0.55535 0.516601 0.146575 0.246893
0 0.738157 0.675858 0.104222 0.227772
0 0.712956 0.899801 0.137732 0.200398
0 0.678638 0.350407 0.0663082 0.0905006
0 0.356359 0.217619 0.0906754 0.086417
0 0.969477 0.799821 0.0610466 0.214186
0 0.561973 0.371654 0.154811 0.134188
