0 0.92093 0.50228 0.153049 0.320759
0 0.588365 0.413226 0.198442 0.377805
0 0.746335 0.410316 0.15953 0.159028
0 0.162318 0.323457 0.324636 0.389019
0 0.277889 0.475617 0.318167 0.261849
0 0.520727 0.827819 0.187371 0.192999
0 0.77487 0.668598 0.10564 0.228537
0 0.768416 0.240978 0.204717 0.16708
0 0.762526 0.217751 0.178443 0.125974
0 0.272335 0.492917 0.376815 0.321068
0 0.726154 0.849294 0.182933 0.241829
0 0.929973 0.142009 0.111493 0.089474
0 0.201556 0.346689 0.403111 0.44531
0 0.933884 0.5292 0.130997 0.267296
0 0.92093 0.50228 0.153049 0.320759
0 0.588365 0.413226 0.198442 0.377805
0 0.746335 0.410316 0.15953 0.159028
0 0.162318 0.323457 0.324636 0.389019
0 0.277889 0.475617 0.318167 0.261849
0 0.520727 0.827819 0.187371 0.192999
0 0.77487 0.668598 0.10564 0.228537
0 0.768416 0.240978 0.204717 0.16708
0 0.762526 0.217751 0.178443 0.125974
0 0.272335 0.492917 0.376815 0.321068
0 0.726154 0.849294 0.182933 0.241829
0 0.929973 0.142009 0.111493 0.089474
0 0.201556 0.346689 0.403111 0.44531
0 0.933884 0.5292 0.130997 0.267296
0 0.741586 0.423568 0.180596 0.202175
0 0.281493 0.483869 0.292135 0.271202
0 0.919126 0.501298 0.156758 0.294887
0 0.16524 0.323813 0.330479 0.419201
0 0.517816 0.832315 0.149853 0.194458
0 0.71801 0.86137 0.1956 0.222219
0 0.765354 0.221147 0.188457 0.137854
0 0.633365 0.456722 0.307197 0.4647
0 0.209877 0.140436 0.156361 0.133957
0 0.0799266 0.220531 0.158955 0.187
0 0.544547 0.157381 0.139095 0.151189
0 0.590275 0.412304 0.19742 0.379096
0 0.159644 0.866295 0.0781283 0.0884433
0 0.348301 0.197128 0.0749416 0.0819312
