0 0.895857 0.8765 0.208286 0.247
0 0.332241 0.157276 0.205094 0.239013
0 0.818957 0.612311 0.112051 0.196721
0 0.447073 0.420693 0.0707115 0.126364
0 0.194841 0.121088 0.0575518 0.127491
0 0.0566423 0.199342 0.0995845 0.229074
0 0.643065 0.331612 0.110097 0.0895846
0 0.509917 0.243385 0.094406 0.112664
0 0.915981 0.378532 0.0991364 0.0812454
0 0.895857 0.8765 0.208286 0.247
0 0.332241 0.157276 0.205094 0.239013
0 0.818957 0.612311 0.112051 0.196721
0 0.447073 0.420693 0.0707115 0.126364
0 0.194841 0.121088 0.0575518 0.127491
0 0.0566423 0.199342 0.0995845 0.229074
0 0.643065 0.331612 0.110097 0.0895846
0 0.509917 0.243385 0.094406 0.112664
0 0.915981 0.378532 0.0991364 0.0812454
0 0.817822 0.609328 0.122095 0.197961
0 0.902423 0.879467 0.195155 0.241066
0 0.918075 0.385451 0.101576 0.0743752
0 0.329615 0.161434 0.204776 0.233029
0 0.448825 0.409515 0.047544 0.13418
0 0.86602 0.0811799 0.0791543 0.0599834
0 0.0402972 0.438827 0.076589 0.142683
0 0.0610511 0.492716 0.122102 0.337941
0 0.190398 0.33618 0.0483466 0.0439505
