0 0.946227 0.696997 0.0936256 0.197165
0 0.793463 0.857452 0.253158 0.285096
0 0.94055 0.348513 0.1189 0.124947
0 0.156706 0.11639 0.0883586 0.215138
0 0.895062 0.898598 0.129536 0.202803
0 0.702715 0.453377 0.0919075 0.0792916
0 0.82362 0.511541 0.0785025 0.131395
0 0.946227 0.696997 0.0936256 0.197165
0 0.793463 0.857452 0.253158 0.285096
0 0.94055 0.348513 0.1189 0.124947
0 0.156706 0.11639 0.0883586 0.215138
0 0.895062 0.898598 0.129536 0.202803
0 0.702715 0.453377 0.0919075 0.0792916
0 0.82362 0.511541 0.0785025 0.131395
0 0.938742 0.346111 0.121904 0.12543
0 0.942823 0.691189 0.097005 0.185984
0 0.764085 0.866566 0.192966 0.266867
0 0.828993 0.5145 0.0693531 0.11506
0 0.704266 0.455261 0.0859221 0.0732983
0 0.10582 0.0374246 0.117686 0.0742497
0 0.869779 0.413902 0.0776558 0.067326
0 0.177351 0.774595 0.0735749 0.0710876
0 0.154744 0.123381 0.0724576 0.209069
0 0.37009 0.0421744 0.0829634 0.0815292
