0 0.703792 0.65631 0.116984 0.173754
0 0.157621 0.163806 0.300232 0.288768
0 0.780816 0.453739 0.150809 0.117302
0 0.640533 0.542386 0.073662 0.117226
0 0.956119 0.860639 0.0877628 0.109838
0 0.578118 0.855894 0.0577338 0.152771
0 0.945309 0.768906 0.109291 0.236747
0 0.774821 0.876752 0.0891696 0.166813
0 0.189173 0.496825 0.319467 0.26613
0 0.703792 0.65631 0.116984 0.173754
0 0.157621 0.163806 0.300232 0.288768
0 0.780816 0.453739 0.150809 0.117302
0 0.640533 0.542386 0.073662 0.117226
0 0.956119 0.860639 0.0877628 0.109838
0 0.578118 0.855894 0.0577338 0.152771
0 0.945309 0.768906 0.109291 0.236747
0 0.774821 0.876752 0.0891696 0.166813
0 0.189173 0.496825 0.319467 0.26613
0 0.783153 0.454082 0.129065 0.114981
0 0.700953 0.651632 0.116101 0.16841
0 0.164482 0.169536 0.296746 0.261307
0 0.577474 0.847885 0.0588532 0.140698
0 0.499697 0.331761 0.0854507 0.0815764
0 0.175134 0.276234 0.0675654 0.0442634
0 0.646972 0.548624 0.095845 0.141479
0 0.04576 0.460919 0.0888247 0.221541
0 0.955075 0.860099 0.0826313 0.0869702
0 0.775166 0.839777 0.112862 0.168648
