0 0.880998 0.697443 0.238005 0.195126
0 0.290615 0.160503 0.147628 0.122592
0 0.335224 0.80833 0.171918 0.38334
0 0.115044 0.330183 0.230089 0.182681
0 0.806812 0.277649 0.153134 0.124669
0 0.832405 0.419909 0.0773015 0.172235
0 0.916713 0.252343 0.140428 0.11338
0 0.253581 0.319789 0.136956 0.130964
0 0.576265 0.227586 0.192555 0.198639
0 0.228423 0.392083 0.168869 0.257819
0 0.198033 0.184961 0.115353 0.0871566
0 0.562571 0.178937 0.143515 0.109244
0 0.880998 0.697443 0.238005 0.195126
0 0.290615 0.160503 0.147628 0.122592
0 0.335224 0.80833 0.171918 0.38334
0 0.115044 0.330183 0.230089 0.182681
0 0.806812 0.277649 0.153134 0.124669
0 0.832405 0.419909 0.0773015 0.172235
0 0.916713 0.252343 0.140428 0.11338
0 0.253581 0.319789 0.136956 0.130964
0 0.576265 0.227586 0.192555 0.198639
0 0.228423 0.392083 0.168869 0.257819
0 0.198033 0.184961 0.115353 0.0871566
0 0.562571 0.178937 0.143515 0.109244
0 0.883073 0.723526 0.233854 0.255328
0 0.332061 0.833271 0.19014 0.332554
0 0.294589 0.155721 0.145722 0.118612
0 0.794765 0.279338 0.137081 0.155367
0 0.4131 0.690156 0.128681 0.1289
0 0.701869 0.489189 0.0636782 0.117308
0 0.251877 0.324565 0.126792 0.16642
0 0.564938 0.183323 0.12439 0.110493
0 0.501664 0.080975 0.116762 0.0856464
0 0.348882 0.206895 0.107043 0.0729735
0 0.871 0.699003 0.237275 0.200106
0 0.657393 0.307583 0.0757759 0.0744876
