0 0.705345 0.775956 0.129261 0.205021
0 0.820243 0.690083 0.12694 0.164037
0 0.143125 0.487572 0.153429 0.122732
0 0.941743 0.684966 0.106955 0.124698
0 0.302684 0.633449 0.0657278 0.133711
0 0.0977019 0.392499 0.096832 0.0771729
0 0.38325 0.604588 0.0699693 0.125871
0 0.385541 0.174207 0.1198 0.0941252
0 0.460411 0.488499 0.0375948 0.0998329
0 0.363214 0.442418 0.0773214 0.0901069
0 0.521818 0.527785 0.0421455 0.0874244
0 0.917428 0.542513 0.0811977 0.124384
0 0.705345 0.775956 0.129261 0.205021
0 0.820243 0.690083 0.12694 0.164037
0 0.143125 0.487572 0.153429 0.122732
0 0.941743 0.684966 0.106955 0.124698
0 0.302684 0.633449 0.0657278 0.133711
0 0.0977019 0.392499 0.096832 0.0771729
0 0.38325 0.604588 0.0699693 0.125871
0 0.385541 0.174207 0.1198 0.0941252
0 0.460411 0.488499 0.0375948 0.0998329
0 0.363214 0.442418 0.0773214 0.0901069
0 0.521818 0.527785 0.0421455 0.0874244
0 0.917428 0.542513 0.0811977 0.124384
0 0.70686 0.772553 0.13153 0.196165
0 0.823378 0.69329 0.130931 0.163071
0 0.947811 0.687624 0.104378 0.108019
0 0.78141 0.466636 0.176881 0.164671
0 0.387749 0.177337 0.105607 0.0838598
0 0.13537 0.491221 0.184497 0.129791
0 0.365097 0.44592 0.0750049 0.0676883
0 0.875804 0.235104 0.10585 0.0688963
0 0.766802 0.551889 0.11499 0.0747136
0 0.694142 0.514282 0.108847 0.111112
0 0.399022 0.283511 0.0810369 0.0575056
0 0.962568 0.933959 0.0748632 0.132082
0 0.463078 0.493483 0.0548996 0.102452
0 0.317011 0.358812 0.111093 0.110719
0 0.918808 0.545591 0.0799076 0.0967756
0 0.299518 0.642038 0.0578124 0.0944964
0 0.753928 0.400519 0.116868 0.0675855
