0 0.359285 0.223707 0.220294 0.186716
0 0.567111 0.573068 0.151163 0.211209
0 0.0696407 0.479847 0.139281 0.189535
0 0.84259 0.422675 0.0599651 0.125614
0 0.601638 0.331851 0.121164 0.136859
0 0.939187 0.769747 0.104973 0.232646
0 0.502822 0.362344 0.26107 0.265888
0 0.657345 0.458872 0.0981895 0.106636
0 0.897237 0.314637 0.0547134 0.0638258
0 0.359285 0.223707 0.220294 0.186716
0 0.567111 0.573068 0.151163 0.211209
0 0.0696407 0.479847 0.139281 0.189535
0 0.84259 0.422675 0.0599651 0.125614
0 0.601638 0.331851 0.121164 0.136859
0 0.939187 0.769747 0.104973 0.232646
0 0.502822 0.362344 0.26107 0.265888
0 0.657345 0.458872 0.0981895 0.106636
0 0.897237 0.314637 0.0547134 0.0638258
0 0.563411 0.561061 0.149186 0.220491
0 0.359085 0.228587 0.196342 0.168875
0 0.536395 0.369331 0.305258 0.268491
0 0.068435 0.481014 0.13687 0.259794
0 0.841093 0.427442 0.0784935 0.170429
0 0.784874 0.243504 0.0906906 0.0536218
0 0.14748 0.0279246 0.0782878 0.0512798
0 0.867636 0.313347 0.106184 0.0647113
0 0.585957 0.179459 0.111347 0.0639917
