0 0.113053 0.113483 0.21598 0.206623
0 0.53518 0.137506 0.233925 0.214827
0 0.706776 0.40151 0.144887 0.106344
0 0.885986 0.805554 0.228028 0.267019
0 0.805824 0.560257 0.0524471 0.179419
0 0.957851 0.107788 0.0842976 0.0773099
0 0.952412 0.520983 0.0869789 0.161078
0 0.511925 0.392916 0.0441652 0.157527
0 0.786318 0.0982789 0.127954 0.105271
0 0.97955 0.25552 0.0408991 0.110173
0 0.111671 0.645452 0.087407 0.231918
0 0.950386 0.650877 0.0931522 0.201649
0 0.113053 0.113483 0.21598 0.206623
0 0.53518 0.137506 0.233925 0.214827
0 0.706776 0.40151 0.144887 0.106344
0 0.885986 0.805554 0.228028 0.267019
0 0.805824 0.560257 0.0524471 0.179419
0 0.957851 0.107788 0.0842976 0.0773099
0 0.952412 0.520983 0.0869789 0.161078
0 0.511925 0.392916 0.0441652 0.157527
0 0.786318 0.0982789 0.127954 0.105271
0 0.97955 0.25552 0.0408991 0.110173
0 0.111671 0.645452 0.087407 0.231918
0 0.950386 0.650877 0.0931522 0.201649
0 0.108596 0.126171 0.209297 0.218039
0 0.781509 0.114942 0.13766 0.117306
0 0.53869 0.154417 0.176994 0.25994
0 0.95575 0.529322 0.0835481 0.157301
0 0.81224 0.561198 0.0555 0.190823
0 0.728761 0.362774 0.0853698 0.0713889
0 0.905874 0.800326 0.188253 0.238595
0 0.959211 0.108242 0.0815776 0.0619042
0 0.654223 0.801497 0.0674631 0.0892491
0 0.90492 0.922673 0.190161 0.154654
