0 0.137706 0.429795 0.145865 0.137033
0 0.140263 0.282129 0.234063 0.219906
0 0.227992 0.748343 0.194148 0.182399
0 0.127283 0.856501 0.254566 0.222883
0 0.715959 0.365416 0.184858 0.137306
0 0.612273 0.189953 0.0702169 0.0629716
0 0.933693 0.438223 0.117865 0.0953236
0 0.526238 0.668381 0.100927 0.348856
0 0.137706 0.429795 0.145865 0.137033
0 0.140263 0.282129 0.234063 0.219906
0 0.227992 0.748343 0.194148 0.182399
0 0.127283 0.856501 0.254566 0.222883
0 0.715959 0.365416 0.184858 0.137306
0 0.612273 0.189953 0.0702169 0.0629716
0 0.933693 0.438223 0.117865 0.0953236
0 0.526238 0.668381 0.100927 0.348856
0 0.698999 0.367929 0.141594 0.13731
0 0.133294 0.847674 0.25603 0.202786
0 0.236114 0.755643 0.201775 0.189995
0 0.143252 0.429203 0.154548 0.128616
0 0.143723 0.293348 0.228581 0.191206
0 0.520503 0.628804 0.107389 0.38935
0 0.149431 0.102816 0.0713641 0.0549751
0 0.657339 0.311185 0.0682693 0.108103
