0 0.587709 0.591805 0.1558 0.225699
0 0.385149 0.218818 0.191835 0.177788
0 0.0974725 0.481022 0.189498 0.232543
0 0.848392 0.428931 0.0667702 0.139481
0 0.793887 0.238082 0.0882563 0.0652063
0 0.598707 0.181327 0.0974877 0.0680556
0 0.852368 0.761877 0.0985045 0.181518
0 0.453496 0.450021 0.103093 0.0934558
0 0.938907 0.732216 0.120791 0.258149
0 0.892722 0.308896 0.0768974 0.0818927
0 0.587709 0.591805 0.1558 0.225699
0 0.385149 0.218818 0.191835 0.177788
0 0.0974725 0.481022 0.189498 0.232543
0 0.848392 0.428931 0.0667702 0.139481
0 0.793887 0.238082 0.0882563 0.0652063
0 0.598707 0.181327 0.0974877 0.0680556
0 0.852368 0.761877 0.0985045 0.181518
0 0.453496 0.450021 0.103093 0.0934558
0 0.938907 0.732216 0.120791 0.258149
0 0.892722 0.308896 0.0768974 0.0818927
0 0.590181 0.582653 0.146719 0.240158
0 0.576153 0.367473 0.308006 0.263111
0 0.0986472 0.495635 0.197294 0.258459
0 0.376278 0.227694 0.182869 0.153136
0 0.846692 0.425632 0.0821571 0.173068
0 0.790408 0.242253 0.0916164 0.0529843
0 0.597707 0.183027 0.0968452 0.065986
0 0.16915 0.032193 0.0940857 0.0543228
0 0.856051 0.315252 0.0720928 0.0644756
