0 0.775358 0.840927 0.256427 0.299482
0 0.936269 0.663816 0.100393 0.21862
0 0.924616 0.32485 0.131204 0.120631
0 0.449307 0.721838 0.101207 0.160707
0 0.0321583 0.235099 0.0624266 0.180785
0 0.775358 0.840927 0.256427 0.299482
0 0.936269 0.663816 0.100393 0.21862
0 0.924616 0.32485 0.131204 0.120631
0 0.449307 0.721838 0.101207 0.160707
0 0.0321583 0.235099 0.0624266 0.180785
0 0.776608 0.840868 0.233273 0.318265
0 0.928974 0.665682 0.110098 0.193213
0 0.924646 0.319852 0.118464 0.113944
0 0.689654 0.441143 0.0909531 0.0693835
0 0.861714 0.404813 0.083635 0.0634978
0 0.810785 0.487502 0.0627202 0.103499
