0 0.308466 0.801014 0.121347 0.316473
0 0.825607 0.835317 0.159272 0.155113
0 0.567406 0.743045 0.0991111 0.262989
0 0.210243 0.57658 0.11616 0.132337
0 0.629127 0.667981 0.0953407 0.192438
0 0.591184 0.48846 0.0893328 0.175944
0 0.491364 0.557521 0.111092 0.145346
0 0.349503 0.550651 0.0727505 0.206788
0 0.497091 0.822706 0.101847 0.307413
0 0.14828 0.18533 0.126894 0.123221
0 0.509931 0.453646 0.0810911 0.140316
0 0.0729348 0.370006 0.14587 0.146114
0 0.926706 0.659203 0.0845608 0.099662
0 0.815338 0.468391 0.0779084 0.0818276
0 0.176802 0.396098 0.0871734 0.150003
0 0.311268 0.263511 0.101478 0.152332
0 0.374617 0.16925 0.0747556 0.093789
0 0.671735 0.859074 0.112202 0.225171
0 0.860759 0.591907 0.0937145 0.1722
0 0.703876 0.67754 0.0604064 0.193253
0 0.105213 0.906411 0.0795942 0.187179
0 0.403291 0.581266 0.0389581 0.116441
0 0.428864 0.46701 0.067759 0.204743
0 0.914878 0.906318 0.0974487 0.187363
0 0.449909 0.397315 0.0497984 0.0939787
0 0.308466 0.801014 0.121347 0.316473
0 0.825607 0.835317 0.159272 0.155113
0 0.567406 0.743045 0.0991111 0.262989
0 0.210243 0.57658 0.11616 0.132337
0 0.629127 0.667981 0.0953407 0.192438
0 0.591184 0.48846 0.0893328 0.175944
0 0.491364 0.557521 0.111092 0.145346
0 0.349503 0.550651 0.0727505 0.206788
0 0.497091 0.822706 0.101847 0.307413
0 0.14828 0.18533 0.126894 0.123221
0 0.509931 0.453646 0.0810911 0.140316
0 0.0729348 0.370006 0.14587 0.146114
0 0.926706 0.659203 0.0845608 0.099662
0 0.815338 0.468391 0.0779084 0.0818276
0 0.176802 0.396098 0.0871734 0.150003
0 0.311268 0.263511 0.101478 0.152332
0 0.374617 0.16925 0.0747556 0.093789
0 0.671735 0.859074 0.112202 0.225171
0 0.860759 0.591907 0.0937145 0.1722
0 0.703876 0.67754 0.0604064 0.193253
0 0.105213 0.906411 0.0795942 0.187179
0 0.403291 0.581266 0.0389581 0.116441
0 0.428864 0.46701 0.067759 0.204743
0 0.914878 0.906318 0.0974487 0.187363
0 0.449909 0.397315 0.0497984 0.0939787
0 0.620025 0.666121 0.102094 0.170678
0 0.825278 0.838684 0.157067 0.153971
0 0.304512 0.815803 0.140316 0.318636
0 0.490159 0.557601 0.109312 0.125563
0 0.510316 0.455482 0.082037 0.135284
0 0.312473 0.268357 0.105593 0.138623
0 0.211236 0.575417 0.110218 0.122718
0 0.132359 0.18705 0.143482 0.12206
0 0.586006 0.482925 0.082678 0.153776
0 0.345293 0.552476 0.0809179 0.170228
0 0.565329 0.751146 0.101818 0.262886
0 0.491565 0.809825 0.106515 0.315853
0 0.405332 0.573481 0.0447625 0.114889
0 0.817754 0.478026 0.08431 0.082244
0 0.0643873 0.349855 0.128775 0.161711
0 0.678474 0.875197 0.102225 0.182526
0 0.702122 0.647796 0.0518942 0.173127
0 0.641296 0.7771 0.0677212 0.156771
0 0.369976 0.165358 0.0724925 0.0848918
0 0.917126 0.882457 0.165748 0.235087
0 0.205407 0.339052 0.0763201 0.147803
0 0.927922 0.659634 0.0781727 0.087603
0 0.865492 0.585231 0.109587 0.159787
0 0.451166 0.399772 0.0571085 0.096701
0 0.449484 0.30904 0.0684164 0.0917901
0 0.423339 0.463634 0.0809226 0.235802
0 0.0239125 0.525604 0.0478249 0.207026
