0 0.756109 0.669568 0.239871 0.281312
0 0.655467 0.217711 0.129145 0.115223
0 0.497165 0.30902 0.14447 0.129257
0 0.531512 0.472493 0.124289 0.146545
0 0.0619079 0.0562533 0.0965576 0.0820172
0 0.130656 0.684205 0.250681 0.185037
0 0.332939 0.847749 0.167228 0.258972
0 0.307603 0.105574 0.148712 0.123208
0 0.711903 0.397406 0.129912 0.134751
0 0.589264 0.0727876 0.207736 0.145575
0 0.344177 0.595229 0.354762 0.304006
0 0.557827 0.0486544 0.157247 0.0973088
0 0.936825 0.363573 0.123775 0.141918
0 0.911729 0.506802 0.0670858 0.107032
0 0.153919 0.66237 0.207604 0.144363
0 0.304695 0.550341 0.272058 0.27479
0 0.909295 0.519039 0.0565956 0.112276
0 0.967677 0.611861 0.0557453 0.183795
0 0.856996 0.132695 0.113652 0.0936913
0 0.798057 0.715688 0.160018 0.198253
0 0.756109 0.669568 0.239871 0.281312
0 0.655467 0.217711 0.129145 0.115223
0 0.497165 0.30902 0.14447 0.129257
0 0.531512 0.472493 0.124289 0.146545
0 0.0619079 0.0562533 0.0965576 0.0820172
0 0.130656 0.684205 0.250681 0.185037
0 0.332939 0.847749 0.167228 0.258972
0 0.307603 0.105574 0.148712 0.123208
0 0.711903 0.397406 0.129912 0.134751
0 0.589264 0.0727876 0.207736 0.145575
0 0.344177 0.595229 0.354762 0.304006
0 0.557827 0.0486544 0.157247 0.0973088
0 0.936825 0.363573 0.123775 0.141918
0 0.911729 0.506802 0.0670858 0.107032
0 0.153919 0.66237 0.207604 0.144363
0 0.304695 0.550341 0.272058 0.27479
0 0.909295 0.519039 0.0565956 0.112276
0 0.967677 0.611861 0.0557453 0.183795
0 0.856996 0.132695 0.113652 0.0936913
0 0.798057 0.715688 0.160018 0.198253
0 0.760586 0.680143 0.240783 0.290341
0 0.305769 0.110371 0.154031 0.134809
0 0.491311 0.317287 0.146198 0.136216
0 0.359043 0.592686 0.304802 0.306723
0 0.657343 0.231245 0.13926 0.123561
0 0.523997 0.467851 0.141194 0.157517
0 0.580546 0.0601666 0.205589 0.120333
0 0.146202 0.670792 0.226781 0.172477
0 0.33815 0.850852 0.181587 0.298297
0 0.102836 0.817178 0.135016 0.13699
0 0.926048 0.387413 0.14536 0.196821
0 0.853477 0.137959 0.125108 0.0881188
0 0.0341466 0.235673 0.0682932 0.153113
