0 0.651293 0.252878 0.178061 0.130007
0 0.446382 0.124364 0.187176 0.160762
0 0.767972 0.538694 0.122281 0.0999788
0 0.945191 0.858722 0.109619 0.282556
0 0.925064 0.237762 0.130383 0.150811
0 0.324356 0.0583393 0.108127 0.0973573
0 0.783384 0.237502 0.0812301 0.0896827
0 0.651293 0.252878 0.178061 0.130007
0 0.446382 0.124364 0.187176 0.160762
0 0.767972 0.538694 0.122281 0.0999788
0 0.945191 0.858722 0.109619 0.282556
0 0.925064 0.237762 0.130383 0.150811
0 0.324356 0.0583393 0.108127 0.0973573
0 0.783384 0.237502 0.0812301 0.0896827
0 0.446316 0.127988 0.181686 0.166346
0 0.769374 0.540462 0.125557 0.106326
0 0.652642 0.264436 0.137894 0.119183
0 0.922155 0.2389 0.155691 0.155739
0 0.241202 0.915663 0.176278 0.168675
0 0.1221 0.0605645 0.0677878 0.0559584
0 0.316626 0.893486 0.107709 0.167575
0 0.947359 0.871671 0.101615 0.244687
0 0.942743 0.644117 0.114514 0.241904
0 0.336359 0.129237 0.0641688 0.0574959
