0 0.46417 0.499663 0.190102 0.207134
0 0.81897 0.215278 0.141456 0.149535
0 0.113493 0.235727 0.226987 0.228568
0 0.237418 0.14041 0.0928006 0.0603728
0 0.719971 0.4191 0.102185 0.263535
0 0.688616 0.499701 0.118106 0.11545
0 0.0660829 0.175268 0.132166 0.0953472
0 0.306963 0.0669754 0.114235 0.0800346
0 0.46417 0.499663 0.190102 0.207134
0 0.81897 0.215278 0.141456 0.149535
0 0.113493 0.235727 0.226987 0.228568
0 0.237418 0.14041 0.0928006 0.0603728
0 0.719971 0.4191 0.102185 0.263535
0 0.688616 0.499701 0.118106 0.11545
0 0.0660829 0.175268 0.132166 0.0953472
0 0.306963 0.0669754 0.114235 0.0800346
0 0.465724 0.502951 0.179127 0.200908
0 0.31148 0.0736586 0.117303 0.0800508
0 0.714858 0.368719 0.113987 0.28232
0 0.106747 0.172572 0.165032 0.0765873
0 0.098762 0.174696 0.197524 0.0915892
0 0.581064 0.882831 0.145625 0.231058
0 0.92701 0.207489 0.0728724 0.106495
0 0.237592 0.138612 0.0884242 0.0599034
