0 0.511513 0.234233 0.342447 0.310262
0 0.934549 0.363177 0.12917 0.114626
0 0.770965 0.494375 0.338761 0.289077
0 0.640351 0.204328 0.0954908 0.0825376
0 0.735657 0.277066 0.131306 0.116104
0 0.530431 0.244265 0.456812 0.41049
0 0.511513 0.234233 0.342447 0.310262
0 0.934549 0.363177 0.12917 0.114626
0 0.770965 0.494375 0.338761 0.289077
0 0.640351 0.204328 0.0954908 0.0825376
0 0.735657 0.277066 0.131306 0.116104
0 0.530431 0.244265 0.456812 0.41049
0 0.741457 0.287522 0.130129 0.133237
0 0.761257 0.510257 0.345717 0.29484
0 0.929291 0.373894 0.141417 0.147203
0 0.511496 0.25101 0.373233 0.308024
0 0.641039 0.208611 0.0785873 0.0704292
0 0.960495 0.625562 0.0790092 0.227842
0 0.707845 0.160263 0.0957481 0.0655269
0 0.0290954 0.295942 0.0581907 0.209889
