0 0.723584 0.665391 0.109904 0.0893311
0 0.928581 0.893692 0.137809 0.20396
0 0.372751 0.811853 0.0685779 0.157349
0 0.560635 0.665526 0.118123 0.123689
0 0.492603 0.859555 0.0511639 0.168466
0 0.622232 0.900203 0.105007 0.199595
0 0.762181 0.865124 0.135764 0.206644
0 0.668318 0.536977 0.155351 0.159708
0 0.689641 0.456269 0.147666 0.157421
0 0.146104 0.398201 0.107446 0.0802471
0 0.380409 0.623196 0.0454942 0.167635
0 0.764564 0.845203 0.15322 0.277052
0 0.472922 0.541242 0.0530136 0.164319
0 0.974866 0.481548 0.0502674 0.138171
0 0.208631 0.484805 0.0868108 0.198473
0 0.476877 0.553162 0.0421123 0.134903
0 0.543105 0.52631 0.128367 0.161446
0 0.21695 0.338012 0.134198 0.132133
0 0.659883 0.524333 0.137794 0.123888
0 0.369562 0.444509 0.139521 0.116383
0 0.127342 0.466771 0.100993 0.0775582
0 0.385837 0.633725 0.0422389 0.16609
0 0.723584 0.665391 0.109904 0.0893311
0 0.928581 0.893692 0.137809 0.20396
0 0.372751 0.811853 0.0685779 0.157349
0 0.560635 0.665526 0.118123 0.123689
0 0.492603 0.859555 0.0511639 0.168466
0 0.622232 0.900203 0.105007 0.199595
0 0.762181 0.865124 0.135764 0.206644
0 0.668318 0.536977 0.155351 0.159708
0 0.689641 0.456269 0.147666 0.157421
0 0.146104 0.398201 0.107446 0.0802471
0 0.380409 0.623196 0.0454942 0.167635
0 0.764564 0.845203 0.15322 0.277052
0 0.472922 0.541242 0.0530136 0.164319
0 0.974866 0.481548 0.0502674 0.138171
0 0.208631 0.484805 0.0868108 0.198473
0 0.476877 0.553162 0.0421123 0.134903
0 0.543105 0.52631 0.128367 0.161446
0 0.21695 0.338012 0.134198 0.132133
0 0.659883 0.524333 0.137794 0.123888
0 0.369562 0.444509 0.139521 0.116383
0 0.127342 0.466771 0.100993 0.0775582
0 0.385837 0.633725 0.0422389 0.16609
0 0.559477 0.663127 0.123866 0.109846
0 0.724229 0.668923 0.111229 0.0827126
0 0.66047 0.535962 0.149308 0.158814
0 0.921414 0.870653 0.157172 0.241133
0 0.621904 0.899312 0.0919325 0.190573
0 0.374777 0.810065 0.0691395 0.140268
0 0.0337086 0.570933 0.0649819 0.172537
0 0.585385 0.578421 0.122156 0.177533
0 0.143306 0.404038 0.112442 0.0724716
0 0.21466 0.492792 0.11643 0.216475
0 0.124377 0.468217 0.107468 0.0885809
0 0.494401 0.866949 0.0555025 0.170116
0 0.580261 0.795418 0.070188 0.0478529
0 0.691212 0.450842 0.134642 0.152921
0 0.786067 0.879751 0.182388 0.207032
0 0.209665 0.648951 0.0753162 0.141242
0 0.76359 0.867861 0.1284 0.19724
0 0.754703 0.78214 0.14214 0.142442
0 0.536688 0.339129 0.0792413 0.0493178
0 0.510076 0.48605 0.0671235 0.0754954
0 0.209217 0.327179 0.0856297 0.111721
