0 0.18387 0.263493 0.201585 0.202768
0 0.779362 0.0661452 0.127288 0.12501
0 0.795813 0.594162 0.164499 0.201203
0 0.56375 0.441002 0.222973 0.32504
0 0.910263 0.262823 0.134313 0.119514
0 0.298689 0.24041 0.106076 0.100416
0 0.345489 0.0705623 0.117103 0.110024
0 0.0580397 0.194617 0.116079 0.141331
0 0.655613 0.331517 0.116754 0.0929665
0 0.410463 0.473055 0.0904885 0.0999595
0 0.889455 0.785969 0.0823767 0.189996
0 0.363064 0.335217 0.0890477 0.147096
0 0.177935 0.238228 0.176501 0.150988
0 0.83227 0.21993 0.107801 0.0905269
0 0.18387 0.263493 0.201585 0.202768
0 0.779362 0.0661452 0.127288 0.12501
0 0.795813 0.594162 0.164499 0.201203
0 0.56375 0.441002 0.222973 0.32504
0 0.910263 0.262823 0.134313 0.119514
0 0.298689 0.24041 0.106076 0.100416
0 0.345489 0.0705623 0.117103 0.110024
0 0.0580397 0.194617 0.116079 0.141331
0 0.655613 0.331517 0.116754 0.0929665
0 0.410463 0.473055 0.0904885 0.0999595
0 0.889455 0.785969 0.0823767 0.189996
0 0.363064 0.335217 0.0890477 0.147096
0 0.177935 0.238228 0.176501 0.150988
0 0.83227 0.21993 0.107801 0.0905269
0 0.801241 0.608736 0.171484 0.201044
0 0.294189 0.240729 0.111031 0.0986656
0 0.176235 0.267985 0.182196 0.232248
0 0.568424 0.460593 0.247977 0.408541
0 0.912322 0.264774 0.140271 0.123883
0 0.0579288 0.200895 0.114922 0.165904
0 0.340352 0.0656427 0.0990976 0.112793
0 0.556074 0.234467 0.134086 0.136903
0 0.899034 0.398648 0.139849 0.162409
0 0.655939 0.337142 0.114723 0.10861
0 0.0446973 0.823948 0.0893945 0.332356
0 0.466292 0.675446 0.196403 0.247916
0 0.839374 0.364075 0.0745819 0.0686415
0 0.885423 0.797263 0.0674814 0.217591
0 0.283278 0.139322 0.173742 0.206256
