0 0.628326 0.350563 0.126129 0.12416
0 0.373957 0.272003 0.143855 0.116975
0 0.763015 0.437825 0.128342 0.200163
0 0.145189 0.046471 0.168069 0.0929421
0 0.646776 0.200367 0.0872471 0.0700818
0 0.558444 0.195918 0.0825766 0.0689896
0 0.397919 0.122116 0.0963924 0.0767186
0 0.204605 0.26151 0.0841371 0.072471
0 0.505862 0.0627908 0.108558 0.0815904
0 0.293009 0.16859 0.0791124 0.081871
0 0.631314 0.789699 0.158674 0.420603
0 0.947642 0.544177 0.104715 0.109138
0 0.628326 0.350563 0.126129 0.12416
0 0.373957 0.272003 0.143855 0.116975
0 0.763015 0.437825 0.128342 0.200163
0 0.145189 0.046471 0.168069 0.0929421
0 0.646776 0.200367 0.0872471 0.0700818
0 0.558444 0.195918 0.0825766 0.0689896
0 0.397919 0.122116 0.0963924 0.0767186
0 0.204605 0.26151 0.0841371 0.072471
0 0.505862 0.0627908 0.108558 0.0815904
0 0.293009 0.16859 0.0791124 0.081871
0 0.631314 0.789699 0.158674 0.420603
0 0.947642 0.544177 0.104715 0.109138
0 0.369829 0.273579 0.130844 0.110909
0 0.62111 0.349005 0.120846 0.12534
0 0.760644 0.430717 0.12301 0.191201
0 0.138552 0.0519964 0.18545 0.103993
0 0.499707 0.0678152 0.0939216 0.0780057
0 0.559207 0.196018 0.0799035 0.064723
0 0.291767 0.168549 0.0734901 0.0755245
0 0.400197 0.11996 0.0836088 0.0639273
0 0.213762 0.257455 0.101984 0.0645432
0 0.646242 0.201831 0.0866472 0.0624655
0 0.112786 0.0486358 0.187768 0.088927
0 0.944871 0.555373 0.109561 0.111475
