0 0.256791 0.733142 0.218381 0.26069
0 0.600529 0.664902 0.128893 0.134829
0 0.138655 0.322124 0.138689 0.235301
0 0.66715 0.0861507 0.159084 0.15536
0 0.272148 0.394298 0.118095 0.25732
0 0.596237 0.347607 0.0957443 0.246761
0 0.894126 0.689404 0.121154 0.188737
0 0.694393 0.756353 0.0823456 0.19912
0 0.381627 0.640985 0.0924459 0.132084
0 0.383093 0.525033 0.118923 0.128519
0 0.455971 0.29025 0.0779406 0.224079
0 0.931423 0.322803 0.135504 0.154524
0 0.349179 0.337022 0.0444411 0.150567
0 0.817724 0.533333 0.130082 0.165925
0 0.530363 0.336677 0.0507072 0.215674
0 0.147707 0.149647 0.112535 0.0852692
0 0.814862 0.405492 0.0965992 0.117352
0 0.518272 0.315585 0.0622995 0.227631
0 0.361474 0.52969 0.138005 0.134698
0 0.971812 0.533437 0.0487445 0.125097
0 0.383581 0.257513 0.0418304 0.08656
0 0.505788 0.29972 0.0677792 0.215524
0 0.0782759 0.0685971 0.123333 0.0915485
0 0.888291 0.179077 0.0993422 0.0945283
0 0.902089 0.514967 0.0631275 0.0874205
0 0.256791 0.733142 0.218381 0.26069
0 0.600529 0.664902 0.128893 0.134829
0 0.138655 0.322124 0.138689 0.235301
0 0.66715 0.0861507 0.159084 0.15536
0 0.272148 0.394298 0.118095 0.25732
0 0.596237 0.347607 0.0957443 0.246761
0 0.894126 0.689404 0.121154 0.188737
0 0.694393 0.756353 0.0823456 0.19912
0 0.381627 0.640985 0.0924459 0.132084
0 0.383093 0.525033 0.118923 0.128519
0 0.455971 0.29025 0.0779406 0.224079
0 0.931423 0.322803 0.135504 0.154524
0 0.349179 0.337022 0.0444411 0.150567
0 0.817724 0.533333 0.130082 0.165925
0 0.530363 0.336677 0.0507072 0.215674
0 0.147707 0.149647 0.112535 0.0852692
0 0.814862 0.405492 0.0965992 0.117352
0 0.518272 0.315585 0.0622995 0.227631
0 0.361474 0.52969 0.138005 0.134698
0 0.971812 0.533437 0.0487445 0.125097
0 0.383581 0.257513 0.0418304 0.08656
0 0.505788 0.29972 0.0677792 0.215524
0 0.0782759 0.0685971 0.123333 0.0915485
0 0.888291 0.179077 0.0993422 0.0945283
0 0.902089 0.514967 0.0631275 0.0874205
0 0.599782 0.666674 0.127965 0.130452
0 0.659939 0.0883574 0.163994 0.155113
0 0.145181 0.31769 0.135616 0.209995
0 0.274326 0.390661 0.112735 0.259969
0 0.818045 0.537681 0.128245 0.15992
0 0.251988 0.737071 0.20438 0.275331
0 0.895597 0.684971 0.117933 0.183666
0 0.390622 0.528345 0.105716 0.137684
0 0.590459 0.368402 0.101832 0.226673
0 0.694911 0.753526 0.0700386 0.193444
0 0.905267 0.520262 0.0671387 0.0815128
0 0.931882 0.326422 0.133901 0.161291
0 0.397456 0.660935 0.0922685 0.119818
0 0.768233 0.414676 0.186393 0.155858
0 0.213851 0.100684 0.071676 0.075204
0 0.0787084 0.0736155 0.111505 0.0815466
0 0.858395 0.392808 0.138725 0.132258
0 0.814665 0.410409 0.092551 0.105898
0 0.450956 0.29906 0.0640197 0.253853
0 0.892323 0.1852 0.107362 0.0876552
