0 0.891268 0.919337 0.193654 0.161327
0 0.109502 0.389626 0.219004 0.343073
0 0.77152 0.269999 0.116073 0.117781
0 0.925558 0.474618 0.148023 0.1663
0 0.700253 0.436958 0.0555611 0.163588
0 0.77037 0.447946 0.0804964 0.193223
0 0.579931 0.293239 0.107036 0.117296
0 0.536559 0.125385 0.212443 0.232085
0 0.820887 0.068962 0.134462 0.128209
0 0.0848722 0.143275 0.169744 0.199471
0 0.250411 0.436038 0.192687 0.241594
0 0.135064 0.900196 0.0890392 0.196477
0 0.957048 0.875946 0.0851856 0.137852
0 0.891268 0.919337 0.193654 0.161327
0 0.109502 0.389626 0.219004 0.343073
0 0.77152 0.269999 0.116073 0.117781
0 0.925558 0.474618 0.148023 0.1663
0 0.700253 0.436958 0.0555611 0.163588
0 0.77037 0.447946 0.0804964 0.193223
0 0.579931 0.293239 0.107036 0.117296
0 0.536559 0.125385 0.212443 0.232085
0 0.820887 0.068962 0.134462 0.128209
0 0.0848722 0.143275 0.169744 0.199471
0 0.250411 0.436038 0.192687 0.241594
0 0.135064 0.900196 0.0890392 0.196477
0 0.957048 0.875946 0.0851856 0.137852
0 0.115235 0.38105 0.23047 0.284854
0 0.897186 0.91327 0.190217 0.17346
0 0.580571 0.293439 0.10731 0.12102
0 0.367673 0.152713 0.130224 0.179635
0 0.768957 0.272448 0.106437 0.120391
0 0.914833 0.464731 0.160321 0.185963
0 0.546818 0.14434 0.210099 0.252796
0 0.250607 0.455337 0.150941 0.254612
0 0.816257 0.0635949 0.119227 0.125842
0 0.12024 0.170485 0.24048 0.236514
0 0.372078 0.643435 0.070211 0.054102
0 0.104636 0.146105 0.209272 0.198389
0 0.322432 0.262213 0.148654 0.155921
0 0.126653 0.814434 0.0865258 0.21763
0 0.0341227 0.557221 0.0647072 0.262016
0 0.838605 0.163831 0.0947485 0.0770101
