0 0.47687 0.335407 0.139419 0.163426
0 0.231648 0.512687 0.207447 0.18886
0 0.829466 0.847821 0.341069 0.304357
0 0.754161 0.570054 0.165098 0.143387
0 0.231972 0.66754 0.363681 0.242632
0 0.448858 0.887284 0.195891 0.225432
0 0.219491 0.196849 0.300805 0.285748
0 0.848814 0.123548 0.302372 0.247095
0 0.974793 0.573618 0.0504139 0.169831
0 0.775129 0.857798 0.363737 0.284405
0 0.0514825 0.448601 0.0965399 0.176842
0 0.891133 0.480279 0.131983 0.130965
0 0.492308 0.10146 0.259702 0.18904
0 0.47687 0.335407 0.139419 0.163426
0 0.231648 0.512687 0.207447 0.18886
0 0.829466 0.847821 0.341069 0.304357
0 0.754161 0.570054 0.165098 0.143387
0 0.231972 0.66754 0.363681 0.242632
0 0.448858 0.887284 0.195891 0.225432
0 0.219491 0.196849 0.300805 0.285748
0 0.848814 0.123548 0.302372 0.247095
0 0.974793 0.573618 0.0504139 0.169831
0 0.775129 0.857798 0.363737 0.284405
0 0.0514825 0.448601 0.0965399 0.176842
0 0.891133 0.480279 0.131983 0.130965
0 0.492308 0.10146 0.259702 0.18904
0 0.745082 0.569371 0.17653 0.157376
0 0.473412 0.334197 0.128489 0.172246
0 0.448936 0.879772 0.170711 0.240455
0 0.815017 0.849324 0.369965 0.301353
0 0.882995 0.476535 0.089053 0.118826
0 0.585664 0.341723 0.113797 0.107061
0 0.222229 0.515622 0.203134 0.237251
0 0.223873 0.677858 0.35065 0.292089
0 0.201806 0.202245 0.330237 0.249478
0 0.821458 0.152361 0.357083 0.304722
0 0.0592233 0.350565 0.111026 0.131123
0 0.254433 0.20719 0.218981 0.246208
0 0.304005 0.667082 0.203665 0.260326
