0 0.784854 0.428121 0.128481 0.146079
0 0.874086 0.523063 0.149128 0.203917
0 0.83185 0.74565 0.105311 0.250189
0 0.45623 0.238921 0.174462 0.201639
0 0.66038 0.858029 0.181608 0.283942
0 0.659812 0.765764 0.195094 0.341045
0 0.957154 0.476304 0.085693 0.112711
0 0.119552 0.134399 0.157013 0.136641
0 0.61876 0.47692 0.0894212 0.171545
0 0.37105 0.865705 0.219591 0.268589
0 0.408848 0.308342 0.0815632 0.0797655
0 0.261979 0.344593 0.0733975 0.158082
0 0.843601 0.164293 0.135895 0.114183
0 0.927169 0.820045 0.144703 0.359911
0 0.457961 0.227273 0.147367 0.164976
0 0.0739801 0.39248 0.135834 0.156341
0 0.325605 0.148947 0.07698 0.0606477
0 0.938168 0.806465 0.123663 0.294344
0 0.0560051 0.851874 0.10125 0.296251
0 0.936363 0.379685 0.0944641 0.0766028
0 0.234688 0.633283 0.101814 0.22833
0 0.697657 0.390885 0.0577131 0.100469
0 0.48028 0.33691 0.0375368 0.108874
0 0.731412 0.322446 0.0389908 0.0870015
0 0.57767 0.459604 0.180539 0.207902
0 0.279105 0.354189 0.106091 0.179777
0 0.800363 0.548444 0.0639486 0.112984
0 0.100539 0.401357 0.189117 0.1725
0 0.784854 0.428121 0.128481 0.146079
0 0.874086 0.523063 0.149128 0.203917
0 0.83185 0.74565 0.105311 0.250189
0 0.45623 0.238921 0.174462 0.201639
0 0.66038 0.858029 0.181608 0.283942
0 0.659812 0.765764 0.195094 0.341045
0 0.957154 0.476304 0.085693 0.112711
0 0.119552 0.134399 0.157013 0.136641
0 0.61876 0.47692 0.0894212 0.171545
0 0.37105 0.865705 0.219591 0.268589
0 0.408848 0.308342 0.0815632 0.0797655
0 0.261979 0.344593 0.0733975 0.158082
0 0.843601 0.164293 0.135895 0.114183
0 0.927169 0.820045 0.144703 0.359911
0 0.457961 0.227273 0.147367 0.164976
0 0.0739801 0.39248 0.135834 0.156341
0 0.325605 0.148947 0.07698 0.0606477
0 0.938168 0.806465 0.123663 0.294344
0 0.0560051 0.851874 0.10125 0.296251
0 0.936363 0.379685 0.0944641 0.0766028
0 0.234688 0.633283 0.101814 0.22833
0 0.697657 0.390885 0.0577131 0.100469
0 0.48028 0.33691 0.0375368 0.108874
0 0.731412 0.322446 0.0389908 0.0870015
0 0.57767 0.459604 0.180539 0.207902
0 0.279105 0.354189 0.106091 0.179777
0 0.800363 0.548444 0.0639486 0.112984
0 0.100539 0.401357 0.189117 0.1725
0 0.786573 0.434399 0.123178 0.156694
0 0.11518 0.143404 0.152872 0.149262
0 0.938639 0.38741 0.0901783 0.0687247
0 0.831291 0.749296 0.103099 0.258417
0 0.854702 0.166426 0.151475 0.118007
0 0.657683 0.81271 0.239476 0.374581
0 0.628701 0.494663 0.0766256 0.168411
0 0.545094 0.424045 0.0948602 0.102999
0 0.357672 0.85651 0.228954 0.28698
0 0.959628 0.480337 0.0807439 0.0965135
0 0.0609127 0.853353 0.105774 0.293294
0 0.933957 0.826279 0.132087 0.347442
0 0.117304 0.426522 0.183725 0.233004
0 0.882264 0.527972 0.130682 0.189061
0 0.237232 0.649715 0.102733 0.263922
0 0.697843 0.393173 0.0575615 0.0870573
0 0.26529 0.340164 0.0707622 0.145529
0 0.862909 0.528727 0.181294 0.196859
0 0.042047 0.0445011 0.0765724 0.0548501
0 0.458447 0.261431 0.146846 0.253801
0 0.0847353 0.413484 0.169471 0.211867
