0 0.680887 0.492305 0.129574 0.101804
0 0.462144 0.238884 0.124699 0.168774
0 0.926991 0.79399 0.146017 0.238953
0 0.929289 0.60121 0.132222 0.279341
0 0.0708216 0.0584823 0.131714 0.116965
0 0.653757 0.296265 0.138702 0.114289
0 0.256627 0.96803 0.178146 0.0639393
0 0.271495 0.63125 0.0935931 0.177863
0 0.310555 0.139194 0.108553 0.0945579
0 0.680887 0.492305 0.129574 0.101804
0 0.462144 0.238884 0.124699 0.168774
0 0.926991 0.79399 0.146017 0.238953
0 0.929289 0.60121 0.132222 0.279341
0 0.0708216 0.0584823 0.131714 0.116965
0 0.653757 0.296265 0.138702 0.114289
0 0.256627 0.96803 0.178146 0.0639393
0 0.271495 0.63125 0.0935931 0.177863
0 0.310555 0.139194 0.108553 0.0945579
0 0.653963 0.292487 0.132764 0.10732
0 0.460226 0.230534 0.113572 0.158471
0 0.933312 0.620505 0.123404 0.256808
0 0.30632 0.14379 0.098568 0.0824556
0 0.682501 0.488662 0.124682 0.092632
0 0.927857 0.80741 0.139921 0.236517
