0 0.2642 0.669477 0.122681 0.184509
0 0.119063 0.856794 0.185436 0.286411
0 0.0912585 0.642645 0.109077 0.170121
0 0.0765493 0.388234 0.120544 0.16206
0 0.071031 0.168388 0.129576 0.112857
0 0.135243 0.232955 0.0789294 0.069922
0 0.0769201 0.483228 0.10622 0.0881813
0 0.891944 0.373722 0.0732544 0.0600089
0 0.2642 0.669477 0.122681 0.184509
0 0.119063 0.856794 0.185436 0.286411
0 0.0912585 0.642645 0.109077 0.170121
0 0.0765493 0.388234 0.120544 0.16206
0 0.071031 0.168388 0.129576 0.112857
0 0.135243 0.232955 0.0789294 0.069922
0 0.0769201 0.483228 0.10622 0.0881813
0 0.891944 0.373722 0.0732544 0.0600089
0 0.0622793 0.15983 0.114029 0.0849172
0 0.35399 0.483441 0.102457 0.0934053
0 0.258803 0.671666 0.111849 0.166016
0 0.0927162 0.637962 0.102702 0.162264
0 0.0650145 0.385209 0.130029 0.163273
0 0.134509 0.234651 0.0798671 0.0646111
0 0.34691 0.387859 0.0845175 0.0871894
0 0.120925 0.835106 0.241851 0.329788
