0 0.758584 0.411233 0.186912 0.22676
0 0.308858 0.130892 0.295904 0.251926
0 0.915409 0.563613 0.159811 0.302937
0 0.67198 0.1429 0.237046 0.195285
0 0.0761242 0.159009 0.128108 0.151605
0 0.274616 0.285283 0.311767 0.280566
0 0.667957 0.780911 0.116654 0.165062
0 0.936251 0.600358 0.114594 0.346813
0 0.215415 0.693902 0.119294 0.173174
0 0.758584 0.411233 0.186912 0.22676
0 0.308858 0.130892 0.295904 0.251926
0 0.915409 0.563613 0.159811 0.302937
0 0.67198 0.1429 0.237046 0.195285
0 0.0761242 0.159009 0.128108 0.151605
0 0.274616 0.285283 0.311767 0.280566
0 0.667957 0.780911 0.116654 0.165062
0 0.936251 0.600358 0.114594 0.346813
0 0.215415 0.693902 0.119294 0.173174
0 0.0765035 0.168867 0.151767 0.193549
0 0.898393 0.887886 0.0944321 0.126377
0 0.841358 0.152822 0.209139 0.181046
0 0.773591 0.432604 0.227637 0.28197
0 0.670142 0.136351 0.221126 0.180077
0 0.301467 0.132209 0.266832 0.207678
0 0.668982 0.780537 0.123509 0.152376
0 0.274624 0.338957 0.32064 0.452323
0 0.914629 0.536475 0.170742 0.231102
0 0.0278965 0.525582 0.0552457 0.229931
0 0.0230051 0.516162 0.0460102 0.183878
