0 0.613285 0.472263 0.209022 0.349089
0 0.879245 0.692487 0.227139 0.333492
0 0.406406 0.334263 0.117901 0.140526
0 0.710753 0.433847 0.0709098 0.157088
0 0.894307 0.460529 0.181637 0.148914
0 0.935077 0.35554 0.110023 0.135397
0 0.813326 0.240458 0.0673126 0.113915
0 0.299502 0.70708 0.103912 0.132159
0 0.613285 0.472263 0.209022 0.349089
0 0.879245 0.692487 0.227139 0.333492
0 0.406406 0.334263 0.117901 0.140526
0 0.710753 0.433847 0.0709098 0.157088
0 0.894307 0.460529 0.181637 0.148914
0 0.935077 0.35554 0.110023 0.135397
0 0.813326 0.240458 0.0673126 0.113915
0 0.299502 0.70708 0.103912 0.132159
0 0.883133 0.714025 0.233733 0.388455
0 0.896539 0.463502 0.206922 0.155629
0 0.408299 0.334826 0.128165 0.137849
0 0.624788 0.490739 0.201524 0.316721
0 0.625457 0.296281 0.0826603 0.0756046
0 0.714746 0.434458 0.0669373 0.149921
0 0.0370423 0.117178 0.0740846 0.234356
0 0.898538 0.136333 0.134398 0.10468
0 0.685713 0.266002 0.102216 0.111692
0 0.663503 0.119193 0.0744653 0.124046
0 0.544304 0.104798 0.0711609 0.053156
