0 0.238343 0.735244 0.0751724 0.180353
0 0.282893 0.532894 0.0801968 0.0686094
0 0.398004 0.76222 0.0840185 0.205028
0 0.877061 0.623662 0.116935 0.130093
0 0.211102 0.499798 0.0947104 0.0708845
0 0.70234 0.818907 0.0899911 0.145044
0 0.401609 0.52119 0.0834166 0.102444
0 0.730874 0.620875 0.0581496 0.158846
0 0.395474 0.896105 0.0926834 0.191852
0 0.162646 0.332016 0.137252 0.117937
0 0.954898 0.709364 0.0902046 0.129534
0 0.394007 0.747656 0.0677494 0.175854
0 0.0594642 0.225872 0.11723 0.088243
0 0.246969 0.336227 0.100986 0.0882121
0 0.238343 0.735244 0.0751724 0.180353
0 0.282893 0.532894 0.0801968 0.0686094
0 0.398004 0.76222 0.0840185 0.205028
0 0.877061 0.623662 0.116935 0.130093
0 0.211102 0.499798 0.0947104 0.0708845
0 0.70234 0.818907 0.0899911 0.145044
0 0.401609 0.52119 0.0834166 0.102444
0 0.730874 0.620875 0.0581496 0.158846
0 0.395474 0.896105 0.0926834 0.191852
0 0.162646 0.332016 0.137252 0.117937
0 0.954898 0.709364 0.0902046 0.129534
0 0.394007 0.747656 0.0677494 0.175854
0 0.0594642 0.225872 0.11723 0.088243
0 0.246969 0.336227 0.100986 0.0882121
0 0.283947 0.533337 0.0807713 0.0711614
0 0.704468 0.814752 0.0966126 0.140682
0 0.250855 0.333982 0.109559 0.0769064
0 0.24218 0.743065 0.0847377 0.186188
0 0.401573 0.520721 0.0854344 0.0803791
0 0.881589 0.620837 0.107857 0.102669
0 0.395493 0.90109 0.0795594 0.192756
0 0.222106 0.509257 0.0734626 0.0500041
0 0.405646 0.775482 0.087149 0.222506
0 0.132471 0.675077 0.124716 0.155058
0 0.07394 0.273358 0.103526 0.0532159
0 0.0525608 0.663219 0.101951 0.221396
