0 0.918809 0.507752 0.137452 0.132302
0 0.750153 0.433844 0.0938353 0.15785
0 0.240516 0.311586 0.0922752 0.0761117
0 0.220378 0.0939286 0.162828 0.10546
0 0.446442 0.325474 0.0863108 0.1428
0 0.776657 0.780461 0.106442 0.323741
0 0.595276 0.118204 0.0959124 0.0827652
0 0.141029 0.102846 0.107239 0.0706991
0 0.729544 0.270148 0.0810511 0.0738221
0 0.786327 0.793076 0.152721 0.413848
0 0.478764 0.155458 0.0717682 0.0610607
0 0.918809 0.507752 0.137452 0.132302
0 0.750153 0.433844 0.0938353 0.15785
0 0.240516 0.311586 0.0922752 0.0761117
0 0.220378 0.0939286 0.162828 0.10546
0 0.446442 0.325474 0.0863108 0.1428
0 0.776657 0.780461 0.106442 0.323741
0 0.595276 0.118204 0.0959124 0.0827652
0 0.141029 0.102846 0.107239 0.0706991
0 0.729544 0.270148 0.0810511 0.0738221
0 0.786327 0.793076 0.152721 0.413848
0 0.478764 0.155458 0.0717682 0.0610607
0 0.911796 0.50442 0.128696 0.125065
0 0.221407 0.103331 0.171784 0.114472
0 0.751629 0.43563 0.0866417 0.16111
0 0.441468 0.323845 0.0854317 0.136431
0 0.347821 0.192012 0.0659231 0.0881467
0 0.243185 0.314016 0.103985 0.0752359
0 0.781755 0.775074 0.111395 0.360527
0 0.473478 0.151419 0.0597866 0.0627212
0 0.637612 0.253077 0.058465 0.0637162
0 0.193156 0.108691 0.214679 0.1204
