0 0.717333 0.759905 0.186206 0.199621
0 0.319112 0.341764 0.15272 0.158643
0 0.0576904 0.841196 0.115381 0.302368
0 0.566958 0.373753 0.112477 0.123583
0 0.186909 0.15823 0.0980386 0.0755052
0 0.374948 0.946574 0.165181 0.106853
0 0.325099 0.347642 0.135554 0.1135
0 0.653507 0.456518 0.0692335 0.109058
0 0.520823 0.870334 0.107977 0.144579
0 0.0345159 0.355872 0.0690317 0.140075
0 0.0731613 0.823071 0.146323 0.353858
0 0.06337 0.219227 0.121451 0.101264
0 0.942536 0.672275 0.0731801 0.145784
0 0.716649 0.258687 0.0841938 0.0603399
0 0.717333 0.759905 0.186206 0.199621
0 0.319112 0.341764 0.15272 0.158643
0 0.0576904 0.841196 0.115381 0.302368
0 0.566958 0.373753 0.112477 0.123583
0 0.186909 0.15823 0.0980386 0.0755052
0 0.374948 0.946574 0.165181 0.106853
0 0.325099 0.347642 0.135554 0.1135
0 0.653507 0.456518 0.0692335 0.109058
0 0.520823 0.870334 0.107977 0.144579
0 0.0345159 0.355872 0.0690317 0.140075
0 0.0731613 0.823071 0.146323 0.353858
0 0.06337 0.219227 0.121451 0.101264
0 0.942536 0.672275 0.0731801 0.145784
0 0.716649 0.258687 0.0841938 0.0603399
0 0.188621 0.161833 0.0918388 0.0588197
0 0.562282 0.376184 0.110228 0.112959
0 0.0603527 0.215016 0.120444 0.0898758
0 0.711362 0.759146 0.196885 0.196891
0 0.849558 0.510278 0.0911129 0.0900506
0 0.314762 0.339658 0.161857 0.140991
0 0.038884 0.356597 0.0767723 0.132103
0 0.0616248 0.85108 0.118944 0.244374
0 0.730884 0.330416 0.0907384 0.0882548
0 0.376481 0.948035 0.134906 0.103221
0 0.374173 0.912364 0.150857 0.175272
