0 0.352699 0.273918 0.170961 0.200586
0 0.819351 0.530477 0.196831 0.211826
0 0.58037 0.480125 0.301874 0.268243
0 0.915864 0.498011 0.168273 0.191342
0 0.183459 0.821234 0.366919 0.357532
0 0.209802 0.320662 0.168696 0.234146
0 0.80639 0.509902 0.157905 0.168753
0 0.376911 0.543005 0.111043 0.204458
0 0.947286 0.241022 0.104934 0.125284
0 0.470149 0.686885 0.116159 0.142983
0 0.931763 0.841295 0.119093 0.242435
0 0.342357 0.255102 0.146957 0.150548
0 0.78297 0.17684 0.111432 0.105938
0 0.738374 0.944328 0.141165 0.106498
0 0.356218 0.759463 0.0804839 0.111847
0 0.352699 0.273918 0.170961 0.200586
0 0.819351 0.530477 0.196831 0.211826
0 0.58037 0.480125 0.301874 0.268243
0 0.915864 0.498011 0.168273 0.191342
0 0.183459 0.821234 0.366919 0.357532
0 0.209802 0.320662 0.168696 0.234146
0 0.80639 0.509902 0.157905 0.168753
0 0.376911 0.543005 0.111043 0.204458
0 0.947286 0.241022 0.104934 0.125284
0 0.470149 0.686885 0.116159 0.142983
0 0.931763 0.841295 0.119093 0.242435
0 0.342357 0.255102 0.146957 0.150548
0 0.78297 0.17684 0.111432 0.105938
0 0.738374 0.944328 0.141165 0.106498
0 0.356218 0.759463 0.0804839 0.111847
0 0.350065 0.267879 0.164974 0.20645
0 0.209113 0.325616 0.146413 0.237858
0 0.190491 0.842351 0.333688 0.308708
0 0.862537 0.523921 0.25576 0.258647
0 0.596131 0.48522 0.296739 0.35122
0 0.949643 0.241693 0.0988613 0.124593
0 0.291909 0.732606 0.0765766 0.0632047
0 0.379532 0.543895 0.119842 0.209351
0 0.910903 0.501855 0.178194 0.196367
0 0.841469 0.53119 0.210552 0.219322
