0 0.568433 0.286699 0.274004 0.266896
0 0.819388 0.498699 0.326637 0.306349
0 0.931497 0.364521 0.128312 0.112188
0 0.421122 0.268832 0.0993 0.157038
0 0.648476 0.217764 0.0716217 0.0600118
0 0.592544 0.0340696 0.0783031 0.0613947
0 0.975887 0.191851 0.0477692 0.168321
0 0.0327964 0.219185 0.0636749 0.170501
0 0.868223 0.126874 0.0509935 0.0749577
0 0.805439 0.517148 0.389123 0.382428
0 0.456816 0.139473 0.088685 0.10403
0 0.709755 0.158901 0.0944167 0.0632464
0 0.568433 0.286699 0.274004 0.266896
0 0.819388 0.498699 0.326637 0.306349
0 0.931497 0.364521 0.128312 0.112188
0 0.421122 0.268832 0.0993 0.157038
0 0.648476 0.217764 0.0716217 0.0600118
0 0.592544 0.0340696 0.0783031 0.0613947
0 0.975887 0.191851 0.0477692 0.168321
0 0.0327964 0.219185 0.0636749 0.170501
0 0.868223 0.126874 0.0509935 0.0749577
0 0.805439 0.517148 0.389123 0.382428
0 0.456816 0.139473 0.088685 0.10403
0 0.709755 0.158901 0.0944167 0.0632464
0 0.827889 0.513124 0.31838 0.338808
0 0.600468 0.309888 0.28182 0.315672
0 0.920173 0.374486 0.153618 0.147077
0 0.417197 0.256294 0.117349 0.164583
0 0.653974 0.218684 0.0713263 0.065984
0 0.049377 0.214906 0.098754 0.210242
0 0.700563 0.165167 0.113081 0.0658351
