0 0.614215 0.446167 0.170194 0.346011
0 0.52879 0.808469 0.145668 0.198113
0 0.917851 0.481154 0.159563 0.265775
0 0.79539 0.638842 0.115329 0.235762
0 0.752898 0.426978 0.126396 0.172206
0 0.291514 0.469027 0.267699 0.214161
0 0.757771 0.215235 0.119978 0.109807
0 0.17929 0.333401 0.35858 0.347443
0 0.932724 0.14745 0.12394 0.101331
0 0.44455 0.327141 0.0481054 0.105175
0 0.280812 0.684029 0.147222 0.168248
0 0.931239 0.501998 0.134301 0.207983
0 0.188424 0.346477 0.376848 0.416016
0 0.553863 0.151819 0.129105 0.119757
0 0.313919 0.892699 0.109258 0.147192
0 0.482528 0.920381 0.135517 0.155545
0 0.614215 0.446167 0.170194 0.346011
0 0.52879 0.808469 0.145668 0.198113
0 0.917851 0.481154 0.159563 0.265775
0 0.79539 0.638842 0.115329 0.235762
0 0.752898 0.426978 0.126396 0.172206
0 0.291514 0.469027 0.267699 0.214161
0 0.757771 0.215235 0.119978 0.109807
0 0.17929 0.333401 0.35858 0.347443
0 0.932724 0.14745 0.12394 0.101331
0 0.44455 0.327141 0.0481054 0.105175
0 0.280812 0.684029 0.147222 0.168248
0 0.931239 0.501998 0.134301 0.207983
0 0.188424 0.346477 0.376848 0.416016
0 0.553863 0.151819 0.129105 0.119757
0 0.313919 0.892699 0.109258 0.147192
0 0.482528 0.920381 0.135517 0.155545
0 0.310676 0.476028 0.265467 0.225602
0 0.760003 0.42479 0.16204 0.179506
0 0.167591 0.319923 0.331682 0.327086
0 0.525737 0.811591 0.134833 0.199173
0 0.914386 0.499147 0.171228 0.254819
0 0.28722 0.687551 0.174241 0.260828
0 0.724418 0.818807 0.185598 0.198804
0 0.564425 0.159085 0.16728 0.168556
0 0.797096 0.608936 0.137351 0.314062
0 0.642155 0.465016 0.260935 0.445577
0 0.762426 0.223202 0.1231 0.111893
0 0.216908 0.134314 0.135378 0.095721
0 0.0520135 0.584759 0.100257 0.243419
0 0.444029 0.312649 0.0512888 0.105131
