0 0.206195 0.32407 0.202647 0.216253
0 0.23531 0.0536796 0.114686 0.0948975
0 0.961638 0.600261 0.072786 0.173025
0 0.0393028 0.945054 0.0786055 0.109891
0 0.802228 0.454495 0.0886135 0.115241
0 0.75812 0.233434 0.0717407 0.141376
0 0.206195 0.32407 0.202647 0.216253
0 0.23531 0.0536796 0.114686 0.0948975
0 0.961638 0.600261 0.072786 0.173025
0 0.0393028 0.945054 0.0786055 0.109891
0 0.802228 0.454495 0.0886135 0.115241
0 0.75812 0.233434 0.0717407 0.141376
0 0.202664 0.324471 0.202502 0.235432
0 0.964446 0.597086 0.0677738 0.162247
0 0.237141 0.0708844 0.102378 0.101438
0 0.806698 0.454191 0.0830334 0.115464
0 0.765862 0.945644 0.145103 0.108712
