0 0.278725 0.082711 0.106913 0.103101
0 0.634874 0.241913 0.135191 0.0899481
0 0.39622 0.331332 0.13951 0.1526
0 0.909663 0.131147 0.171433 0.171037
0 0.757607 0.280389 0.135941 0.112475
0 0.927634 0.758151 0.114616 0.322886
0 0.556788 0.252359 0.170177 0.116803
0 0.173584 0.0812981 0.0774464 0.0637485
0 0.424254 0.0845591 0.0982971 0.09514
0 0.584598 0.254565 0.220831 0.133294
0 0.278725 0.082711 0.106913 0.103101
0 0.634874 0.241913 0.135191 0.0899481
0 0.39622 0.331332 0.13951 0.1526
0 0.909663 0.131147 0.171433 0.171037
0 0.757607 0.280389 0.135941 0.112475
0 0.927634 0.758151 0.114616 0.322886
0 0.556788 0.252359 0.170177 0.116803
0 0.173584 0.0812981 0.0774464 0.0637485
0 0.424254 0.0845591 0.0982971 0.09514
0 0.584598 0.254565 0.220831 0.133294
0 0.913746 0.128184 0.172508 0.160415
0 0.393248 0.327997 0.128886 0.147324
0 0.625014 0.24158 0.162164 0.0916181
0 0.750478 0.28681 0.107237 0.121647
0 0.275143 0.0833246 0.116547 0.0962602
0 0.963143 0.321724 0.0737146 0.0541718
0 0.922112 0.753093 0.120874 0.309813
