0 0.811834 0.69508 0.188983 0.29707
0 0.322609 0.75078 0.0740196 0.236562
0 0.953688 0.738004 0.0873421 0.222705
0 0.139629 0.487599 0.0890817 0.228224
0 0.177735 0.330735 0.097309 0.0872304
0 0.743934 0.374968 0.15176 0.148317
0 0.556069 0.857021 0.108117 0.12378
0 0.487124 0.904009 0.0835386 0.191981
0 0.0942178 0.0839412 0.180556 0.15928
0 0.504206 0.626444 0.119545 0.160065
0 0.171862 0.878045 0.0821982 0.24391
0 0.307286 0.497077 0.069739 0.180962
0 0.490493 0.471209 0.05959 0.0892741
0 0.391958 0.513952 0.0529265 0.178957
0 0.636182 0.88124 0.0804369 0.166034
0 0.384223 0.497637 0.0550826 0.161378
0 0.156809 0.135909 0.105377 0.0843062
0 0.274763 0.463408 0.0485439 0.148335
0 0.398464 0.52568 0.0457466 0.174753
0 0.811834 0.69508 0.188983 0.29707
0 0.322609 0.75078 0.0740196 0.236562
0 0.953688 0.738004 0.0873421 0.222705
0 0.139629 0.487599 0.0890817 0.228224
0 0.177735 0.330735 0.097309 0.0872304
0 0.743934 0.374968 0.15176 0.148317
0 0.556069 0.857021 0.108117 0.12378
0 0.487124 0.904009 0.0835386 0.191981
0 0.0942178 0.0839412 0.180556 0.15928
0 0.504206 0.626444 0.119545 0.160065
0 0.171862 0.878045 0.0821982 0.24391
0 0.307286 0.497077 0.069739 0.180962
0 0.490493 0.471209 0.05959 0.0892741
0 0.391958 0.513952 0.0529265 0.178957
0 0.636182 0.88124 0.0804369 0.166034
0 0.384223 0.497637 0.0550826 0.161378
0 0.156809 0.135909 0.105377 0.0843062
0 0.274763 0.463408 0.0485439 0.148335
0 0.398464 0.52568 0.0457466 0.174753
0 0.502728 0.618392 0.114598 0.159547
0 0.746408 0.378375 0.150048 0.162463
0 0.0922599 0.0769915 0.18452 0.148995
0 0.951367 0.727338 0.0892937 0.192232
0 0.491041 0.469164 0.0582172 0.0878175
0 0.324045 0.745448 0.0686166 0.24107
0 0.556418 0.857988 0.122251 0.134564
0 0.13873 0.500705 0.0905315 0.227376
0 0.508861 0.300168 0.121295 0.122422
0 0.820507 0.706727 0.212829 0.283713
0 0.393608 0.506564 0.0660645 0.183089
0 0.103349 0.390997 0.0496194 0.118525
0 0.48151 0.895247 0.0707908 0.209506
0 0.16816 0.330255 0.0877234 0.0842987
0 0.321747 0.324041 0.0721282 0.112151
0 0.342461 0.474117 0.0524823 0.115894
0 0.120681 0.223878 0.0749621 0.121421
0 0.272412 0.462708 0.0653956 0.141946
