0 0.20154 0.859904 0.326578 0.280192
0 0.212022 0.466383 0.155583 0.102517
0 0.463122 0.766378 0.0974745 0.177217
0 0.388437 0.785975 0.0945899 0.184309
0 0.575851 0.893403 0.164064 0.213194
0 0.57407 0.90189 0.126828 0.196221
0 0.949409 0.575133 0.0810658 0.162654
0 0.292991 0.310525 0.106392 0.0855606
0 0.233034 0.251018 0.133502 0.0990565
0 0.0741091 0.861628 0.148218 0.17686
0 0.20154 0.859904 0.326578 0.280192
0 0.212022 0.466383 0.155583 0.102517
0 0.463122 0.766378 0.0974745 0.177217
0 0.388437 0.785975 0.0945899 0.184309
0 0.575851 0.893403 0.164064 0.213194
0 0.57407 0.90189 0.126828 0.196221
0 0.949409 0.575133 0.0810658 0.162654
0 0.292991 0.310525 0.106392 0.0855606
0 0.233034 0.251018 0.133502 0.0990565
0 0.0741091 0.861628 0.148218 0.17686
0 0.206416 0.463897 0.151106 0.10502
0 0.191832 0.853009 0.371738 0.293982
0 0.354754 0.421277 0.0916101 0.0798184
0 0.581546 0.504851 0.0953468 0.100646
0 0.80693 0.453455 0.0764652 0.0734879
0 0.464822 0.776549 0.0931992 0.18229
0 0.762913 0.552339 0.0809895 0.0716515
0 0.777725 0.331969 0.117407 0.0890072
0 0.595992 0.891604 0.193864 0.216793
0 0.10447 0.523846 0.075133 0.0605732
0 0.228196 0.248415 0.123165 0.0874302
0 0.38768 0.787541 0.0904428 0.188186
0 0.0583692 0.860519 0.116738 0.149641
0 0.261275 0.380327 0.0798522 0.0618674
