0 0.934294 0.802841 0.131413 0.264636
0 0.742134 0.509049 0.122753 0.093803
0 0.499125 0.159861 0.166055 0.192181
0 0.132526 0.0443662 0.0980084 0.0887324
0 0.67699 0.282375 0.15326 0.106923
0 0.0648952 0.286403 0.11885 0.183669
0 0.596599 0.475936 0.107804 0.149529
0 0.934294 0.802841 0.131413 0.264636
0 0.742134 0.509049 0.122753 0.093803
0 0.499125 0.159861 0.166055 0.192181
0 0.132526 0.0443662 0.0980084 0.0887324
0 0.67699 0.282375 0.15326 0.106923
0 0.0648952 0.286403 0.11885 0.183669
0 0.596599 0.475936 0.107804 0.149529
0 0.679929 0.281982 0.14003 0.109614
0 0.748804 0.514854 0.127916 0.100036
0 0.490863 0.168456 0.163208 0.197275
0 0.930251 0.817268 0.139499 0.229665
0 0.102223 0.925742 0.128712 0.147196
0 0.789433 0.263213 0.0930533 0.0927165
