0 0.554036 0.805935 0.207506 0.273485
0 0.414138 0.274145 0.195332 0.187744
0 0.080132 0.449288 0.160264 0.30663
0 0.502046 0.44548 0.173789 0.158739
0 0.243648 0.615666 0.266098 0.256072
0 0.760087 0.721697 0.0790863 0.173867
0 0.851103 0.80971 0.10378 0.131109
0 0.279512 0.339314 0.156664 0.109285
0 0.727322 0.489694 0.119203 0.101383
0 0.925891 0.892817 0.0613453 0.175199
0 0.867735 0.554266 0.0553082 0.110473
0 0.0316604 0.937628 0.0633208 0.124745
0 0.0248812 0.946139 0.0497624 0.107722
0 0.247471 0.630568 0.316908 0.312375
0 0.882536 0.678144 0.0758362 0.108491
0 0.681957 0.312752 0.0520966 0.106034
0 0.554036 0.805935 0.207506 0.273485
0 0.414138 0.274145 0.195332 0.187744
0 0.080132 0.449288 0.160264 0.30663
0 0.502046 0.44548 0.173789 0.158739
0 0.243648 0.615666 0.266098 0.256072
0 0.760087 0.721697 0.0790863 0.173867
0 0.851103 0.80971 0.10378 0.131109
0 0.279512 0.339314 0.156664 0.109285
0 0.727322 0.489694 0.119203 0.101383
0 0.925891 0.892817 0.0613453 0.175199
0 0.867735 0.554266 0.0553082 0.110473
0 0.0316604 0.937628 0.0633208 0.124745
0 0.0248812 0.946139 0.0497624 0.107722
0 0.247471 0.630568 0.316908 0.312375
0 0.882536 0.678144 0.0758362 0.108491
0 0.681957 0.312752 0.0520966 0.106034
0 0.50091 0.438596 0.15301 0.155771
0 0.224981 0.620579 0.340464 0.228426
0 0.545043 0.8106 0.190555 0.26861
0 0.0875252 0.446484 0.166087 0.297021
0 0.705009 0.84723 0.136723 0.305539
0 0.413176 0.281558 0.16732 0.209615
0 0.766412 0.744541 0.0743567 0.15902
0 0.923628 0.886355 0.0561779 0.158567
0 0.231067 0.675934 0.33912 0.411555
0 0.301231 0.346945 0.0964932 0.0934511
0 0.682648 0.31277 0.0530823 0.102586
0 0.281559 0.0831381 0.0726967 0.10784
0 0.503226 0.909886 0.0922367 0.157654
0 0.883702 0.682084 0.0754002 0.0902956
0 0.842656 0.814372 0.0940973 0.118585
0 0.521645 0.549861 0.0834341 0.239694
0 0.737939 0.498344 0.147585 0.106385
0 0.404541 0.141004 0.0855354 0.053035
0 0.0323332 0.932185 0.0643546 0.135631
