0 0.488621 0.55003 0.143702 0.235909
0 0.70246 0.920096 0.126887 0.159807
0 0.141468 0.520457 0.165897 0.131253
0 0.289929 0.707387 0.0854684 0.138441
0 0.05408 0.235077 0.10816 0.136854
0 0.140719 0.309652 0.0926614 0.0999264
0 0.0236085 0.431912 0.0469609 0.187814
0 0.488621 0.55003 0.143702 0.235909
0 0.70246 0.920096 0.126887 0.159807
0 0.141468 0.520457 0.165897 0.131253
0 0.289929 0.707387 0.0854684 0.138441
0 0.05408 0.235077 0.10816 0.136854
0 0.140719 0.309652 0.0926614 0.0999264
0 0.0236085 0.431912 0.0469609 0.187814
0 0.491033 0.545771 0.153392 0.237717
0 0.15235 0.52147 0.145361 0.124259
0 0.703054 0.917951 0.144237 0.164099
0 0.286939 0.707056 0.0761333 0.142439
0 0.0262662 0.446817 0.0503346 0.22365
0 0.393153 0.332837 0.0757085 0.0632281
0 0.136386 0.306283 0.0766788 0.08119
