0 0.790095 0.434521 0.165246 0.154718
0 0.472169 0.392799 0.22734 0.255966
0 0.717134 0.571586 0.176153 0.245044
0 0.164402 0.476203 0.181459 0.190252
0 0.136082 0.713902 0.272164 0.341748
0 0.551967 0.741354 0.359986 0.339936
0 0.832182 0.563973 0.111892 0.143585
0 0.131198 0.920005 0.262396 0.15999
0 0.964692 0.747488 0.0644621 0.205007
0 0.896744 0.355182 0.128218 0.113287
0 0.910867 0.553553 0.0885946 0.145137
0 0.695463 0.759588 0.101974 0.145635
0 0.607221 0.782114 0.454554 0.435771
0 0.918859 0.901746 0.127051 0.18499
0 0.608264 0.51692 0.0481342 0.142478
0 0.790095 0.434521 0.165246 0.154718
0 0.472169 0.392799 0.22734 0.255966
0 0.717134 0.571586 0.176153 0.245044
0 0.164402 0.476203 0.181459 0.190252
0 0.136082 0.713902 0.272164 0.341748
0 0.551967 0.741354 0.359986 0.339936
0 0.832182 0.563973 0.111892 0.143585
0 0.131198 0.920005 0.262396 0.15999
0 0.964692 0.747488 0.0644621 0.205007
0 0.896744 0.355182 0.128218 0.113287
0 0.910867 0.553553 0.0885946 0.145137
0 0.695463 0.759588 0.101974 0.145635
0 0.607221 0.782114 0.454554 0.435771
0 0.918859 0.901746 0.127051 0.18499
0 0.608264 0.51692 0.0481342 0.142478
0 0.14023 0.713105 0.280461 0.333069
0 0.788438 0.442244 0.166513 0.144587
0 0.157943 0.487534 0.17813 0.180419
0 0.719729 0.588598 0.175654 0.253496
0 0.470948 0.396867 0.222462 0.241369
0 0.829018 0.571061 0.118216 0.12831
0 0.123677 0.438779 0.0905802 0.16501
0 0.129896 0.915575 0.259792 0.16885
0 0.608466 0.514799 0.0540848 0.13962
0 0.701819 0.764534 0.100163 0.120734
0 0.583784 0.787066 0.38176 0.425869
0 0.34229 0.214139 0.0729866 0.108909
0 0.547296 0.760586 0.408125 0.358412
0 0.915328 0.88857 0.15316 0.187709
0 0.897777 0.357076 0.114593 0.104091
0 0.904638 0.551648 0.131075 0.150758
0 0.740307 0.200947 0.0954466 0.0953694
0 0.96683 0.742455 0.0663406 0.211767
0 0.368591 0.201991 0.135575 0.148549
0 0.0949205 0.923289 0.189841 0.153421
