0 0.306867 0.506438 0.120841 0.101059
0 0.134828 0.71945 0.134931 0.156794
0 0.0479897 0.65702 0.0959793 0.162484
0 0.226038 0.897674 0.188545 0.201809
0 0.434824 0.908923 0.230301 0.182153
0 0.565177 0.898758 0.104996 0.182346
0 0.208972 0.674292 0.049501 0.166355
0 0.591908 0.805273 0.106619 0.180467
0 0.90268 0.327512 0.152377 0.113269
0 0.430045 0.495321 0.126427 0.120681
0 0.1928 0.539159 0.0766645 0.0731784
0 0.901718 0.711323 0.125323 0.201116
0 0.561202 0.560381 0.0703476 0.117453
0 0.306867 0.506438 0.120841 0.101059
0 0.134828 0.71945 0.134931 0.156794
0 0.0479897 0.65702 0.0959793 0.162484
0 0.226038 0.897674 0.188545 0.201809
0 0.434824 0.908923 0.230301 0.182153
0 0.565177 0.898758 0.104996 0.182346
0 0.208972 0.674292 0.049501 0.166355
0 0.591908 0.805273 0.106619 0.180467
0 0.90268 0.327512 0.152377 0.113269
0 0.430045 0.495321 0.126427 0.120681
0 0.1928 0.539159 0.0766645 0.0731784
0 0.901718 0.711323 0.125323 0.201116
0 0.561202 0.560381 0.0703476 0.117453
0 0.311649 0.502889 0.135852 0.0958048
0 0.438371 0.912229 0.210515 0.175541
0 0.229249 0.894629 0.179256 0.199504
0 0.0477025 0.657729 0.0948868 0.167566
0 0.135673 0.719001 0.139568 0.156838
0 0.195147 0.543918 0.0923517 0.0690492
0 0.273157 0.363903 0.140132 0.100248
0 0.58597 0.848392 0.117111 0.274915
0 0.0313602 0.461447 0.0627204 0.0727006
0 0.444714 0.434371 0.0740125 0.0713203
0 0.139721 0.514854 0.0747758 0.0575661
0 0.901348 0.33406 0.141761 0.112735
