0 0.267029 0.278964 0.14218 0.168346
0 0.167031 0.0587714 0.132694 0.113847
0 0.475103 0.231345 0.145428 0.107099
0 0.795413 0.0801388 0.182117 0.149489
0 0.762333 0.730166 0.179991 0.177982
0 0.93273 0.577216 0.12397 0.18034
0 0.955438 0.454409 0.0843693 0.142764
0 0.672117 0.27509 0.136503 0.106701
0 0.312046 0.0495631 0.121939 0.0886019
0 0.874324 0.697829 0.109948 0.245888
0 0.267029 0.278964 0.14218 0.168346
0 0.167031 0.0587714 0.132694 0.113847
0 0.475103 0.231345 0.145428 0.107099
0 0.795413 0.0801388 0.182117 0.149489
0 0.762333 0.730166 0.179991 0.177982
0 0.93273 0.577216 0.12397 0.18034
0 0.955438 0.454409 0.0843693 0.142764
0 0.672117 0.27509 0.136503 0.106701
0 0.312046 0.0495631 0.121939 0.0886019
0 0.874324 0.697829 0.109948 0.245888
0 0.26283 0.274424 0.129371 0.148964
0 0.466985 0.228996 0.155347 0.115389
0 0.768518 0.735421 0.204963 0.177551
0 0.801199 0.0875042 0.18354 0.162815
0 0.665788 0.276179 0.112955 0.10356
0 0.166174 0.0545827 0.119277 0.103428
0 0.906503 0.336459 0.0777931 0.0472403
0 0.955171 0.451454 0.0896578 0.140929
0 0.930895 0.572046 0.10464 0.158083
0 0.972816 0.781113 0.054368 0.139766
0 0.858029 0.726253 0.0883442 0.300742
