0 0.0905191 0.825772 0.181038 0.247177
0 0.461302 0.79751 0.169318 0.15559
0 0.468922 0.616837 0.111111 0.113325
0 0.341978 0.454048 0.13608 0.152829
0 0.854746 0.723597 0.0855278 0.137769
0 0.689252 0.787422 0.125646 0.134932
0 0.550641 0.205272 0.0941532 0.0723352
0 0.464193 0.345839 0.131669 0.141084
0 0.180035 0.275835 0.104366 0.10308
0 0.0905191 0.825772 0.181038 0.247177
0 0.461302 0.79751 0.169318 0.15559
0 0.468922 0.616837 0.111111 0.113325
0 0.341978 0.454048 0.13608 0.152829
0 0.854746 0.723597 0.0855278 0.137769
0 0.689252 0.787422 0.125646 0.134932
0 0.550641 0.205272 0.0941532 0.0723352
0 0.464193 0.345839 0.131669 0.141084
0 0.180035 0.275835 0.104366 0.10308
0 0.343718 0.463133 0.149214 0.138782
0 0.46429 0.795663 0.178553 0.16223
0 0.0877772 0.829863 0.175554 0.205163
0 0.456491 0.61371 0.104372 0.0959267
0 0.857965 0.72221 0.080332 0.124688
0 0.966971 0.736183 0.0660574 0.141922
0 0.347163 0.315239 0.0974299 0.0772149
0 0.214908 0.126205 0.113288 0.0638158
0 0.509119 0.324575 0.0671987 0.0679504
0 0.570698 0.806791 0.0656246 0.0767242
0 0.816511 0.357776 0.0914972 0.0537333
