0 0.115404 0.143267 0.230808 0.286534
0 0.663529 0.590534 0.126855 0.211635
0 0.593719 0.757444 0.135307 0.30092
0 0.900611 0.32693 0.127953 0.102192
0 0.876828 0.840516 0.10289 0.255692
0 0.331118 0.420711 0.0537951 0.146653
0 0.277934 0.0377241 0.0795903 0.0753198
0 0.781926 0.420963 0.0774767 0.0920715
0 0.115404 0.143267 0.230808 0.286534
0 0.663529 0.590534 0.126855 0.211635
0 0.593719 0.757444 0.135307 0.30092
0 0.900611 0.32693 0.127953 0.102192
0 0.876828 0.840516 0.10289 0.255692
0 0.331118 0.420711 0.0537951 0.146653
0 0.277934 0.0377241 0.0795903 0.0753198
0 0.781926 0.420963 0.0774767 0.0920715
0 0.666267 0.591082 0.125375 0.193296
0 0.115741 0.143891 0.231483 0.287781
0 0.899837 0.330196 0.127544 0.10048
0 0.597825 0.758501 0.144982 0.280034
0 0.875554 0.836178 0.108981 0.256824
0 0.78441 0.423603 0.0842114 0.0986051
0 0.333351 0.4228 0.0561706 0.144826
