0 0.418124 0.797996 0.220695 0.327262
0 0.392184 0.257546 0.133955 0.135758
0 0.593527 0.125254 0.153762 0.110644
0 0.535937 0.565966 0.141603 0.142635
0 0.795222 0.375845 0.148445 0.137229
0 0.38093 0.148936 0.0973953 0.0937218
0 0.489933 0.0568968 0.101311 0.0736346
0 0.793521 0.157026 0.114485 0.107744
0 0.29491 0.0346101 0.0757138 0.0586053
0 0.0490086 0.0461908 0.0980171 0.0923817
0 0.29518 0.123907 0.0494855 0.110275
0 0.0978019 0.197215 0.113525 0.092753
0 0.0919093 0.535399 0.078494 0.107618
0 0.418124 0.797996 0.220695 0.327262
0 0.392184 0.257546 0.133955 0.135758
0 0.593527 0.125254 0.153762 0.110644
0 0.535937 0.565966 0.141603 0.142635
0 0.795222 0.375845 0.148445 0.137229
0 0.38093 0.148936 0.0973953 0.0937218
0 0.489933 0.0568968 0.101311 0.0736346
0 0.793521 0.157026 0.114485 0.107744
0 0.29491 0.0346101 0.0757138 0.0586053
0 0.0490086 0.0461908 0.0980171 0.0923817
0 0.29518 0.123907 0.0494855 0.110275
0 0.0978019 0.197215 0.113525 0.092753
0 0.0919093 0.535399 0.078494 0.107618
0 0.582691 0.127483 0.173611 0.11842
0 0.487213 0.0619376 0.111602 0.0791805
0 0.412148 0.802491 0.19047 0.269484
0 0.388052 0.26506 0.135248 0.166992
0 0.790267 0.37808 0.133037 0.143107
0 0.517176 0.592353 0.190598 0.199552
0 0.0594714 0.0506139 0.106348 0.0552306
0 0.16757 0.171214 0.107611 0.152641
0 0.29892 0.109535 0.0704934 0.129124
0 0.150085 0.822579 0.0499326 0.0564165
0 0.795761 0.153868 0.100863 0.0842091
0 0.106296 0.767619 0.0693629 0.0701718
0 0.311743 0.61248 0.0381786 0.0572327
0 0.0266933 0.0790682 0.0533866 0.0699394
0 0.0799965 0.0505736 0.0739249 0.0454431
