0 0.471622 0.17823 0.132701 0.141458
0 0.594052 0.321694 0.27088 0.320588
0 0.839941 0.545834 0.31059 0.338913
0 0.415979 0.269089 0.127389 0.179205
0 0.552293 0.167258 0.101293 0.0834368
0 0.115926 0.268498 0.0695759 0.163308
0 0.466926 0.192149 0.119854 0.18891
0 0.471622 0.17823 0.132701 0.141458
0 0.594052 0.321694 0.27088 0.320588
0 0.839941 0.545834 0.31059 0.338913
0 0.415979 0.269089 0.127389 0.179205
0 0.552293 0.167258 0.101293 0.0834368
0 0.115926 0.268498 0.0695759 0.163308
0 0.466926 0.192149 0.119854 0.18891
0 0.856453 0.553317 0.287093 0.32955
0 0.913127 0.374567 0.170675 0.148097
0 0.41776 0.274203 0.132664 0.158759
0 0.601721 0.32692 0.218783 0.293461
0 0.466711 0.172302 0.123879 0.137313
0 0.0299201 0.789085 0.0594334 0.14356
0 0.744942 0.336657 0.0646156 0.135961
0 0.0342267 0.145319 0.0684533 0.259845
0 0.0269854 0.777684 0.0539708 0.104514
0 0.526796 0.109644 0.118792 0.107263
