0 0.443848 0.0768882 0.125401 0.117406
0 0.341451 0.344161 0.115946 0.115181
0 0.223619 0.289331 0.161232 0.140696
0 0.74426 0.140796 0.113036 0.101621
0 0.138622 0.0864397 0.146041 0.129924
0 0.57683 0.539177 0.0755606 0.147433
0 0.0449465 0.0726603 0.0898929 0.119761
0 0.18002 0.208596 0.0756404 0.110497
0 0.240511 0.0424027 0.0878407 0.0818999
0 0.694198 0.735768 0.0928892 0.302959
0 0.267267 0.0900694 0.0990507 0.0818457
0 0.484395 0.575111 0.139603 0.159869
0 0.430089 0.381394 0.0508005 0.145402
0 0.443848 0.0768882 0.125401 0.117406
0 0.341451 0.344161 0.115946 0.115181
0 0.223619 0.289331 0.161232 0.140696
0 0.74426 0.140796 0.113036 0.101621
0 0.138622 0.0864397 0.146041 0.129924
0 0.57683 0.539177 0.0755606 0.147433
0 0.0449465 0.0726603 0.0898929 0.119761
0 0.18002 0.208596 0.0756404 0.110497
0 0.240511 0.0424027 0.0878407 0.0818999
0 0.694198 0.735768 0.0928892 0.302959
0 0.267267 0.0900694 0.0990507 0.0818457
0 0.484395 0.575111 0.139603 0.159869
0 0.430089 0.381394 0.0508005 0.145402
0 0.228348 0.285142 0.159978 0.159065
0 0.340486 0.336638 0.114697 0.131299
0 0.439643 0.0724102 0.116197 0.112528
0 0.270349 0.0953321 0.133817 0.0840698
0 0.482263 0.590077 0.156479 0.204567
0 0.736379 0.139729 0.121875 0.104231
0 0.676253 0.701193 0.141659 0.363834
0 0.269297 0.094166 0.123114 0.0624804
0 0.141275 0.0936927 0.145601 0.158495
0 0.0497462 0.079859 0.0994855 0.117451
