0 0.423113 0.300934 0.162067 0.168412
0 0.233149 0.466333 0.215766 0.156979
0 0.833373 0.848042 0.333254 0.303915
0 0.690582 0.368009 0.213271 0.234665
0 0.426386 0.823647 0.183999 0.352705
0 0.409172 0.0830193 0.223339 0.165541
0 0.64508 0.517044 0.174661 0.164317
0 0.85395 0.448185 0.116077 0.129324
0 0.284501 0.656584 0.302397 0.226671
0 0.835392 0.102958 0.2634 0.205915
0 0.792459 0.253253 0.148984 0.113241
0 0.346133 0.220384 0.145304 0.114616
0 0.423113 0.300934 0.162067 0.168412
0 0.233149 0.466333 0.215766 0.156979
0 0.833373 0.848042 0.333254 0.303915
0 0.690582 0.368009 0.213271 0.234665
0 0.426386 0.823647 0.183999 0.352705
0 0.409172 0.0830193 0.223339 0.165541
0 0.64508 0.517044 0.174661 0.164317
0 0.85395 0.448185 0.116077 0.129324
0 0.284501 0.656584 0.302397 0.226671
0 0.835392 0.102958 0.2634 0.205915
0 0.792459 0.253253 0.148984 0.113241
0 0.346133 0.220384 0.145304 0.114616
0 0.849081 0.454053 0.126332 0.135006
0 0.425657 0.310705 0.148172 0.186607
0 0.642843 0.521392 0.188073 0.1789
0 0.70858 0.368895 0.200315 0.210482
0 0.422557 0.822647 0.166563 0.354705
0 0.800593 0.852956 0.398813 0.294087
0 0.240134 0.459814 0.230977 0.171327
0 0.357721 0.215447 0.162895 0.135792
0 0.786971 0.255263 0.151305 0.127353
0 0.132851 0.176513 0.265702 0.353025
0 0.824006 0.0980891 0.240259 0.196178
0 0.0333126 0.804257 0.0666252 0.18624
0 0.270915 0.651017 0.322506 0.26593
0 0.608504 0.14179 0.147646 0.117457
0 0.818458 0.0687827 0.217013 0.105297
0 0.0526433 0.141318 0.103765 0.282636
0 0.811518 0.0504382 0.21518 0.100876
0 0.944534 0.522386 0.106743 0.212121
