0 0.580001 0.373365 0.137351 0.127273
0 0.3619 0.284484 0.13684 0.110176
0 0.380569 0.144069 0.0959087 0.0671827
0 0.129041 0.0562295 0.153191 0.0977756
0 0.928455 0.549402 0.143091 0.127045
0 0.720038 0.449008 0.117421 0.196663
0 0.485632 0.086021 0.0995043 0.0815547
0 0.902376 0.885882 0.174064 0.228237
0 0.537077 0.209131 0.0733044 0.0650381
0 0.623966 0.211073 0.0841544 0.0663083
0 0.271672 0.198581 0.0812677 0.0762452
0 0.580001 0.373365 0.137351 0.127273
0 0.3619 0.284484 0.13684 0.110176
0 0.380569 0.144069 0.0959087 0.0671827
0 0.129041 0.0562295 0.153191 0.0977756
0 0.928455 0.549402 0.143091 0.127045
0 0.720038 0.449008 0.117421 0.196663
0 0.485632 0.086021 0.0995043 0.0815547
0 0.902376 0.885882 0.174064 0.228237
0 0.537077 0.209131 0.0733044 0.0650381
0 0.623966 0.211073 0.0841544 0.0663083
0 0.271672 0.198581 0.0812677 0.0762452
0 0.359034 0.288326 0.133932 0.102052
0 0.575071 0.373518 0.120659 0.129765
0 0.925401 0.548455 0.149198 0.121718
0 0.118852 0.0604688 0.190959 0.116074
0 0.720726 0.454188 0.116271 0.197526
0 0.483864 0.0899277 0.0923355 0.0791273
0 0.379997 0.143023 0.0925407 0.0649838
0 0.539303 0.20628 0.0785536 0.0597441
0 0.901197 0.871518 0.171468 0.256964
0 0.270352 0.193515 0.0734355 0.0665247
0 0.626078 0.210772 0.0849063 0.0623992
0 0.0979129 0.0709872 0.195826 0.103177
0 0.203243 0.27518 0.0927412 0.062999
