0 0.0735014 0.409537 0.147003 0.108358
0 0.100094 0.190646 0.138999 0.115436
0 0.316918 0.691893 0.114942 0.175666
0 0.0329922 0.80422 0.0630155 0.202063
0 0.174194 0.429046 0.100855 0.153127
0 0.402843 0.495148 0.114157 0.0965852
0 0.173608 0.253196 0.0771007 0.0745594
0 0.180842 0.671637 0.111678 0.194234
0 0.246712 0.853947 0.181003 0.292105
0 0.117209 0.487999 0.0875446 0.0875146
0 0.249029 0.895427 0.151712 0.209145
0 0.0735014 0.409537 0.147003 0.108358
0 0.100094 0.190646 0.138999 0.115436
0 0.316918 0.691893 0.114942 0.175666
0 0.0329922 0.80422 0.0630155 0.202063
0 0.174194 0.429046 0.100855 0.153127
0 0.402843 0.495148 0.114157 0.0965852
0 0.173608 0.253196 0.0771007 0.0745594
0 0.180842 0.671637 0.111678 0.194234
0 0.246712 0.853947 0.181003 0.292105
0 0.117209 0.487999 0.0875446 0.0875146
0 0.249029 0.895427 0.151712 0.209145
0 0.0988493 0.178628 0.120757 0.0893578
0 0.316322 0.692323 0.107554 0.16465
0 0.0641754 0.409622 0.128351 0.0985816
0 0.170085 0.421535 0.107527 0.147006
0 0.0329433 0.830843 0.0658867 0.205505
0 0.18716 0.682347 0.115411 0.209736
0 0.253726 0.841829 0.184976 0.316343
0 0.116867 0.481953 0.0814704 0.0702455
0 0.403253 0.500613 0.120208 0.0880298
0 0.405935 0.412877 0.11809 0.10758
