0 0.769142 0.419174 0.199986 0.22325
0 0.288248 0.123781 0.280861 0.247561
0 0.848274 0.149814 0.210503 0.189916
0 0.915431 0.546367 0.161597 0.248736
0 0.666518 0.803054 0.13374 0.208715
0 0.951626 0.168883 0.081295 0.12492
0 0.0705403 0.161178 0.131781 0.168041
0 0.977059 0.408877 0.0390007 0.147061
0 0.271112 0.309112 0.279335 0.25612
0 0.201345 0.375923 0.11292 0.129854
0 0.769142 0.419174 0.199986 0.22325
0 0.288248 0.123781 0.280861 0.247561
0 0.848274 0.149814 0.210503 0.189916
0 0.915431 0.546367 0.161597 0.248736
0 0.666518 0.803054 0.13374 0.208715
0 0.951626 0.168883 0.081295 0.12492
0 0.0705403 0.161178 0.131781 0.168041
0 0.977059 0.408877 0.0390007 0.147061
0 0.271112 0.309112 0.279335 0.25612
0 0.201345 0.375923 0.11292 0.129854
0 0.0785373 0.168313 0.157075 0.196483
0 0.840194 0.14912 0.227074 0.187113
0 0.9112 0.90015 0.0997868 0.127212
0 0.677988 0.134496 0.193636 0.179674
0 0.774111 0.443054 0.22619 0.270992
0 0.303666 0.128588 0.236608 0.233526
0 0.908123 0.529024 0.175398 0.221095
0 0.676662 0.789023 0.133548 0.148282
0 0.262663 0.358327 0.272591 0.471985
0 0.619895 0.37741 0.0840678 0.102014
0 0.959947 0.0415425 0.0801058 0.069299
