0 0.17758 0.0482757 0.15612 0.0965514
0 0.390449 0.291129 0.131668 0.119126
0 0.819738 0.436634 0.143371 0.148043
0 0.678736 0.360413 0.098619 0.144988
0 0.213011 0.271779 0.0863368 0.0659155
0 0.428574 0.121109 0.0785413 0.0619771
0 0.530268 0.0694534 0.114177 0.0860118
0 0.306242 0.163716 0.0718353 0.0946842
0 0.976032 0.344904 0.0383518 0.109827
0 0.684632 0.218474 0.0877457 0.0859009
0 0.685936 0.772564 0.0810568 0.282118
0 0.17758 0.0482757 0.15612 0.0965514
0 0.390449 0.291129 0.131668 0.119126
0 0.819738 0.436634 0.143371 0.148043
0 0.678736 0.360413 0.098619 0.144988
0 0.213011 0.271779 0.0863368 0.0659155
0 0.428574 0.121109 0.0785413 0.0619771
0 0.530268 0.0694534 0.114177 0.0860118
0 0.306242 0.163716 0.0718353 0.0946842
0 0.976032 0.344904 0.0383518 0.109827
0 0.684632 0.218474 0.0877457 0.0859009
0 0.685936 0.772564 0.0810568 0.282118
0 0.385739 0.286954 0.126427 0.117565
0 0.819821 0.434422 0.133647 0.148
0 0.675054 0.362349 0.104162 0.143291
0 0.309422 0.161194 0.0713429 0.0836176
0 0.163721 0.0608158 0.188866 0.118385
0 0.217781 0.273549 0.0994838 0.0682239
0 0.582777 0.210599 0.0790878 0.0654124
0 0.426545 0.119151 0.0681641 0.0613919
0 0.52265 0.0702972 0.0836273 0.0614145
0 0.486788 0.0772036 0.058964 0.0437044
0 0.506757 0.0729759 0.0931324 0.054397
0 0.690814 0.76524 0.129788 0.405117
