0 0.0773742 0.412647 0.154748 0.159581
0 0.208819 0.268554 0.150238 0.14901
0 0.122179 0.745476 0.105109 0.243055
0 0.342116 0.517337 0.16927 0.158591
0 0.729875 0.829767 0.383097 0.340466
0 0.130795 0.208379 0.0595026 0.113616
0 0.915666 0.737212 0.0761021 0.269402
0 0.655593 0.224358 0.0950747 0.133175
0 0.710245 0.0638674 0.0806978 0.074418
0 0.0773742 0.412647 0.154748 0.159581
0 0.208819 0.268554 0.150238 0.14901
0 0.122179 0.745476 0.105109 0.243055
0 0.342116 0.517337 0.16927 0.158591
0 0.729875 0.829767 0.383097 0.340466
0 0.130795 0.208379 0.0595026 0.113616
0 0.915666 0.737212 0.0761021 0.269402
0 0.655593 0.224358 0.0950747 0.133175
0 0.710245 0.0638674 0.0806978 0.074418
0 0.212661 0.268341 0.160511 0.158637
0 0.0776571 0.415033 0.155314 0.162379
0 0.348041 0.515785 0.132925 0.155662
0 0.12022 0.74863 0.101787 0.235267
0 0.24043 0.463013 0.119686 0.171783
