0 0.88766 0.708544 0.182177 0.224523
0 0.725225 0.668017 0.172443 0.243339
0 0.40029 0.912382 0.150143 0.175236
0 0.191372 0.532565 0.0711341 0.175605
0 0.449431 0.814433 0.116097 0.120705
0 0.703445 0.931573 0.164237 0.136853
0 0.306521 0.522776 0.106673 0.19001
0 0.19573 0.541741 0.0657726 0.137853
0 0.450138 0.619385 0.116812 0.125932
0 0.0539076 0.565157 0.0882828 0.196806
0 0.655797 0.373391 0.131904 0.156461
0 0.218995 0.806704 0.0783884 0.295293
0 0.415853 0.476011 0.0481192 0.101512
0 0.0736325 0.917174 0.125191 0.165652
0 0.0729924 0.344162 0.085156 0.0760074
0 0.18092 0.492348 0.0632603 0.166495
0 0.972492 0.935837 0.0522919 0.128325
0 0.88766 0.708544 0.182177 0.224523
0 0.725225 0.668017 0.172443 0.243339
0 0.40029 0.912382 0.150143 0.175236
0 0.191372 0.532565 0.0711341 0.175605
0 0.449431 0.814433 0.116097 0.120705
0 0.703445 0.931573 0.164237 0.136853
0 0.306521 0.522776 0.106673 0.19001
0 0.19573 0.541741 0.0657726 0.137853
0 0.450138 0.619385 0.116812 0.125932
0 0.0539076 0.565157 0.0882828 0.196806
0 0.655797 0.373391 0.131904 0.156461
0 0.218995 0.806704 0.0783884 0.295293
0 0.415853 0.476011 0.0481192 0.101512
0 0.0736325 0.917174 0.125191 0.165652
0 0.0729924 0.344162 0.085156 0.0760074
0 0.18092 0.492348 0.0632603 0.166495
0 0.972492 0.935837 0.0522919 0.128325
0 0.44858 0.614567 0.125021 0.117433
0 0.730793 0.679902 0.172205 0.242928
0 0.890181 0.70745 0.167269 0.232739
0 0.446368 0.810628 0.135369 0.125229
0 0.439976 0.311971 0.14278 0.149539
0 0.698444 0.932756 0.140291 0.134488
0 0.407095 0.919529 0.14338 0.160942
0 0.30753 0.52528 0.0923186 0.161599
0 0.202261 0.540999 0.0728772 0.160292
0 0.41465 0.476576 0.0499068 0.100944
0 0.0543554 0.542872 0.097189 0.258779
0 0.652485 0.376199 0.152607 0.177724
0 0.221405 0.800135 0.0632044 0.254991
0 0.41784 0.397262 0.0670199 0.0637705
0 0.192882 0.519426 0.0794385 0.197532
0 0.0700452 0.900026 0.0954157 0.193333
0 0.177824 0.477872 0.059976 0.114714
0 0.226089 0.348394 0.0340946 0.102451
0 0.0366325 0.145115 0.073265 0.10995
0 0.209136 0.804251 0.0873123 0.268075
