0 0.848781 0.647151 0.183433 0.28689
0 0.197654 0.442662 0.133 0.225143
0 0.428864 0.426863 0.0529682 0.157906
0 0.361634 0.452029 0.0743169 0.184712
0 0.203987 0.826168 0.106893 0.324783
0 0.351629 0.191209 0.110999 0.0992405
0 0.391629 0.660295 0.0554101 0.192924
0 0.756649 0.315331 0.133767 0.148681
0 0.917288 0.934842 0.129355 0.130316
0 0.504799 0.558425 0.103984 0.123965
0 0.203448 0.817629 0.138295 0.364742
0 0.702584 0.480241 0.0534131 0.17817
0 0.556714 0.554161 0.0540998 0.0930908
0 0.527416 0.429601 0.0601545 0.088773
0 0.24174 0.124999 0.105686 0.090049
0 0.617657 0.417641 0.0534317 0.106273
0 0.970384 0.496792 0.0527864 0.138057
0 0.12869 0.387533 0.0638827 0.16431
0 0.060633 0.563492 0.0700148 0.0945768
0 0.848781 0.647151 0.183433 0.28689
0 0.197654 0.442662 0.133 0.225143
0 0.428864 0.426863 0.0529682 0.157906
0 0.361634 0.452029 0.0743169 0.184712
0 0.203987 0.826168 0.106893 0.324783
0 0.351629 0.191209 0.110999 0.0992405
0 0.391629 0.660295 0.0554101 0.192924
0 0.756649 0.315331 0.133767 0.148681
0 0.917288 0.934842 0.129355 0.130316
0 0.504799 0.558425 0.103984 0.123965
0 0.203448 0.817629 0.138295 0.364742
0 0.702584 0.480241 0.0534131 0.17817
0 0.556714 0.554161 0.0540998 0.0930908
0 0.527416 0.429601 0.0601545 0.088773
0 0.24174 0.124999 0.105686 0.090049
0 0.617657 0.417641 0.0534317 0.106273
0 0.970384 0.496792 0.0527864 0.138057
0 0.12869 0.387533 0.0638827 0.16431
0 0.060633 0.563492 0.0700148 0.0945768
0 0.202122 0.436887 0.130104 0.213213
0 0.852153 0.657364 0.196748 0.276529
0 0.514142 0.560148 0.106372 0.136343
0 0.427744 0.426959 0.0542437 0.150586
0 0.59892 0.323298 0.0637738 0.0699921
0 0.200192 0.822958 0.109354 0.299725
0 0.351264 0.194154 0.118703 0.0903155
0 0.622559 0.841784 0.111882 0.135384
0 0.526876 0.354664 0.0849106 0.0742862
0 0.529656 0.245609 0.0956826 0.123905
0 0.773247 0.315266 0.124677 0.138861
0 0.140844 0.376847 0.0650322 0.147496
0 0.527901 0.426667 0.0524256 0.0887705
0 0.363548 0.466348 0.0474675 0.173165
0 0.200788 0.0378071 0.136559 0.0756143
0 0.544615 0.856854 0.139665 0.281027
0 0.390105 0.653367 0.0413883 0.204589
0 0.384871 0.272755 0.0501062 0.0927383
0 0.241986 0.124748 0.0949621 0.0787492
0 0.564115 0.554143 0.0581849 0.0829068
