0 0.641432 0.779251 0.116542 0.199128
0 0.934498 0.93588 0.131005 0.12824
0 0.794557 0.712836 0.132419 0.140292
0 0.700528 0.474946 0.211225 0.171592
0 0.910129 0.702983 0.118931 0.119566
0 0.367431 0.640476 0.0511667 0.101939
0 0.311351 0.647205 0.0816397 0.129629
0 0.117493 0.543826 0.151936 0.102383
0 0.0672376 0.442027 0.0943426 0.0681095
0 0.434348 0.518098 0.0365107 0.0880144
0 0.291147 0.652814 0.0447329 0.114534
0 0.324922 0.204848 0.0855054 0.0814509
0 0.898218 0.282894 0.110073 0.079861
0 0.540746 0.533231 0.0466709 0.103196
0 0.481715 0.535436 0.0366636 0.0900165
0 0.89059 0.541186 0.0784757 0.103616
0 0.731261 0.889181 0.0897896 0.19622
0 0.0872508 0.331327 0.0850577 0.082929
0 0.641432 0.779251 0.116542 0.199128
0 0.934498 0.93588 0.131005 0.12824
0 0.794557 0.712836 0.132419 0.140292
0 0.700528 0.474946 0.211225 0.171592
0 0.910129 0.702983 0.118931 0.119566
0 0.367431 0.640476 0.0511667 0.101939
0 0.311351 0.647205 0.0816397 0.129629
0 0.117493 0.543826 0.151936 0.102383
0 0.0672376 0.442027 0.0943426 0.0681095
0 0.434348 0.518098 0.0365107 0.0880144
0 0.291147 0.652814 0.0447329 0.114534
0 0.324922 0.204848 0.0855054 0.0814509
0 0.898218 0.282894 0.110073 0.079861
0 0.540746 0.533231 0.0466709 0.103196
0 0.481715 0.535436 0.0366636 0.0900165
0 0.89059 0.541186 0.0784757 0.103616
0 0.731261 0.889181 0.0897896 0.19622
0 0.0872508 0.331327 0.0850577 0.082929
0 0.789691 0.709308 0.140253 0.141049
0 0.117443 0.552206 0.163782 0.111399
0 0.641469 0.772401 0.115958 0.181982
0 0.930498 0.935052 0.139005 0.129895
0 0.709447 0.492452 0.203756 0.150694
0 0.910937 0.703699 0.0926128 0.112212
0 0.091855 0.33789 0.112293 0.098662
0 0.895716 0.285804 0.113314 0.0780121
0 0.355145 0.479928 0.0721632 0.0803569
0 0.435162 0.518148 0.0367895 0.0875416
0 0.069549 0.445706 0.0799184 0.0528561
0 0.780489 0.568425 0.0701155 0.0600357
0 0.507617 0.416348 0.0720236 0.0564312
0 0.326683 0.208255 0.0796205 0.0648881
0 0.720992 0.576788 0.0666086 0.0630864
0 0.892047 0.542233 0.0778416 0.0812024
