0 0.414997 0.335236 0.149236 0.133982
0 0.518181 0.729977 0.239945 0.364618
0 0.59232 0.294398 0.147017 0.14907
0 0.700475 0.562385 0.170443 0.241056
0 0.0628544 0.3286 0.125709 0.134391
0 0.235645 0.571674 0.101313 0.262933
0 0.069943 0.179489 0.108323 0.0864909
0 0.512704 0.43238 0.0363855 0.118729
0 0.746973 0.0780632 0.0849642 0.0855572
0 0.414997 0.335236 0.149236 0.133982
0 0.518181 0.729977 0.239945 0.364618
0 0.59232 0.294398 0.147017 0.14907
0 0.700475 0.562385 0.170443 0.241056
0 0.0628544 0.3286 0.125709 0.134391
0 0.235645 0.571674 0.101313 0.262933
0 0.069943 0.179489 0.108323 0.0864909
0 0.512704 0.43238 0.0363855 0.118729
0 0.746973 0.0780632 0.0849642 0.0855572
0 0.0609741 0.323778 0.121948 0.136658
0 0.416059 0.339218 0.146479 0.144514
0 0.591674 0.297158 0.167769 0.163203
0 0.697394 0.558336 0.14756 0.255132
0 0.065043 0.181209 0.118268 0.0936817
0 0.546494 0.148625 0.136246 0.104082
0 0.491045 0.741977 0.32154 0.378113
0 0.63985 0.946349 0.0908932 0.107302
0 0.203167 0.516671 0.0549463 0.205699
0 0.694633 0.204479 0.0964552 0.110618
0 0.514195 0.433643 0.0485323 0.130344
0 0.210451 0.227047 0.102372 0.0913908
0 0.780305 0.383963 0.066842 0.116631
0 0.241131 0.421752 0.0444284 0.126849
0 0.356177 0.134703 0.0575842 0.255857
0 0.834953 0.967858 0.168295 0.0642841
