0 0.596443 0.446991 0.125554 0.0900114
0 0.723859 0.287246 0.182554 0.119651
0 0.861567 0.284173 0.176128 0.108552
0 0.0532461 0.577839 0.103456 0.199327
0 0.596443 0.446991 0.125554 0.0900114
0 0.723859 0.287246 0.182554 0.119651
0 0.861567 0.284173 0.176128 0.108552
0 0.0532461 0.577839 0.103456 0.199327
0 0.60114 0.45065 0.115569 0.0846164
0 0.727383 0.29105 0.188141 0.140398
0 0.856253 0.285578 0.207295 0.133831
0 0.0525936 0.575921 0.104865 0.187701
0 0.557483 0.930663 0.0501707 0.0713586
0 0.922412 0.23536 0.126025 0.094721
