0 0.579032 0.823588 0.113279 0.198664
0 0.750127 0.764848 0.140132 0.122649
0 0.653834 0.5396 0.202751 0.212469
0 0.042711 0.503564 0.085422 0.0738925
0 0.862251 0.74916 0.0791641 0.111596
0 0.831661 0.321268 0.109455 0.0934744
0 0.272134 0.704303 0.0446 0.144327
0 0.878318 0.956976 0.173372 0.0860472
0 0.0551328 0.389638 0.0990865 0.0991357
0 0.324163 0.689726 0.0540568 0.109383
0 0.409468 0.56294 0.0427752 0.0756137
0 0.95863 0.911153 0.0827394 0.177693
0 0.764024 0.611904 0.0706038 0.0644384
0 0.954667 0.63344 0.0848393 0.0735212
0 0.0892985 0.620246 0.127311 0.10636
0 0.853686 0.952338 0.154128 0.0953243
0 0.453274 0.556639 0.0404451 0.0754556
0 0.280287 0.698473 0.0537822 0.136586
0 0.848079 0.584649 0.0611816 0.0843122
0 0.500882 0.385493 0.113904 0.106231
0 0.579032 0.823588 0.113279 0.198664
0 0.750127 0.764848 0.140132 0.122649
0 0.653834 0.5396 0.202751 0.212469
0 0.042711 0.503564 0.085422 0.0738925
0 0.862251 0.74916 0.0791641 0.111596
0 0.831661 0.321268 0.109455 0.0934744
0 0.272134 0.704303 0.0446 0.144327
0 0.878318 0.956976 0.173372 0.0860472
0 0.0551328 0.389638 0.0990865 0.0991357
0 0.324163 0.689726 0.0540568 0.109383
0 0.409468 0.56294 0.0427752 0.0756137
0 0.95863 0.911153 0.0827394 0.177693
0 0.764024 0.611904 0.0706038 0.0644384
0 0.954667 0.63344 0.0848393 0.0735212
0 0.0892985 0.620246 0.127311 0.10636
0 0.853686 0.952338 0.154128 0.0953243
0 0.453274 0.556639 0.0404451 0.0754556
0 0.280287 0.698473 0.0537822 0.136586
0 0.848079 0.584649 0.0611816 0.0843122
0 0.500882 0.385493 0.113904 0.106231
0 0.748865 0.766084 0.144142 0.13931
0 0.578177 0.822251 0.109338 0.186414
0 0.0570986 0.397221 0.114197 0.100725
0 0.830316 0.326023 0.10167 0.0888106
0 0.8605 0.746371 0.0800433 0.115483
0 0.0920547 0.633079 0.146859 0.117526
0 0.64658 0.564386 0.213377 0.186336
0 0.0368834 0.503777 0.0737667 0.0681639
0 0.273448 0.702464 0.0483687 0.146849
0 0.333157 0.533587 0.0739471 0.09586
0 0.450142 0.553747 0.047677 0.079569
0 0.40691 0.563385 0.0476138 0.075275
0 0.48409 0.471425 0.0705556 0.0568231
0 0.326156 0.688754 0.057457 0.0959696
0 0.285455 0.563976 0.0625331 0.067717
0 0.365267 0.585678 0.0549711 0.0528306
0 0.875214 0.953984 0.185626 0.0920311
0 0.207934 0.453609 0.0956171 0.075306
0 0.957499 0.925839 0.0819847 0.148322
