0 0.520765 0.463289 0.229058 0.228895
0 0.382776 0.615685 0.157743 0.197902
0 0.525184 0.271089 0.151612 0.151265
0 0.248455 0.311121 0.100246 0.21226
0 0.750362 0.890702 0.340438 0.218596
0 0.0892497 0.510411 0.124052 0.174615
0 0.520765 0.463289 0.229058 0.228895
0 0.382776 0.615685 0.157743 0.197902
0 0.525184 0.271089 0.151612 0.151265
0 0.248455 0.311121 0.100246 0.21226
0 0.750362 0.890702 0.340438 0.218596
0 0.0892497 0.510411 0.124052 0.174615
0 0.529108 0.267136 0.15283 0.157232
0 0.388036 0.611528 0.167061 0.202832
0 0.521297 0.469134 0.217183 0.247191
0 0.24777 0.32461 0.104436 0.244954
0 0.873307 0.194846 0.100297 0.0780184
0 0.780764 0.893413 0.329892 0.211329
0 0.819587 0.247854 0.0796555 0.0864718
