0 0.930963 0.42061 0.134593 0.182132
0 0.696076 0.135591 0.122993 0.134133
0 0.140411 0.162002 0.182652 0.139243
0 0.807905 0.612318 0.0869745 0.224176
0 0.854609 0.80088 0.175842 0.216678
0 0.664318 0.550906 0.0923494 0.105376
0 0.923898 0.597876 0.137522 0.152189
0 0.154501 0.167257 0.223282 0.162736
0 0.823635 0.0781122 0.067576 0.128759
0 0.484786 0.117704 0.330549 0.235408
0 0.930963 0.42061 0.134593 0.182132
0 0.696076 0.135591 0.122993 0.134133
0 0.140411 0.162002 0.182652 0.139243
0 0.807905 0.612318 0.0869745 0.224176
0 0.854609 0.80088 0.175842 0.216678
0 0.664318 0.550906 0.0923494 0.105376
0 0.923898 0.597876 0.137522 0.152189
0 0.154501 0.167257 0.223282 0.162736
0 0.823635 0.0781122 0.067576 0.128759
0 0.484786 0.117704 0.330549 0.235408
0 0.142202 0.164506 0.180143 0.154518
0 0.699825 0.131924 0.128276 0.149726
0 0.816346 0.609222 0.0854824 0.21787
0 0.480932 0.0723267 0.192212 0.144653
0 0.336296 0.526199 0.0620456 0.15376
0 0.0573843 0.0480512 0.104309 0.0961024
0 0.590497 0.0682465 0.143113 0.136493
0 0.947643 0.591717 0.104713 0.191585
0 0.9306 0.420705 0.128406 0.154804
