0 0.904148 0.506119 0.186291 0.172975
0 0.806572 0.540453 0.190183 0.228008
0 0.330933 0.275461 0.147248 0.178325
0 0.145304 0.853605 0.290608 0.292789
0 0.354501 0.568291 0.123006 0.211208
0 0.744546 0.208496 0.109745 0.114941
0 0.690356 0.704835 0.123084 0.153868
0 0.209575 0.335605 0.190958 0.257356
0 0.491425 0.710497 0.088349 0.129335
0 0.472751 0.347075 0.0813948 0.117521
0 0.288334 0.101128 0.222634 0.202256
0 0.604431 0.512802 0.185099 0.203439
0 0.298595 0.167185 0.0927918 0.0652615
0 0.243284 0.673096 0.1036 0.108634
0 0.625264 0.736204 0.0739302 0.143549
0 0.548562 0.404423 0.0853896 0.137067
0 0.359913 0.586629 0.148307 0.295821
0 0.93232 0.236363 0.0806366 0.117647
0 0.904148 0.506119 0.186291 0.172975
0 0.806572 0.540453 0.190183 0.228008
0 0.330933 0.275461 0.147248 0.178325
0 0.145304 0.853605 0.290608 0.292789
0 0.354501 0.568291 0.123006 0.211208
0 0.744546 0.208496 0.109745 0.114941
0 0.690356 0.704835 0.123084 0.153868
0 0.209575 0.335605 0.190958 0.257356
0 0.491425 0.710497 0.088349 0.129335
0 0.472751 0.347075 0.0813948 0.117521
0 0.288334 0.101128 0.222634 0.202256
0 0.604431 0.512802 0.185099 0.203439
0 0.298595 0.167185 0.0927918 0.0652615
0 0.243284 0.673096 0.1036 0.108634
0 0.625264 0.736204 0.0739302 0.143549
0 0.548562 0.404423 0.0853896 0.137067
0 0.359913 0.586629 0.148307 0.295821
0 0.93232 0.236363 0.0806366 0.117647
0 0.903454 0.517042 0.193092 0.21187
0 0.823899 0.549985 0.196951 0.2395
0 0.469319 0.346205 0.0787277 0.123011
0 0.138593 0.878856 0.274965 0.234128
0 0.375026 0.594801 0.176334 0.304181
0 0.32391 0.28526 0.170207 0.20066
0 0.490016 0.70955 0.0849888 0.102993
0 0.308687 0.0940592 0.150275 0.151125
0 0.223403 0.736068 0.0488132 0.0561805
0 0.557101 0.404379 0.0830473 0.129215
0 0.631953 0.534925 0.221789 0.237818
0 0.933571 0.237638 0.0754307 0.104048
0 0.216644 0.331727 0.1542 0.239492
0 0.692659 0.0989305 0.0710655 0.0621646
