0 0.53082 0.427943 0.21132 0.162449
0 0.58891 0.847478 0.252161 0.301665
0 0.389856 0.2532 0.188413 0.177857
0 0.26092 0.634859 0.316439 0.232536
0 0.958724 0.862879 0.0704002 0.189146
0 0.291189 0.342172 0.130641 0.107438
0 0.794222 0.697298 0.0764362 0.16001
0 0.897438 0.650225 0.104661 0.15936
0 0.239817 0.221119 0.104252 0.0843567
0 0.833009 0.600779 0.0612598 0.106557
0 0.381406 0.232391 0.169178 0.145917
0 0.8768 0.798251 0.10183 0.162599
0 0.53082 0.427943 0.21132 0.162449
0 0.58891 0.847478 0.252161 0.301665
0 0.389856 0.2532 0.188413 0.177857
0 0.26092 0.634859 0.316439 0.232536
0 0.958724 0.862879 0.0704002 0.189146
0 0.291189 0.342172 0.130641 0.107438
0 0.794222 0.697298 0.0764362 0.16001
0 0.897438 0.650225 0.104661 0.15936
0 0.239817 0.221119 0.104252 0.0843567
0 0.833009 0.600779 0.0612598 0.106557
0 0.381406 0.232391 0.169178 0.145917
0 0.8768 0.798251 0.10183 0.162599
0 0.526046 0.426178 0.185034 0.155146
0 0.299007 0.34244 0.136376 0.108982
0 0.559089 0.849079 0.298816 0.301841
0 0.269975 0.666962 0.384331 0.293661
0 0.963227 0.856601 0.0626705 0.175491
0 0.793703 0.694821 0.0783993 0.188793
0 0.774605 0.489975 0.152084 0.116326
0 0.754287 0.802457 0.10146 0.335412
0 0.403162 0.261234 0.154577 0.188709
0 0.899233 0.644945 0.097847 0.129415
0 0.198495 0.614097 0.213869 0.178005
0 0.405168 0.124078 0.0698939 0.0527779
