0 0.370353 0.581451 0.162869 0.272033
0 0.531927 0.504802 0.127201 0.244633
0 0.70516 0.643283 0.101462 0.236035
0 0.684815 0.897872 0.127432 0.197679
0 0.952848 0.791622 0.0943041 0.295428
0 0.193035 0.970399 0.176963 0.0592022
0 0.815174 0.331962 0.052965 0.10663
0 0.338503 0.222062 0.11905 0.103585
0 0.370353 0.581451 0.162869 0.272033
0 0.531927 0.504802 0.127201 0.244633
0 0.70516 0.643283 0.101462 0.236035
0 0.684815 0.897872 0.127432 0.197679
0 0.952848 0.791622 0.0943041 0.295428
0 0.193035 0.970399 0.176963 0.0592022
0 0.815174 0.331962 0.052965 0.10663
0 0.338503 0.222062 0.11905 0.103585
0 0.371445 0.593628 0.157464 0.242289
0 0.706157 0.644974 0.101249 0.213255
0 0.537257 0.510266 0.127509 0.232121
0 0.952211 0.795629 0.0955778 0.260644
0 0.344906 0.213374 0.122994 0.115627
0 0.675008 0.878062 0.134751 0.243876
0 0.656076 0.33742 0.0661298 0.0929897
0 0.95279 0.768006 0.092444 0.184363
