0 0.822161 0.185927 0.215458 0.15401
0 0.596949 0.363981 0.129278 0.100927
0 0.6433 0.199937 0.153885 0.112032
0 0.646865 0.293839 0.104201 0.0707628
0 0.961557 0.319485 0.076886 0.126987
0 0.920327 0.0824321 0.12089 0.0800626
0 0.139454 0.10032 0.215331 0.200641
0 0.822161 0.185927 0.215458 0.15401
0 0.596949 0.363981 0.129278 0.100927
0 0.6433 0.199937 0.153885 0.112032
0 0.646865 0.293839 0.104201 0.0707628
0 0.961557 0.319485 0.076886 0.126987
0 0.920327 0.0824321 0.12089 0.0800626
0 0.139454 0.10032 0.215331 0.200641
0 0.596209 0.361412 0.125071 0.095988
0 0.656255 0.298975 0.0993601 0.0683406
0 0.649843 0.194997 0.145809 0.120108
0 0.825058 0.187762 0.226276 0.161441
0 0.961958 0.305235 0.075805 0.189897
0 0.0785408 0.0424613 0.152943 0.0849226
