0 0.716416 0.657479 0.24584 0.329222
0 0.13829 0.703862 0.238251 0.187532
0 0.318332 0.898323 0.21866 0.203354
0 0.612092 0.0880481 0.221114 0.176096
0 0.655061 0.218919 0.137124 0.111258
0 0.520582 0.483573 0.146138 0.133324
0 0.927351 0.368567 0.144191 0.175148
0 0.466083 0.339273 0.221157 0.164671
0 0.0645188 0.0586499 0.105378 0.0747017
0 0.720192 0.409794 0.1087 0.13334
0 0.488108 0.327598 0.183334 0.134104
0 0.913359 0.522437 0.0778328 0.107648
0 0.268136 0.509805 0.0779699 0.193881
0 0.274912 0.102744 0.149188 0.121851
0 0.451861 0.690349 0.138002 0.152151
0 0.417865 0.575289 0.253289 0.171029
0 0.978268 0.630974 0.0434649 0.192972
0 0.979445 0.60484 0.0408402 0.16153
0 0.3964 0.399243 0.074441 0.135243
0 0.716416 0.657479 0.24584 0.329222
0 0.13829 0.703862 0.238251 0.187532
0 0.318332 0.898323 0.21866 0.203354
0 0.612092 0.0880481 0.221114 0.176096
0 0.655061 0.218919 0.137124 0.111258
0 0.520582 0.483573 0.146138 0.133324
0 0.927351 0.368567 0.144191 0.175148
0 0.466083 0.339273 0.221157 0.164671
0 0.0645188 0.0586499 0.105378 0.0747017
0 0.720192 0.409794 0.1087 0.13334
0 0.488108 0.327598 0.183334 0.134104
0 0.913359 0.522437 0.0778328 0.107648
0 0.268136 0.509805 0.0779699 0.193881
0 0.274912 0.102744 0.149188 0.121851
0 0.451861 0.690349 0.138002 0.152151
0 0.417865 0.575289 0.253289 0.171029
0 0.978268 0.630974 0.0434649 0.192972
0 0.979445 0.60484 0.0408402 0.16153
0 0.3964 0.399243 0.074441 0.135243
0 0.661379 0.232484 0.143133 0.11966
0 0.723821 0.673843 0.235342 0.313482
0 0.475419 0.325526 0.179105 0.146866
0 0.519651 0.47066 0.142681 0.163122
0 0.607357 0.0561378 0.191134 0.112276
0 0.842254 0.119889 0.12052 0.067081
0 0.141976 0.69943 0.233276 0.191975
0 0.26913 0.110734 0.185752 0.155942
0 0.424161 0.699811 0.168159 0.195891
0 0.310017 0.886272 0.245922 0.227456
0 0.932117 0.371745 0.131955 0.170215
0 0.273647 0.583348 0.175302 0.400353
0 0.0681577 0.0519974 0.0868171 0.0895893
