0 0.924917 0.0627837 0.150166 0.103486
0 0.755131 0.404603 0.360373 0.33927
0 0.535895 0.0705786 0.215923 0.141157
0 0.0795229 0.332012 0.118087 0.192068
0 0.104856 0.692933 0.0935711 0.291836
0 0.798702 0.191137 0.119024 0.0894808
0 0.763847 0.401988 0.30251 0.272947
0 0.55478 0.0534421 0.193926 0.106884
0 0.924917 0.0627837 0.150166 0.103486
0 0.755131 0.404603 0.360373 0.33927
0 0.535895 0.0705786 0.215923 0.141157
0 0.0795229 0.332012 0.118087 0.192068
0 0.104856 0.692933 0.0935711 0.291836
0 0.798702 0.191137 0.119024 0.0894808
0 0.763847 0.401988 0.30251 0.272947
0 0.55478 0.0534421 0.193926 0.106884
0 0.246942 0.156006 0.114091 0.108797
0 0.755152 0.407216 0.339124 0.326688
0 0.561109 0.0508789 0.174698 0.101758
0 0.0470642 0.0288972 0.0940284 0.0577944
0 0.79467 0.197432 0.133452 0.0943011
0 0.927367 0.061056 0.137242 0.0838241
0 0.876267 0.154861 0.124162 0.0818978
0 0.152576 0.229539 0.123778 0.0906646
0 0.300612 0.0358785 0.104097 0.0692492
0 0.580736 0.39681 0.0890311 0.10084
0 0.149604 0.250212 0.128065 0.130583
0 0.234624 0.0397971 0.0682862 0.0765007
