0 0.134243 0.141637 0.251977 0.283275
0 0.678581 0.580756 0.135449 0.217661
0 0.916009 0.311284 0.133124 0.110058
0 0.61779 0.761745 0.13571 0.293351
0 0.898248 0.837274 0.106862 0.25636
0 0.798384 0.410867 0.0880948 0.0995209
0 0.346364 0.41565 0.050275 0.167782
0 0.134243 0.141637 0.251977 0.283275
0 0.678581 0.580756 0.135449 0.217661
0 0.916009 0.311284 0.133124 0.110058
0 0.61779 0.761745 0.13571 0.293351
0 0.898248 0.837274 0.106862 0.25636
0 0.798384 0.410867 0.0880948 0.0995209
0 0.346364 0.41565 0.050275 0.167782
0 0.135425 0.143518 0.246912 0.287036
0 0.916052 0.317059 0.132464 0.108315
0 0.67885 0.579773 0.131839 0.197556
0 0.623862 0.758421 0.138388 0.271935
0 0.893358 0.838336 0.108236 0.26754
0 0.79823 0.414375 0.0836231 0.0966649
0 0.593203 0.442188 0.0890486 0.0695282
0 0.390296 0.169602 0.0684319 0.0994731
0 0.348439 0.425105 0.0583361 0.151286
