0 0.710795 0.254004 0.130989 0.0926761
0 0.448174 0.361122 0.125886 0.16767
0 0.100917 0.861941 0.197711 0.276117
0 0.571762 0.243148 0.114452 0.085827
0 0.322899 0.0894133 0.114237 0.091509
0 0.0510442 0.240318 0.102088 0.190599
0 0.952513 0.800458 0.0949743 0.30929
0 0.202847 0.080424 0.0892132 0.0646347
0 0.947743 0.167918 0.104515 0.194846
0 0.0459122 0.382947 0.0915597 0.14312
0 0.8862 0.0535713 0.152863 0.0940889
0 0.798821 0.300786 0.137996 0.111514
0 0.710795 0.254004 0.130989 0.0926761
0 0.448174 0.361122 0.125886 0.16767
0 0.100917 0.861941 0.197711 0.276117
0 0.571762 0.243148 0.114452 0.085827
0 0.322899 0.0894133 0.114237 0.091509
0 0.0510442 0.240318 0.102088 0.190599
0 0.952513 0.800458 0.0949743 0.30929
0 0.202847 0.080424 0.0892132 0.0646347
0 0.947743 0.167918 0.104515 0.194846
0 0.0459122 0.382947 0.0915597 0.14312
0 0.8862 0.0535713 0.152863 0.0940889
0 0.798821 0.300786 0.137996 0.111514
0 0.571223 0.251056 0.118903 0.10064
0 0.445374 0.353878 0.116449 0.160731
0 0.945282 0.157115 0.107352 0.14586
0 0.325687 0.0915278 0.107663 0.0919354
0 0.707543 0.252052 0.168061 0.0937993
0 0.943698 0.77428 0.112605 0.276034
0 0.797418 0.303721 0.105319 0.115855
0 0.0505205 0.222989 0.0993959 0.212048
0 0.0298995 0.785647 0.0597991 0.218908
0 0.893372 0.0537824 0.137001 0.09439
0 0.280257 0.13401 0.0608019 0.0481102
