0 0.219355 0.548416 0.186755 0.171558
0 0.354539 0.283026 0.163351 0.131318
0 0.210195 0.900832 0.13378 0.198336
0 0.814541 0.888892 0.0961465 0.222216
0 0.0490996 0.170155 0.0981992 0.123394
0 0.430381 0.197226 0.138849 0.173444
0 0.597791 0.155647 0.144096 0.120636
0 0.706763 0.275637 0.177346 0.153953
0 0.20772 0.0497835 0.167827 0.0995669
0 0.712967 0.414732 0.114811 0.219123
0 0.869943 0.346811 0.122588 0.14801
0 0.104108 0.508111 0.0918352 0.183232
0 0.305047 0.19055 0.117585 0.161763
0 0.652308 0.795438 0.0989909 0.218312
0 0.695869 0.255697 0.151767 0.124819
0 0.417417 0.843023 0.0852676 0.210022
0 0.456325 0.3333 0.116741 0.141327
0 0.945357 0.544221 0.09702 0.241419
0 0.849282 0.478788 0.133771 0.108347
0 0.219355 0.548416 0.186755 0.171558
0 0.354539 0.283026 0.163351 0.131318
0 0.210195 0.900832 0.13378 0.198336
0 0.814541 0.888892 0.0961465 0.222216
0 0.0490996 0.170155 0.0981992 0.123394
0 0.430381 0.197226 0.138849 0.173444
0 0.597791 0.155647 0.144096 0.120636
0 0.706763 0.275637 0.177346 0.153953
0 0.20772 0.0497835 0.167827 0.0995669
0 0.712967 0.414732 0.114811 0.219123
0 0.869943 0.346811 0.122588 0.14801
0 0.104108 0.508111 0.0918352 0.183232
0 0.305047 0.19055 0.117585 0.161763
0 0.652308 0.795438 0.0989909 0.218312
0 0.695869 0.255697 0.151767 0.124819
0 0.417417 0.843023 0.0852676 0.210022
0 0.456325 0.3333 0.116741 0.141327
0 0.945357 0.544221 0.09702 0.241419
0 0.849282 0.478788 0.133771 0.108347
0 0.216095 0.549499 0.191585 0.172786
0 0.660194 0.820592 0.0938558 0.169883
0 0.188396 0.0504916 0.179894 0.100983
0 0.853555 0.352309 0.141022 0.169083
0 0.714539 0.437958 0.141676 0.234254
0 0.0470374 0.16883 0.0940748 0.111298
0 0.416287 0.193082 0.166343 0.15995
0 0.301666 0.0296106 0.15029 0.0592211
0 0.220822 0.8977 0.135722 0.204601
0 0.706514 0.260729 0.16794 0.144002
0 0.60558 0.179908 0.193861 0.175509
0 0.347999 0.286043 0.188502 0.147639
0 0.587667 0.37885 0.0643256 0.0954052
0 0.604919 0.156341 0.170753 0.119919
0 0.625374 0.753873 0.0708998 0.160667
0 0.944069 0.680308 0.1067 0.145581
