0 0.798177 0.862963 0.334896 0.274074
0 0.504427 0.906481 0.128646 0.187037
0 0.186458 0.674537 0.367708 0.250926
0 0.106250 0.550926 0.211458 0.300000
0 0.093229 0.308333 0.185417 0.248148
0 0.177604 0.206019 0.293750 0.410185
0 0.436458 0.280093 0.308333 0.319444
0 0.340885 0.046296 0.182812 0.090741
0 0.882552 0.482407 0.145313 0.125926
0 0.865104 0.644444 0.210417 0.146296
0 0.664844 0.337500 0.077604 0.091667
0 0.861198 0.237500 0.277604 0.334259
0 0.929948 0.347685 0.140104 0.160185
0 0.879948 0.098611 0.229687 0.195370
