0 0.644531 0.656944 0.213021 0.176852
0 0.816927 0.592130 0.104688 0.265741
0 0.894531 0.494444 0.086979 0.153704
0 0.940625 0.700463 0.118750 0.095370
0 0.649479 0.336111 0.121875 0.111111
0 0.606510 0.224074 0.115104 0.105556
0 0.770052 0.221296 0.175521 0.175926
0 0.414323 0.167593 0.165104 0.122222
0 0.311979 0.123148 0.177083 0.111111
0 0.128906 0.155093 0.172396 0.162037
0 0.951042 0.441667 0.097917 0.162963
0 0.921615 0.353704 0.053646 0.096296
0 0.866406 0.279630 0.077604 0.059259
0 0.871615 0.086574 0.070312 0.119444
