0 0.825781 0.934259 0.202604 0.131481
0 0.861979 0.785185 0.255208 0.237037
0 0.879687 0.483796 0.102083 0.245370
0 0.814323 0.401389 0.090104 0.093519
0 0.871875 0.298611 0.101042 0.087963
0 0.875260 0.171759 0.122396 0.095370
0 0.754948 0.100000 0.086979 0.072222
0 0.885938 0.053704 0.052083 0.105556
0 0.954688 0.136111 0.090625 0.144444
0 0.958333 0.325463 0.083333 0.091667
0 0.683073 0.235185 0.097396 0.098148
0 0.570573 0.311574 0.085938 0.139815
0 0.553646 0.116667 0.131250 0.092593
0 0.422917 0.117130 0.131250 0.195370
0 0.300521 0.125926 0.113542 0.146296
0 0.348698 0.477315 0.236979 0.225000
0 0.513802 0.445833 0.095312 0.121296
0 0.506510 0.836111 0.274479 0.268519
0 0.280208 0.768056 0.553125 0.463889
0 0.089583 0.313426 0.087500 0.276852
0 0.226562 0.121296 0.081250 0.070370
0 0.480208 0.262500 0.091667 0.089815
0 0.754167 0.283333 0.076042 0.100000
