0 0.286979 0.607870 0.168750 0.319444
0 0.457031 0.605556 0.094271 0.316667
0 0.605469 0.518981 0.055729 0.252778
0 0.932552 0.671759 0.121354 0.206481
0 0.943229 0.333796 0.113542 0.167593
0 0.942969 0.462963 0.080729 0.124074
0 0.753646 0.052315 0.108333 0.082407
0 0.483073 0.246759 0.174479 0.173148
0 0.442448 0.325000 0.106771 0.144444
0 0.655469 0.940278 0.143229 0.119444
0 0.509635 0.896296 0.146354 0.207407
0 0.132292 0.613426 0.069792 0.213889
0 0.110937 0.451389 0.106250 0.189815
0 0.194010 0.364815 0.075521 0.148148
0 0.033854 0.315741 0.066667 0.124074
0 0.148438 0.204167 0.058333 0.167593
0 0.228125 0.240278 0.071875 0.106481
0 0.064062 0.191204 0.061458 0.115741
0 0.079167 0.107407 0.057292 0.077778
0 0.530729 0.136574 0.103125 0.112037
0 0.625260 0.105556 0.094271 0.098148
0 0.682292 0.180556 0.153125 0.107407
0 0.733854 0.330556 0.096875 0.151852
0 0.869010 0.289815 0.042188 0.081481
