0 0.723437 0.357407 0.312500 0.229630
0 0.713281 0.737500 0.160938 0.289815
0 0.538802 0.366204 0.121354 0.132407
0 0.228646 0.531019 0.267708 0.243519
0 0.465104 0.225000 0.146875 0.157407
0 0.671875 0.128704 0.083333 0.144444
0 0.711198 0.112500 0.073438 0.078704
0 0.625000 0.210185 0.098958 0.064815
0 0.577604 0.179167 0.066667 0.071296
0 0.202083 0.062963 0.198958 0.124074
0 0.804948 0.267593 0.088021 0.057407
0 0.900781 0.352778 0.106771 0.081481
0 0.905990 0.319444 0.048438 0.088889
0 0.966146 0.108796 0.056250 0.158333
