0 0.745313 0.816204 0.111458 0.200926
0 0.620313 0.896759 0.083333 0.206481
0 0.475260 0.845370 0.046354 0.196296
0 0.356510 0.776389 0.068229 0.136111
0 0.859896 0.925463 0.136458 0.149074
0 0.782813 0.783796 0.092708 0.163889
0 0.891927 0.744444 0.089063 0.144444
0 0.620052 0.558333 0.149479 0.188889
0 0.591927 0.626852 0.118229 0.114815
0 0.504687 0.628704 0.041667 0.085185
0 0.571875 0.735648 0.087500 0.089815
0 0.917969 0.675000 0.053646 0.092593
0 0.970573 0.454630 0.058854 0.138889
0 0.731510 0.590278 0.061979 0.108333
0 0.658854 0.478704 0.123958 0.138889
0 0.690625 0.431019 0.117708 0.134259
0 0.782813 0.461111 0.079167 0.062963
0 0.810156 0.416204 0.081771 0.047222
0 0.856250 0.493981 0.031250 0.073148
0 0.919531 0.549537 0.036979 0.086111
0 0.522917 0.125000 0.077083 0.050000
0 0.486979 0.496759 0.095833 0.189815
0 0.500000 0.443981 0.042708 0.093519
0 0.389323 0.597222 0.051562 0.148148
0 0.375260 0.310185 0.053646 0.168519
0 0.349479 0.385648 0.071875 0.076852
0 0.203125 0.454167 0.061458 0.258333
0 0.181771 0.286574 0.122917 0.126852
0 0.276562 0.268981 0.077083 0.049074
0 0.113281 0.394907 0.104688 0.084259
0 0.035937 0.346296 0.070833 0.101852
0 0.108333 0.162963 0.071875 0.059259
0 0.131510 0.220833 0.093229 0.060185
0 0.429427 0.349074 0.089063 0.070370
0 0.419531 0.435648 0.049479 0.149074
0 0.533594 0.294444 0.111979 0.083333
