0 0.847656 0.797222 0.114062 0.237037
0 0.565885 0.732407 0.132812 0.250000
0 0.640885 0.568056 0.133854 0.197222
0 0.762500 0.409722 0.080208 0.099074
0 0.878906 0.313426 0.111979 0.099074
0 0.872656 0.403704 0.072396 0.088889
0 0.588802 0.372222 0.122396 0.094444
0 0.570052 0.453704 0.081771 0.079630
0 0.311458 0.407870 0.068750 0.149074
0 0.357292 0.269444 0.045833 0.096296
0 0.097396 0.133333 0.193750 0.264815
0 0.378906 0.164352 0.071354 0.087963
0 0.491146 0.130093 0.072917 0.078704
0 0.713281 0.097222 0.041146 0.055556
0 0.595573 0.246296 0.059896 0.090741
