0 0.189844 0.379167 0.370312 0.395370
0 0.435937 0.369444 0.152083 0.162963
0 0.677083 0.481481 0.230208 0.229630
0 0.840365 0.940278 0.319271 0.119444
0 0.543750 0.437963 0.087500 0.124074
0 0.604948 0.254167 0.181771 0.204630
0 0.472135 0.218981 0.166146 0.225000
0 0.337500 0.105556 0.096875 0.079630
0 0.277083 0.119907 0.133333 0.237963
0 0.226302 0.173611 0.088021 0.108333
0 0.820312 0.330556 0.116667 0.094444
0 0.728385 0.248148 0.106771 0.079630
0 0.915365 0.254167 0.120313 0.102778
0 0.953385 0.428704 0.093229 0.124074
0 0.730469 0.116204 0.084896 0.134259
0 0.868490 0.146296 0.063021 0.075926
