0 0.805469 0.788426 0.223438 0.125000
0 0.965625 0.705556 0.068750 0.148148
0 0.854948 0.536574 0.103646 0.112037
0 0.779687 0.374537 0.100000 0.102778
0 0.692448 0.368056 0.080729 0.108333
0 0.735938 0.284722 0.086458 0.075000
0 0.734635 0.185185 0.072396 0.053704
0 0.927604 0.359259 0.087500 0.081481
0 0.682552 0.495833 0.060937 0.139815
0 0.615365 0.422685 0.111979 0.132407
0 0.484115 0.387500 0.040104 0.071296
0 0.438281 0.273611 0.074479 0.063889
0 0.341146 0.359259 0.147917 0.135185
0 0.347396 0.259259 0.051042 0.109259
0 0.229427 0.174074 0.101562 0.064815
0 0.041667 0.387037 0.082292 0.124074
0 0.060677 0.233333 0.120313 0.081481
0 0.150781 0.168981 0.053646 0.063889
0 0.183594 0.053704 0.106771 0.064815
0 0.433073 0.166667 0.063021 0.066667
0 0.637760 0.195833 0.042188 0.058333
