0 0.750521 0.932407 0.130208 0.135185
0 0.714063 0.633333 0.063542 0.301852
0 0.619271 0.643981 0.146875 0.300926
0 0.411719 0.617593 0.291146 0.288889
0 0.508073 0.371759 0.133854 0.186111
0 0.564583 0.282870 0.139583 0.113889
0 0.270573 0.364352 0.093229 0.175000
0 0.237240 0.291204 0.176563 0.093519
0 0.260677 0.226389 0.134896 0.073148
0 0.296875 0.160185 0.094792 0.075926
0 0.184115 0.125926 0.129688 0.150000
0 0.486719 0.034722 0.093229 0.067593
0 0.580990 0.069907 0.057813 0.076852
0 0.637240 0.156944 0.027604 0.086111
0 0.849740 0.542593 0.108854 0.120370
0 0.828125 0.856944 0.110417 0.239815
0 0.913802 0.819907 0.082812 0.191667
0 0.939583 0.659722 0.096875 0.062037
0 0.916927 0.580556 0.072396 0.098148
0 0.966667 0.603241 0.066667 0.091667
0 0.837500 0.307407 0.072917 0.114815
