0 0.445052 0.820833 0.194271 0.247222
0 0.498177 0.721759 0.171354 0.237963
0 0.545833 0.641667 0.128125 0.190741
0 0.627865 0.826389 0.118229 0.184259
0 0.716667 0.919907 0.088542 0.160185
0 0.717448 0.828704 0.153646 0.129630
0 0.142708 0.711574 0.223958 0.176852
0 0.187500 0.600926 0.165625 0.216667
0 0.250521 0.489815 0.068750 0.075926
0 0.312760 0.496759 0.079687 0.106481
0 0.247917 0.376389 0.188542 0.160185
0 0.114062 0.321759 0.098958 0.110185
0 0.088021 0.229167 0.112500 0.084259
0 0.129688 0.154630 0.060417 0.042593
0 0.316406 0.177778 0.077604 0.088889
0 0.230729 0.115741 0.076042 0.074074
0 0.247396 0.197222 0.063542 0.079630
0 0.541146 0.467593 0.052083 0.122222
0 0.751042 0.458796 0.117708 0.165741
0 0.691927 0.673611 0.117188 0.221296
0 0.611198 0.602778 0.060937 0.161111
0 0.420312 0.509722 0.028125 0.154630
0 0.373437 0.481019 0.048958 0.167593
0 0.576823 0.279630 0.074479 0.201852
0 0.676823 0.351389 0.093229 0.073148
0 0.655729 0.237500 0.076042 0.100926
0 0.598177 0.183796 0.046354 0.080556
0 0.526042 0.131481 0.061458 0.096296
0 0.479167 0.414815 0.053125 0.118519
0 0.400260 0.323611 0.090104 0.099074
0 0.929167 0.246296 0.141667 0.140741
0 0.751042 0.320370 0.062500 0.135185
0 0.892448 0.354167 0.052604 0.171296
0 0.415365 0.093056 0.052604 0.062037
