0 0.907292 0.776389 0.153125 0.141667
0 0.923177 0.835185 0.042188 0.177778
0 0.854688 0.670833 0.056250 0.095370
0 0.870573 0.563889 0.148438 0.148148
0 0.232292 0.679167 0.232292 0.169444
0 0.072656 0.930093 0.144271 0.139815
0 0.334896 0.470833 0.120833 0.136111
0 0.386198 0.631019 0.109896 0.099074
0 0.567708 0.492593 0.064583 0.105556
0 0.577083 0.409259 0.068750 0.101852
0 0.511979 0.412500 0.056250 0.080556
0 0.701302 0.075000 0.085938 0.138889
0 0.736198 0.291204 0.061979 0.075000
0 0.642188 0.226852 0.075000 0.070370
0 0.633854 0.161574 0.072917 0.060185
0 0.558854 0.158796 0.065625 0.037963
0 0.334896 0.160648 0.096875 0.080556
0 0.399479 0.128704 0.082292 0.062963
0 0.232031 0.249537 0.071354 0.069444
0 0.146094 0.231481 0.055729 0.038889
0 0.432552 0.331481 0.092188 0.081481
0 0.382031 0.376852 0.073438 0.066667
0 0.852083 0.392593 0.091667 0.062963
