0 0.166927 0.239815 0.164062 0.240741
0 0.169010 0.050926 0.150521 0.087037
0 0.424479 0.053704 0.112500 0.105556
0 0.419792 0.107870 0.076042 0.071296
0 0.326823 0.137037 0.051562 0.090741
0 0.709896 0.204167 0.059375 0.132407
0 0.680208 0.110648 0.034375 0.050926
0 0.666927 0.195370 0.040104 0.075926
0 0.659115 0.315741 0.080729 0.103704
0 0.661979 0.375926 0.064583 0.101852
0 0.759115 0.450463 0.093229 0.121296
0 0.774740 0.907407 0.171354 0.185185
0 0.933333 0.889815 0.133333 0.220370
0 0.900521 0.554167 0.098958 0.160185
0 0.848698 0.330093 0.034896 0.102778
0 0.905208 0.412037 0.062500 0.072222
0 0.962240 0.356019 0.061979 0.093519
0 0.568490 0.099074 0.114062 0.090741
