0 0.284635 0.621759 0.345313 0.182407
0 0.581250 0.847222 0.258333 0.285185
0 0.580469 0.829167 0.189062 0.265741
0 0.746354 0.804630 0.069792 0.314815
0 0.523958 0.430093 0.173958 0.173148
0 0.803385 0.712963 0.071354 0.159259
0 0.965365 0.862500 0.069271 0.173148
0 0.883854 0.795370 0.108333 0.140741
0 0.905469 0.644907 0.080729 0.136111
0 0.842187 0.598148 0.045833 0.075926
0 0.781771 0.474074 0.152083 0.088889
0 0.915365 0.331019 0.055729 0.097222
0 0.857552 0.312500 0.056771 0.110185
0 0.694271 0.262963 0.057292 0.116667
0 0.714583 0.091667 0.073958 0.075926
0 0.652083 0.119444 0.065625 0.057407
0 0.532552 0.104630 0.078646 0.157407
0 0.403385 0.271759 0.092188 0.150926
0 0.390625 0.223148 0.165625 0.120370
0 0.322135 0.350463 0.092188 0.093519
0 0.261198 0.319444 0.080729 0.068519
0 0.234896 0.221296 0.098958 0.075926
0 0.284115 0.191667 0.051562 0.059259
0 0.588281 0.317130 0.075521 0.065741
