0 0.515885 0.123611 0.184896 0.184259
0 0.095833 0.121759 0.187500 0.206481
0 0.816667 0.574537 0.068750 0.208333
0 0.923177 0.860185 0.153646 0.227778
0 0.945052 0.536574 0.109896 0.178704
0 0.672917 0.428704 0.109375 0.087037
0 0.715625 0.380556 0.081250 0.111111
0 0.766927 0.435185 0.040104 0.081481
0 0.618229 0.360648 0.060417 0.117593
0 0.696615 0.191667 0.059896 0.100000
0 0.589323 0.257870 0.045312 0.100926
0 0.952865 0.462500 0.094271 0.123148
0 0.875260 0.337037 0.119271 0.092593
0 0.935417 0.120370 0.095833 0.083333
0 0.865625 0.198611 0.073958 0.071296
0 0.820312 0.270833 0.047917 0.078704
