0 0.113021 0.828241 0.225000 0.213889
0 0.086198 0.961111 0.142187 0.077778
0 0.451823 0.769907 0.083854 0.349074
0 0.599479 0.555556 0.171875 0.374074
0 0.498958 0.535185 0.119792 0.192593
0 0.439844 0.431481 0.093229 0.153704
0 0.402083 0.368519 0.043750 0.127778
0 0.257552 0.468981 0.141146 0.321296
0 0.136979 0.100926 0.238542 0.162963
0 0.346875 0.150926 0.098958 0.124074
0 0.407813 0.172222 0.057292 0.096296
0 0.478646 0.303704 0.085417 0.162963
0 0.523698 0.152778 0.145313 0.150000
0 0.289844 0.037037 0.123438 0.072222
0 0.484635 0.051852 0.092188 0.083333
0 0.561719 0.051852 0.096354 0.074074
0 0.646094 0.148611 0.101562 0.086111
0 0.575260 0.302778 0.113021 0.150000
0 0.705208 0.340741 0.165625 0.137037
0 0.753385 0.535648 0.133854 0.130556
0 0.593229 0.527315 0.167708 0.093519
0 0.926302 0.462963 0.147396 0.181481
0 0.940365 0.585185 0.119271 0.105556
0 0.832552 0.131019 0.139063 0.100926
0 0.814844 0.212963 0.091146 0.116667
0 0.874219 0.379167 0.114062 0.080556
