0 0.852865 0.523148 0.294271 0.296296
0 0.585938 0.319444 0.232292 0.283333
0 0.414323 0.264815 0.132812 0.196296
0 0.465104 0.163889 0.098958 0.120370
0 0.558594 0.156944 0.086979 0.110185
0 0.642448 0.225463 0.076563 0.076852
0 0.746875 0.331481 0.068750 0.151852
0 0.913281 0.378241 0.173437 0.141667
0 0.853646 0.309259 0.088542 0.057407
0 0.894531 0.285648 0.107813 0.089815
0 0.704427 0.151389 0.105729 0.078704
0 0.729427 0.218519 0.080729 0.053704
0 0.535156 0.118981 0.132812 0.141667
0 0.352865 0.095370 0.082812 0.148148
