0 0.482031 0.406481 0.271354 0.225926
0 0.438281 0.676389 0.074479 0.215741
0 0.597135 0.799074 0.128646 0.298148
0 0.933854 0.218519 0.109375 0.122222
0 0.876563 0.308333 0.109375 0.118519
0 0.617969 0.192130 0.144271 0.110185
0 0.395833 0.210648 0.183333 0.171296
0 0.453646 0.142130 0.072917 0.071296
0 0.338802 0.155556 0.075521 0.087037
0 0.195052 0.060648 0.190104 0.117593
0 0.070312 0.274074 0.133333 0.135185
0 0.132292 0.209722 0.094792 0.073148
0 0.217188 0.260648 0.114583 0.165741
0 0.328646 0.295370 0.082292 0.142593
0 0.088281 0.093519 0.113021 0.079630
