0 0.479948 0.766667 0.138021 0.294444
0 0.241667 0.768056 0.189583 0.300926
0 0.186979 0.608796 0.126042 0.134259
0 0.389323 0.528704 0.051562 0.135185
0 0.300781 0.481944 0.089063 0.126852
0 0.545052 0.637500 0.115104 0.243519
0 0.714844 0.884259 0.110937 0.201852
0 0.786198 0.821759 0.161979 0.160185
0 0.937240 0.789815 0.125521 0.277778
0 0.637500 0.640278 0.121875 0.189815
0 0.927604 0.585648 0.079167 0.097222
0 0.848177 0.480093 0.113021 0.117593
0 0.794010 0.406944 0.067187 0.063889
0 0.732292 0.526852 0.042708 0.138889
0 0.657813 0.456019 0.052083 0.108333
0 0.668750 0.610185 0.076042 0.105556
0 0.533073 0.344907 0.057813 0.141667
0 0.480729 0.376389 0.065625 0.110185
0 0.145313 0.330093 0.139583 0.145370
0 0.094010 0.203704 0.139063 0.124074
0 0.272917 0.244444 0.101042 0.131481
0 0.307552 0.137963 0.066146 0.114815
0 0.428906 0.388889 0.100521 0.120370
0 0.598958 0.355093 0.027083 0.113889
0 0.624219 0.217130 0.060937 0.062037
0 0.429688 0.261111 0.080208 0.101852
